Car 0.0000 0.0000 0.0000 359.0000 183.0000 523.0000 313.0000 1.5468 1.6039 3.4323 -2.2774 1.6865 10.4332 1.5626 0.9997
Car 0.0000 0.0000 0.0000 716.0000 185.0000 810.0000 254.0000 1.5285 1.5854 3.2830 3.7271 1.8200 18.0174 1.5545 0.9997
Car 0.0000 0.0000 0.0000 567.0000 181.0000 616.0000 220.0000 1.5067 1.6397 4.0397 -0.6775 1.8145 30.1823 1.5708 0.9996
Car 0.0000 0.0000 0.0000 -809.0000 202.0000 364.0000 845.0000 1.5028 1.6225 3.8998 -2.8720 1.7195 3.7901 1.5708 0.9993
Car 0.0000 0.0000 0.0000 396.0000 177.0000 520.0000 222.0000 1.4670 1.5962 3.7370 -5.0618 1.5738 24.2539 0.1590 0.9991
Car 0.0000 0.0000 0.0000 685.0000 179.0000 713.0000 200.0000 1.5065 1.6119 3.7377 6.8468 1.8825 54.2210 -1.3307 0.9987
Car 0.0000 0.0000 0.0000 908.0000 31.0000 3708.0000 1406.0000 1.5065 1.5874 3.5804 2.5617 1.3698 2.5848 1.5708 0.9975
Car 0.0000 0.0000 0.0000 501.0000 169.0000 579.0000 197.0000 1.5551 1.6589 4.1463 -3.9126 1.2972 41.3514 0.1501 0.9964
Car 0.0000 0.0000 0.0000 596.0000 176.0000 628.0000 206.0000 1.4977 1.5877 3.7287 0.1357 1.6208 38.0545 1.5643 0.9929
Car 0.0000 0.0000 0.0000 699.0000 183.0000 766.0000 237.0000 1.5052 1.6168 3.8384 3.7501 1.8212 22.5371 1.5708 0.9734
