Car 0.0000 0.0000 0.0000 324.0000 178.0000 621.0000 362.0000 1.5086 1.6343 3.9841 -1.2126 1.5589 8.0274 -1.2913 0.9996
Car 0.0000 0.0000 0.0000 594.0000 176.0000 732.0000 263.0000 1.5022 1.5751 3.4454 1.1507 1.5437 14.2437 -1.1267 0.9996
Car 0.0000 0.0000 0.0000 -1046.0000 189.0000 423.0000 1123.0000 1.5075 1.6081 3.7562 -2.6407 1.6100 3.2399 -1.2531 0.9995
Car 0.0000 0.0000 0.0000 884.0000 179.0000 958.0000 239.0000 1.5107 1.5832 3.4453 8.6938 1.6744 20.3414 -1.2577 0.9992
Car 0.0000 0.0000 0.0000 738.0000 173.0000 783.0000 208.0000 1.5113 1.6204 3.8766 6.9644 1.4743 33.4332 -1.4643 0.9991
Car 0.0000 0.0000 0.0000 940.0000 180.0000 1335.0000 432.0000 1.5027 1.5820 3.5489 4.0325 1.5745 6.2612 -1.3048 0.9981
Car 0.0000 0.0000 0.0000 601.0000 170.0000 704.0000 210.0000 1.5092 1.6002 3.7978 1.7127 1.3766 28.2951 0.2502 0.9898
Car 0.0000 0.0000 0.0000 768.0000 174.0000 811.0000 203.0000 1.5218 1.6202 3.8674 10.1545 1.5657 40.6899 1.5708 0.9890
Car 0.0000 0.0000 0.0000 854.0000 181.0000 932.0000 228.0000 1.4961 1.6003 3.8276 9.7081 1.7456 24.9260 -1.4455 0.9866
Car 0.0000 0.0000 0.0000 864.0000 174.0000 887.0000 194.0000 1.5093 1.6033 3.8440 20.3653 1.5153 54.9828 -1.2334 0.9773
