Car 0.0000 0.0000 0.0000 427.0000 180.0000 528.0000 259.0000 1.5237 1.6253 3.7220 -2.8115 1.6681 15.9278 1.5478 0.9997
Car 0.0000 0.0000 0.0000 235.0000 185.0000 316.0000 228.0000 1.5200 1.6406 4.0225 -12.7568 1.9495 27.7457 1.4662 0.9994
Car 0.0000 0.0000 0.0000 186.0000 188.0000 222.0000 206.0000 1.4972 1.6053 3.8903 -36.0201 2.7345 64.1293 1.3820 0.9972
Car 0.0000 0.0000 0.0000 664.0000 176.0000 710.0000 212.0000 1.5040 1.6260 4.0497 3.5293 1.6302 33.1207 1.5706 0.9965
Car 0.0000 0.0000 0.0000 -414.0000 189.0000 35.0000 345.0000 1.4998 1.6091 3.9341 -9.6582 1.7219 9.2233 1.4856 0.9963
Car 0.0000 0.0000 0.0000 581.0000 178.0000 608.0000 202.0000 1.4974 1.6051 3.9651 -0.9586 1.7610 46.7445 1.5301 0.9959
Car 0.0000 0.0000 0.0000 390.0000 181.0000 419.0000 201.0000 1.4932 1.6148 4.0089 -15.9831 2.0130 56.5441 1.4532 0.9949
Car 0.0000 0.0000 0.0000 207.0000 188.0000 238.0000 204.0000 1.4965 1.6046 3.8426 -36.8189 2.8294 68.7265 1.3816 0.9935
Car 0.0000 0.0000 0.0000 659.0000 175.0000 682.0000 195.0000 1.4922 1.6013 3.8947 4.9237 1.5885 57.1034 -1.4344 0.9929
Car 0.0000 0.0000 0.0000 12.0000 190.0000 85.0000 221.0000 1.4942 1.6071 3.9476 -30.1920 2.4124 38.9125 1.3335 0.9924
Car 0.0000 0.0000 0.0000 90.0000 184.0000 152.0000 213.0000 1.5105 1.6175 4.0180 -27.4407 2.0749 40.5798 1.3218 0.9924
Car 0.0000 0.0000 0.0000 418.0000 172.0000 459.0000 198.0000 1.5178 1.6114 3.9468 -10.4707 1.4320 44.4291 1.5603 0.9923
Car 0.0000 0.0000 0.0000 336.0000 177.0000 372.0000 199.0000 1.4964 1.6076 3.9534 -18.3553 1.7163 51.9897 1.4606 0.9920
Car 0.0000 0.0000 0.0000 109.0000 190.0000 166.0000 215.0000 1.4946 1.6047 3.9240 -30.8071 2.6100 47.1979 1.4307 0.9918
Car 0.0000 0.0000 0.0000 493.0000 184.0000 529.0000 210.0000 1.5031 1.6302 4.0476 -6.1138 2.1629 45.3779 1.5708 0.9913
Car 0.0000 0.0000 0.0000 325.0000 173.0000 412.0000 223.0000 1.7262 1.7106 4.3309 -9.0488 1.7306 27.4354 1.5708 0.9895
Car 0.0000 0.0000 0.0000 1108.0000 155.0000 1234.0000 198.0000 1.5168 1.6155 4.0225 21.5914 0.8554 27.8755 1.5352 0.9855
Car 0.0000 0.0000 0.0000 40.0000 190.0000 90.0000 216.0000 1.4838 1.5831 3.7915 -34.4186 2.5394 45.6130 1.1887 0.9832
Car 0.0000 0.0000 0.0000 -71.0000 177.0000 29.0000 210.0000 1.6446 1.6588 4.0255 -33.1723 1.7960 38.0316 1.5708 0.9820
Car 0.0000 0.0000 0.0000 631.0000 179.0000 656.0000 202.0000 1.4974 1.6028 3.8740 2.3948 1.8401 49.3871 1.5708 0.9801
