Car 0.0000 0.0000 0.0000 -65.0000 193.0000 247.0000 331.0000 1.5044 1.6356 4.0761 -7.0805 1.8284 10.3882 1.5558 0.9997
Car 0.0000 0.0000 0.0000 580.0000 174.0000 601.0000 195.0000 1.8721 1.7541 4.3047 -1.6272 1.8726 64.9937 1.5708 0.9990
Car 0.0000 0.0000 0.0000 -166.0000 189.0000 65.0000 272.0000 1.5088 1.6016 3.7913 -13.9627 1.8604 15.5194 1.5455 0.9982
Car 0.0000 0.0000 0.0000 297.0000 186.0000 329.0000 204.0000 1.4963 1.6055 3.8954 -27.6372 2.6911 67.4600 1.5144 0.9948
Car 0.0000 0.0000 0.0000 84.0000 176.0000 175.0000 212.0000 1.4976 1.6098 3.9595 -21.5633 1.6047 32.5338 1.5274 0.9888
Car 0.0000 0.0000 0.0000 328.0000 194.0000 361.0000 214.0000 1.5061 1.6271 3.9240 -22.1989 3.2245 60.5918 1.4929 0.9732
Car 0.0000 0.0000 0.0000 170.0000 186.0000 267.0000 233.0000 1.5084 1.6170 3.8591 -14.0287 1.9756 26.0966 1.5087 0.9663
Car 0.0000 0.0000 0.0000 -1761.0000 194.0000 -1148.0000 290.0000 1.5635 1.6920 4.1295 -41.1802 2.0158 14.6719 1.1204 0.9638
Car 0.0000 0.0000 0.0000 12.0000 184.0000 57.0000 207.0000 1.5635 1.6920 4.1295 -41.1700 2.2929 51.6804 1.1204 0.9637
Car 0.0000 0.0000 0.0000 -1099.0000 191.0000 -757.0000 259.0000 1.5635 1.6920 4.1295 -41.1789 2.0519 19.4990 1.1204 0.9637
Car 0.0000 0.0000 0.0000 -52.0000 184.0000 3.0000 210.0000 1.5635 1.6920 4.1294 -41.1714 2.2567 46.8531 1.1204 0.9636
Car 0.0000 0.0000 0.0000 65.0000 184.0000 103.0000 205.0000 1.5635 1.6920 4.1294 -41.1687 2.3290 56.5075 1.1204 0.9636
Car 0.0000 0.0000 0.0000 440.0000 184.0000 469.0000 202.0000 1.5057 1.6030 3.8167 -13.2222 2.3615 61.7770 1.5708 0.9634
Car 0.0000 0.0000 0.0000 -726.0000 189.0000 -509.0000 241.0000 1.5636 1.6920 4.1294 -41.1775 2.0880 24.3260 1.1204 0.9633
Car 0.0000 0.0000 0.0000 -132.0000 185.0000 -62.0000 214.0000 1.5638 1.6920 4.1288 -41.1726 2.2201 42.0249 1.1204 0.9618
Car 0.0000 0.0000 0.0000 109.0000 183.0000 141.0000 203.0000 1.5639 1.6919 4.1286 -41.1673 2.3645 61.3333 1.1203 0.9609
