Car 0.0000 0.0000 0.0000 470.0000 182.0000 532.0000 236.0000 1.5327 1.6261 3.5255 -3.3800 1.8164 22.8310 1.5104 0.9999
Car 0.0000 0.0000 0.0000 688.0000 177.0000 798.0000 258.0000 1.5170 1.6270 3.8818 2.7180 1.6031 15.5576 1.5700 0.9997
Car 0.0000 0.0000 0.0000 736.0000 176.0000 948.0000 317.0000 1.5334 1.6172 3.6578 2.8457 1.5751 9.7431 1.5544 0.9995
Car 0.0000 0.0000 0.0000 823.0000 162.0000 1759.0000 688.0000 1.6200 1.6697 4.1238 2.6815 1.6065 4.2901 1.5708 0.9988
Car 0.0000 0.0000 0.0000 632.0000 159.0000 664.0000 188.0000 1.8393 1.7755 4.6626 2.6023 0.9082 48.8607 1.5396 0.9987
Car 0.0000 0.0000 0.0000 648.0000 175.0000 691.0000 211.0000 1.5191 1.6113 3.6890 2.7540 1.5852 32.1639 -1.4041 0.9985
Car 0.0000 0.0000 0.0000 634.0000 179.0000 664.0000 205.0000 1.5023 1.6060 3.7991 2.3823 1.7779 42.4528 -1.4762 0.9970
Car 0.0000 0.0000 0.0000 663.0000 179.0000 724.0000 229.0000 1.5153 1.6221 3.9062 2.6908 1.6869 23.8152 1.5708 0.9960
Car 0.0000 0.0000 0.0000 522.0000 175.0000 564.0000 208.0000 1.4957 1.5946 3.8065 -3.0883 1.5561 34.3693 1.5708 0.9870
Car 0.0000 0.0000 0.0000 620.0000 173.0000 642.0000 193.0000 1.5033 1.5890 3.7417 1.7441 1.4569 57.4450 1.5598 0.9627
