Car 0.0000 0.0000 0.0000 837.0000 182.0000 911.0000 242.0000 1.5201 1.5883 3.3730 7.3008 1.7473 20.1533 -1.3162 0.9997
Car 0.0000 0.0000 0.0000 219.0000 182.0000 572.0000 398.0000 1.5014 1.5964 3.6716 -1.7561 1.5962 7.0474 -1.2961 0.9996
Car 0.0000 0.0000 0.0000 536.0000 173.0000 671.0000 265.0000 1.5115 1.6035 3.5889 0.0078 1.5119 13.7057 -1.2862 0.9994
Car 0.0000 0.0000 0.0000 -4778.0000 200.0000 324.0000 3961.0000 1.5103 1.6203 3.9143 -2.8435 1.6577 2.3766 -1.3953 0.9991
Car 0.0000 0.0000 0.0000 900.0000 185.0000 1329.0000 459.0000 1.5081 1.5791 3.4716 3.5526 1.6259 5.9031 -1.3817 0.9991
Car 0.0000 0.0000 0.0000 678.0000 173.0000 733.0000 210.0000 1.5764 1.6829 4.4779 4.3762 1.5639 33.3276 1.5177 0.9989
Car 0.0000 0.0000 0.0000 814.0000 182.0000 877.0000 230.0000 1.4967 1.6064 3.8063 8.0564 1.7785 24.8350 -1.3661 0.9940
Car 0.0000 0.0000 0.0000 809.0000 171.0000 833.0000 191.0000 1.5054 1.6068 3.8492 16.4228 1.2747 55.6974 -1.3313 0.9900
Car 0.0000 0.0000 0.0000 732.0000 171.0000 767.0000 199.0000 1.4931 1.5653 3.5282 7.8931 1.3390 40.2037 -1.2838 0.9842
Car 0.0000 0.0000 0.0000 551.0000 169.0000 656.0000 210.0000 1.4926 1.6032 3.8063 -0.1719 1.3344 27.4321 0.1111 0.9805
