Car 0.0000 0.0000 0.0000 156.0000 184.0000 303.0000 266.0000 1.5463 1.6012 3.2565 -8.0347 1.7724 15.4941 1.5039 0.9998
Car 0.0000 0.0000 0.0000 449.0000 180.0000 509.0000 228.0000 1.5252 1.6534 3.9856 -4.5159 1.7518 25.3502 1.4999 0.9997
Car 0.0000 0.0000 0.0000 576.0000 180.0000 606.0000 208.0000 1.5175 1.6233 3.6869 -1.0355 1.8441 41.1364 1.5423 0.9997
Car 0.0000 0.0000 0.0000 -231.0000 187.0000 168.0000 342.0000 1.5261 1.6634 4.3608 -7.9791 1.7255 9.6014 1.5013 0.9993
Car 0.0000 0.0000 0.0000 494.0000 181.0000 527.0000 212.0000 1.4951 1.6017 3.8494 -5.0890 1.8632 37.2760 1.4432 0.9976
Car 0.0000 0.0000 0.0000 258.0000 122.0000 451.0000 268.0000 2.1610 1.8720 4.8000 -4.3431 1.4118 13.1224 1.5567 0.9972
Car 0.0000 0.0000 0.0000 531.0000 180.0000 555.0000 200.0000 1.5081 1.6055 3.8105 -5.1058 1.9617 56.4987 1.5557 0.9970
Car 0.0000 0.0000 0.0000 168.0000 170.0000 266.0000 219.0000 1.5049 1.5973 3.8201 -13.2017 1.3989 24.4624 1.4551 0.9956
Car 0.0000 0.0000 0.0000 506.0000 183.0000 533.0000 207.0000 1.5004 1.6159 3.9380 -5.8968 2.0722 47.3555 1.4229 0.9955
Car 0.0000 0.0000 0.0000 448.0000 183.0000 484.0000 209.0000 1.5048 1.6149 3.9313 -9.0776 2.1242 46.1086 1.5483 0.9942
Car 0.0000 0.0000 0.0000 596.0000 186.0000 617.0000 205.0000 1.5008 1.6180 3.9911 -0.1528 2.5672 61.3321 1.5708 0.9865
Car 0.0000 0.0000 0.0000 226.0000 187.0000 280.0000 218.0000 1.5013 1.6024 3.8561 -18.8443 2.2232 38.2479 1.3715 0.9765
Car 0.0000 0.0000 0.0000 646.0000 186.0000 668.0000 206.0000 1.4914 1.6023 3.8526 3.8325 2.4438 56.8087 -1.4835 0.9712
Car 0.0000 0.0000 0.0000 614.0000 181.0000 690.0000 211.0000 1.5114 1.6242 4.0299 2.3632 1.9184 38.8469 -0.6641 0.9704
