Car 0.0000 0.0000 0.0000 388.0000 136.0000 495.0000 221.0000 1.5489 1.6208 3.5400 -3.4131 0.8712 15.0900 1.5036 0.9998
Car 0.0000 0.0000 0.0000 233.0000 184.0000 362.0000 253.0000 1.5130 1.6314 3.8209 -7.5989 1.7688 17.8973 1.5424 0.9997
Car 0.0000 0.0000 0.0000 362.0000 180.0000 431.0000 224.0000 1.5130 1.6288 3.8020 -7.9535 1.7540 27.1653 1.5219 0.9996
Car 0.0000 0.0000 0.0000 470.0000 178.0000 522.0000 218.0000 1.5240 1.5997 3.4420 -4.6697 1.7133 29.9826 1.5708 0.9996
Car 0.0000 0.0000 0.0000 580.0000 180.0000 618.0000 212.0000 1.5170 1.6201 3.7558 -0.4640 1.8565 36.8284 1.5708 0.9995
Car 0.0000 0.0000 0.0000 202.0000 184.0000 298.0000 231.0000 1.5090 1.6279 3.8867 -12.6563 1.8880 25.6083 1.5161 0.9994
Car 0.0000 0.0000 0.0000 -3203.0000 211.0000 219.0000 1792.0000 1.5118 1.6176 3.8660 -3.3631 1.7429 2.7111 1.5596 0.9992
Car 0.0000 0.0000 0.0000 -110.0000 186.0000 118.0000 274.0000 1.5181 1.6197 3.8284 -12.1602 1.7859 14.7727 1.5148 0.9992
Car 0.0000 0.0000 0.0000 517.0000 164.0000 551.0000 199.0000 2.0988 1.8372 4.8081 -4.6463 1.5182 45.2850 1.5310 0.9966
Car 0.0000 0.0000 0.0000 455.0000 172.0000 490.0000 198.0000 1.5240 1.6363 4.0148 -8.5411 1.4309 45.4545 1.5266 0.9959
