Car 0.0000 0.0000 0.0000 -99.0000 189.0000 311.0000 317.0000 1.4709 1.6836 4.2520 -6.4383 1.7006 9.4689 0.0117 1.0000
Car 0.0000 0.0000 0.0000 183.0000 184.0000 408.0000 261.0000 1.4889 1.6436 3.9953 -6.4672 1.7189 15.0380 0.0463 0.9998
Car 0.0000 0.0000 0.0000 737.0000 171.0000 945.0000 301.0000 1.6177 1.6851 4.1044 3.2617 1.6022 11.1160 1.5221 0.9997
Car 0.0000 0.0000 0.0000 671.0000 180.0000 742.0000 228.0000 1.5126 1.6262 3.8048 3.2626 1.7171 24.8788 1.4939 0.9997
Car 0.0000 0.0000 0.0000 299.0000 176.0000 469.0000 236.0000 1.5374 1.6491 4.0672 -6.0706 1.6120 19.5957 0.0555 0.9993
Car 0.0000 0.0000 0.0000 827.0000 180.0000 1283.0000 433.0000 1.5156 1.6181 3.6794 3.2226 1.5782 6.2081 1.5648 0.9988
Car 0.0000 0.0000 0.0000 356.0000 184.0000 499.0000 237.0000 1.5426 1.6289 3.9315 -5.5769 1.8616 22.2386 0.1621 0.9976
Car 0.0000 0.0000 0.0000 724.0000 174.0000 764.0000 206.0000 1.5109 1.6123 3.8120 6.6072 1.5232 35.5724 -1.4669 0.9967
Car 0.0000 0.0000 0.0000 410.0000 174.0000 515.0000 214.0000 1.5634 1.6244 3.9509 -6.0036 1.5897 29.6881 0.1114 0.9960
Car 0.0000 0.0000 0.0000 716.0000 180.0000 813.0000 215.0000 1.5086 1.6481 4.0551 6.8008 1.7768 31.8231 0.1549 0.9887
Car 0.0000 0.0000 0.0000 444.0000 162.0000 529.0000 192.0000 1.5474 1.6577 4.1878 -6.5336 0.9254 38.5625 0.0978 0.9879
Car 0.0000 0.0000 0.0000 129.0000 166.0000 282.0000 238.0000 1.5144 1.5956 3.7383 -9.4988 1.3678 17.2560 1.5630 0.9651
