Car 0.0000 0.0000 0.0000 362.0000 190.0000 450.0000 246.0000 1.5141 1.6252 3.8213 -6.2392 2.0570 22.4706 1.5708 0.9998
Car 0.0000 0.0000 0.0000 37.0000 199.0000 144.0000 243.0000 1.5269 1.6689 4.0581 -20.9327 2.6068 29.2568 1.4996 0.9997
Car 0.0000 0.0000 0.0000 662.0000 177.0000 720.0000 222.0000 1.5167 1.6321 3.8789 2.8716 1.6245 26.0631 1.5659 0.9996
Car 0.0000 0.0000 0.0000 412.0000 189.0000 483.0000 232.0000 1.5116 1.6459 4.1264 -6.1934 2.1164 28.0420 1.5708 0.9995
Car 0.0000 0.0000 0.0000 -8.0000 204.0000 102.0000 247.0000 1.5123 1.6713 4.2307 -23.4988 2.8388 30.2533 1.4733 0.9995
Car 0.0000 0.0000 0.0000 466.0000 182.0000 510.0000 214.0000 1.5050 1.6305 4.0281 -6.0256 1.9165 36.2034 1.5485 0.9989
Car 0.0000 0.0000 0.0000 108.0000 198.0000 204.0000 241.0000 1.5031 1.6348 3.9587 -18.3231 2.5561 29.3011 1.4959 0.9989
Car 0.0000 0.0000 0.0000 516.0000 190.0000 543.0000 212.0000 1.5005 1.6235 3.9102 -5.7588 2.6920 52.8422 1.5414 0.9983
Car 0.0000 0.0000 0.0000 1063.0000 137.0000 1164.0000 176.0000 1.7532 1.7167 4.1581 24.6284 0.0712 35.3308 1.4499 0.9931
Car 0.0000 0.0000 0.0000 533.0000 182.0000 553.0000 199.0000 1.5183 1.6120 3.8709 -6.1679 2.2690 68.4965 1.5524 0.9899
