Car 0.0000 0.0000 0.0000 164.0000 202.0000 373.0000 313.0000 1.5186 1.6667 4.1376 -5.8375 2.0941 12.8788 1.5708 0.9999
Car 0.0000 0.0000 0.0000 324.0000 191.0000 428.0000 264.0000 1.5880 1.7097 4.4259 -5.9565 2.0667 18.8102 1.4610 0.9998
Car 0.0000 0.0000 0.0000 814.0000 156.0000 958.0000 204.0000 1.5419 1.6780 4.2943 9.4061 0.9879 24.7478 0.0496 0.9996
Car 0.0000 0.0000 0.0000 388.0000 187.0000 463.0000 241.0000 1.5272 1.6568 4.0777 -5.8561 1.9659 23.2627 1.4948 0.9996
Car 0.0000 0.0000 0.0000 475.0000 188.0000 518.0000 221.0000 1.5042 1.6312 3.9647 -5.6276 2.2618 36.3972 1.5471 0.9990
Car 0.0000 0.0000 0.0000 666.0000 175.0000 712.0000 213.0000 1.5088 1.6223 3.8896 3.3598 1.5751 30.8580 1.5708 0.9989
Car 0.0000 0.0000 0.0000 201.0000 188.0000 239.0000 212.0000 1.5040 1.6263 4.0101 -26.7713 2.4935 49.6996 1.2539 0.9986
Car 0.0000 0.0000 0.0000 435.0000 192.0000 492.0000 236.0000 1.5188 1.6509 4.0870 -5.7740 2.3015 28.9262 1.5265 0.9983
Car 0.0000 0.0000 0.0000 774.0000 171.0000 866.0000 207.0000 1.4247 1.5713 3.6466 8.8418 1.3003 30.1336 -0.4894 0.9979
Car 0.0000 0.0000 0.0000 657.0000 177.0000 695.0000 209.0000 1.4915 1.6005 3.8411 3.4337 1.6666 36.3781 -1.3893 0.9975
Car 0.0000 0.0000 0.0000 463.0000 174.0000 486.0000 194.0000 1.6067 1.6581 4.0507 -11.4068 1.6155 61.4182 1.4449 0.9969
Car 0.0000 0.0000 0.0000 721.0000 177.0000 750.0000 203.0000 1.4863 1.5977 3.8546 7.7134 1.6906 43.6085 -1.3691 0.9965
Car 0.0000 0.0000 0.0000 963.0000 157.0000 1037.0000 189.0000 1.5326 1.6107 3.8354 19.6400 0.7228 36.3657 1.5627 0.9957
Car 0.0000 0.0000 0.0000 635.0000 179.0000 656.0000 197.0000 1.4897 1.5931 3.8614 3.1402 1.8759 60.4600 1.5708 0.9939
Car 0.0000 0.0000 0.0000 802.0000 160.0000 926.0000 204.0000 1.5638 1.6426 4.2810 9.6799 1.0997 27.3956 0.4693 0.9928
Car 0.0000 0.0000 0.0000 997.0000 171.0000 1129.0000 216.0000 1.5334 1.6281 3.9277 16.4046 1.4562 26.2364 0.5177 0.9895
Car 0.0000 0.0000 0.0000 1104.0000 155.0000 1234.0000 191.0000 1.4354 1.6087 3.9063 23.1294 0.6934 29.8771 0.2584 0.9890
Car 0.0000 0.0000 0.0000 248.0000 183.0000 302.0000 213.0000 1.4976 1.5966 3.8600 -17.6301 1.9682 38.1721 1.4229 0.9762
Car 0.0000 0.0000 0.0000 229.0000 170.0000 293.0000 224.0000 1.5248 1.6369 3.9694 -10.9543 1.4228 22.4859 1.0825 0.9749
