Car 0.0000 0.0000 0.0000 723.0000 181.0000 853.0000 225.0000 1.4714 1.6732 4.2003 6.2582 1.7357 25.5165 0.0424 0.9999
Car 0.0000 0.0000 0.0000 673.0000 180.0000 751.0000 241.0000 1.5440 1.6266 3.5654 2.8137 1.7366 20.4551 1.5545 0.9998
Car 0.0000 0.0000 0.0000 -55.0000 171.0000 310.0000 292.0000 1.5585 1.6737 4.1900 -6.7569 1.5532 10.2825 0.0638 0.9998
Car 0.0000 0.0000 0.0000 778.0000 178.0000 1160.0000 409.0000 1.5455 1.6127 3.4588 2.8393 1.5964 6.6414 1.5058 0.9997
Car 0.0000 0.0000 0.0000 425.0000 169.0000 519.0000 201.0000 1.5873 1.7121 4.4860 -7.0676 1.3432 37.2802 0.0564 0.9995
Car 0.0000 0.0000 0.0000 210.0000 185.0000 427.0000 260.0000 1.5078 1.6459 4.0576 -6.2327 1.7702 15.6378 0.0427 0.9992
Car 0.0000 0.0000 0.0000 632.0000 179.0000 659.0000 200.0000 1.5006 1.6333 4.0311 2.7182 1.8844 54.2900 1.5210 0.9990
Car 0.0000 0.0000 0.0000 95.0000 186.0000 365.0000 277.0000 1.5294 1.6496 4.1084 -6.8273 1.7706 13.1469 0.0668 0.9982
Car 0.0000 0.0000 0.0000 445.0000 181.0000 496.0000 222.0000 1.5010 1.6422 4.2501 -5.4952 1.8010 28.8954 1.4704 0.9976
Car 0.0000 0.0000 0.0000 -177.0000 206.0000 292.0000 375.0000 1.5384 1.6541 4.0623 -5.8806 1.9353 7.8594 0.1115 0.9974
Car 0.0000 0.0000 0.0000 278.0000 180.0000 467.0000 246.0000 1.5253 1.6631 4.1682 -5.8594 1.7071 17.9789 0.0999 0.9960
Car 0.0000 0.0000 0.0000 -385.0000 210.0000 179.0000 471.0000 1.5062 1.6060 3.8586 -5.6590 1.8308 5.7274 0.3155 0.9954
Car 0.0000 0.0000 0.0000 305.0000 180.0000 469.0000 237.0000 1.5380 1.6530 4.1413 -6.2588 1.7274 20.5062 0.0488 0.9949
Car 0.0000 0.0000 0.0000 349.0000 168.0000 463.0000 218.0000 1.4779 1.5934 3.7831 -6.5978 1.3340 23.1951 0.6638 0.9929
Car 0.0000 0.0000 0.0000 523.0000 178.0000 556.0000 200.0000 1.4994 1.5936 3.7890 -4.7526 1.7587 49.8210 -1.4675 0.9895
