Car 0.0000 0.0000 0.0000 94.0000 190.0000 381.0000 286.0000 1.4515 1.6470 4.0206 -6.1774 1.7548 12.1829 0.0234 0.9999
Car 0.0000 0.0000 0.0000 648.0000 179.0000 706.0000 225.0000 1.5200 1.6350 3.8152 2.3491 1.7106 25.8891 1.5571 0.9998
Car 0.0000 0.0000 0.0000 690.0000 182.0000 795.0000 258.0000 1.5175 1.5965 3.5002 2.9094 1.7249 16.4895 1.5242 0.9996
Car 0.0000 0.0000 0.0000 -295.0000 195.0000 191.0000 364.0000 1.5087 1.6065 3.7389 -6.7207 1.7604 7.5039 0.0695 0.9996
Car 0.0000 0.0000 0.0000 465.0000 185.0000 513.0000 223.0000 1.5008 1.6135 3.8812 -5.0844 1.9749 30.8905 1.5196 0.9986
Car 0.0000 0.0000 0.0000 420.0000 176.0000 513.0000 210.0000 1.5470 1.6552 4.1269 -6.8443 1.6693 34.8454 0.0631 0.9983
Car 0.0000 0.0000 0.0000 333.0000 182.0000 472.0000 230.0000 1.5121 1.6550 4.1425 -6.8663 1.8068 24.0654 0.0406 0.9982
Car 0.0000 0.0000 0.0000 278.0000 184.0000 452.0000 246.0000 1.5322 1.6506 4.0640 -6.4710 1.8287 19.2184 0.0848 0.9930
Car 0.0000 0.0000 0.0000 227.0000 174.0000 408.0000 241.0000 1.4976 1.5939 3.7709 -6.9323 1.5214 17.1564 0.2184 0.9867
Car 0.0000 0.0000 0.0000 637.0000 180.0000 671.0000 212.0000 1.5013 1.5933 3.7910 2.2731 1.8175 36.5908 1.5708 0.9694
Car 0.0000 0.0000 0.0000 493.0000 169.0000 524.0000 198.0000 1.5371 1.6186 3.9415 -5.7573 1.2992 41.0508 1.4123 0.9632
