Car 0.0000 0.0000 0.0000 431.0000 181.0000 503.0000 232.0000 1.5090 1.6380 3.9591 -4.5697 1.7352 23.5770 1.5452 0.9997
Car 0.0000 0.0000 0.0000 32.0000 188.0000 249.0000 292.0000 1.5257 1.6350 3.8772 -8.1695 1.8008 12.9488 1.4813 0.9996
Car 0.0000 0.0000 0.0000 268.0000 187.0000 439.0000 304.0000 1.6057 1.6804 4.2201 -4.1614 1.8563 12.3526 1.5053 0.9995
Car 0.0000 0.0000 0.0000 579.0000 180.0000 610.0000 210.0000 1.5066 1.6234 3.8640 -0.7705 1.8676 39.5012 1.5616 0.9994
Car 0.0000 0.0000 0.0000 253.0000 180.0000 337.0000 222.0000 1.5030 1.6256 3.9921 -12.3466 1.7587 28.5239 1.5559 0.9988
Car 0.0000 0.0000 0.0000 385.0000 181.0000 442.0000 218.0000 1.5031 1.6072 3.7834 -8.5485 1.8454 31.7190 1.5428 0.9988
Car 0.0000 0.0000 0.0000 479.0000 182.0000 520.0000 217.0000 1.4950 1.6177 3.9973 -5.0358 1.8759 33.3876 1.4816 0.9984
Car 0.0000 0.0000 0.0000 265.0000 181.0000 367.0000 239.0000 1.5101 1.6044 3.7140 -8.4560 1.7319 21.0606 1.5254 0.9984
Car 0.0000 0.0000 0.0000 513.0000 180.0000 547.0000 207.0000 1.5030 1.6051 3.8401 -4.6149 1.8928 42.7835 1.5689 0.9951
Car 0.0000 0.0000 0.0000 363.0000 182.0000 410.0000 210.0000 1.5050 1.6097 3.8995 -12.7689 1.9736 41.5405 1.5394 0.9906
Car 0.0000 0.0000 0.0000 419.0000 181.0000 461.0000 209.0000 1.4962 1.5953 3.8395 -9.4255 1.8769 40.3817 1.5268 0.9890
