Car 0.0000 0.0000 0.0000 661.0000 177.0000 782.0000 261.0000 1.5316 1.6132 3.4406 2.1933 1.6188 15.0770 1.4532 0.9998
Car 0.0000 0.0000 0.0000 611.0000 174.0000 690.0000 230.0000 1.5397 1.6344 3.6735 1.1611 1.5757 21.9723 1.4134 0.9997
Car 0.0000 0.0000 0.0000 319.0000 185.0000 416.0000 256.0000 1.5279 1.6014 3.4037 -5.8065 1.8030 17.5678 1.4431 0.9996
Car 0.0000 0.0000 0.0000 523.0000 179.0000 547.0000 198.0000 1.5110 1.6245 3.8395 -6.0385 1.9536 59.3345 1.5516 0.9996
Car 0.0000 0.0000 0.0000 566.0000 181.0000 605.0000 216.0000 1.5186 1.6241 3.7120 -1.1555 1.8726 34.0073 1.4915 0.9995
Car 0.0000 0.0000 0.0000 540.0000 180.0000 571.0000 206.0000 1.5025 1.6268 3.9776 -3.2572 1.8897 44.3258 1.5574 0.9992
Car 0.0000 0.0000 0.0000 798.0000 182.0000 1285.0000 464.0000 1.5834 1.6441 3.8753 2.9781 1.6658 6.0887 1.5283 0.9983
Car 0.0000 0.0000 0.0000 416.0000 181.0000 458.0000 211.0000 1.4988 1.6013 3.7921 -9.1698 1.9022 38.5652 1.4997 0.9980
Car 0.0000 0.0000 0.0000 -3871.0000 -1461.0000 1383.0000 485.0000 1.5108 1.6161 3.9603 2.7981 1.4048 1.3446 1.5405 0.9948
Car 0.0000 0.0000 0.0000 598.0000 182.0000 633.0000 208.0000 1.6017 1.6674 4.2077 0.4977 2.1511 47.6226 -1.4087 0.9923
Car 0.0000 0.0000 0.0000 356.0000 190.0000 446.0000 245.0000 1.5122 1.6069 3.7938 -6.4400 2.0412 22.6084 1.5708 0.9836
Car 0.0000 0.0000 0.0000 639.0000 171.0000 677.0000 204.0000 1.5028 1.6059 3.8235 2.3072 1.3757 34.6575 1.5708 0.9649
