Car 0.0000 0.0000 0.0000 692.0000 179.0000 850.0000 282.0000 1.5412 1.6852 4.2453 2.7039 1.6510 13.1551 1.5101 0.9999
Car 0.0000 0.0000 0.0000 31.0000 189.0000 342.0000 293.0000 1.4755 1.6405 3.9802 -6.5495 1.7390 11.3586 0.0440 0.9998
Car 0.0000 0.0000 0.0000 670.0000 176.0000 738.0000 226.0000 1.5296 1.6507 3.9436 3.0968 1.6109 24.1922 1.5468 0.9998
Car 0.0000 0.0000 0.0000 254.0000 188.0000 458.0000 259.0000 1.5500 1.6806 4.2528 -5.9240 1.9045 17.0503 0.0665 0.9998
Car 0.0000 0.0000 0.0000 -379.0000 192.0000 178.0000 398.0000 1.5200 1.6177 3.8375 -6.2831 1.7170 6.5172 0.1477 0.9994
Car 0.0000 0.0000 0.0000 -77.0000 187.0000 312.0000 317.0000 1.4522 1.6044 3.8392 -6.0493 1.6393 9.0954 0.0027 0.9993
Car 0.0000 0.0000 0.0000 650.0000 175.0000 678.0000 201.0000 1.4990 1.6071 3.7945 3.3567 1.5804 43.3340 -1.4789 0.9990
Car 0.0000 0.0000 0.0000 884.0000 197.0000 1843.0000 722.0000 1.5155 1.5808 3.4400 2.9857 1.6900 3.9595 1.5323 0.9989
Car 0.0000 0.0000 0.0000 321.0000 160.0000 473.0000 214.0000 1.5538 1.6576 4.1333 -6.4560 1.1716 22.0623 0.0566 0.9989
Car 0.0000 0.0000 0.0000 288.0000 176.0000 458.0000 236.0000 1.5277 1.6378 4.0482 -6.3356 1.6037 19.4772 0.1003 0.9959
Car 0.0000 0.0000 0.0000 78.0000 169.0000 154.0000 208.0000 1.5184 1.5889 3.5539 -20.8787 1.3516 30.5888 1.3001 0.9934
Car 0.0000 0.0000 0.0000 469.0000 175.0000 521.0000 214.0000 1.5231 1.6146 3.9769 -4.7861 1.6003 30.7251 1.5638 0.9839
Car 0.0000 0.0000 0.0000 488.0000 178.0000 532.0000 211.0000 1.5035 1.6306 4.0924 -4.7177 1.6891 34.8339 1.5513 0.9793
