Car 0.0000 0.0000 0.0000 282.0000 188.0000 458.0000 305.0000 1.5166 1.6734 4.1878 -3.7183 1.7737 11.8554 1.5226 0.9999
Car 0.0000 0.0000 0.0000 46.0000 198.0000 296.0000 323.0000 1.5243 1.6488 4.0344 -6.7191 1.9761 11.5459 1.5400 0.9996
Car 0.0000 0.0000 0.0000 638.0000 178.0000 683.0000 213.0000 1.5198 1.6144 3.6218 2.2948 1.7000 32.9133 1.5171 0.9996
Car 0.0000 0.0000 0.0000 422.0000 184.0000 499.0000 246.0000 1.5248 1.6326 3.8473 -4.0795 1.8200 20.1847 1.4980 0.9995
Car 0.0000 0.0000 0.0000 783.0000 166.0000 910.0000 210.0000 1.5027 1.6385 4.0466 8.4908 1.2391 26.0030 0.0395 0.9992
Car 0.0000 0.0000 0.0000 489.0000 184.0000 514.0000 208.0000 1.5039 1.6378 4.0912 -7.2242 2.2159 48.5959 1.4338 0.9989
Car 0.0000 0.0000 0.0000 728.0000 162.0000 840.0000 201.0000 1.5247 1.6687 4.2228 7.0237 1.0646 29.2078 0.1038 0.9948
Car 0.0000 0.0000 0.0000 981.0000 159.0000 1102.0000 196.0000 1.5750 1.6843 4.2946 19.1477 0.9452 31.9890 0.0347 0.9905
Car 0.0000 0.0000 0.0000 457.0000 175.0000 484.0000 195.0000 1.5324 1.6168 3.9417 -11.2831 1.6638 59.0809 1.5374 0.9893
Car 0.0000 0.0000 0.0000 711.0000 174.0000 730.0000 192.0000 1.4940 1.5996 3.8951 9.6725 1.5316 61.9953 -1.4072 0.9812
