Car 0.0000 0.0000 0.0000 331.0000 178.0000 467.0000 278.0000 1.5505 1.6046 3.2467 -3.6478 1.6356 12.9347 1.5306 0.9999
Car 0.0000 0.0000 0.0000 584.0000 179.0000 622.0000 215.0000 1.5334 1.6044 3.3619 -0.2762 1.7635 32.3660 1.5543 0.9998
Car 0.0000 0.0000 0.0000 73.0000 181.0000 276.0000 276.0000 1.5232 1.6543 4.0477 -8.0151 1.6611 13.7009 1.5012 0.9997
Car 0.0000 0.0000 0.0000 481.0000 140.0000 532.0000 187.0000 1.5418 1.6603 4.0736 -3.6533 0.4215 25.8551 1.4539 0.9996
Car 0.0000 0.0000 0.0000 446.0000 181.0000 489.0000 210.0000 1.5147 1.6145 3.6540 -7.6835 1.8834 39.4123 1.5708 0.9996
Car 0.0000 0.0000 0.0000 287.0000 178.0000 375.0000 237.0000 1.5081 1.6014 3.6825 -7.7877 1.6289 20.3945 1.4018 0.9987
Car 0.0000 0.0000 0.0000 -103.0000 185.0000 118.0000 271.0000 1.5122 1.5998 3.6457 -12.1893 1.7604 14.8622 1.5413 0.9986
Car 0.0000 0.0000 0.0000 537.0000 166.0000 570.0000 190.0000 1.8179 1.7480 4.3174 -4.3120 1.2460 57.2924 -1.4400 0.9978
Car 0.0000 0.0000 0.0000 496.0000 179.0000 523.0000 198.0000 1.5078 1.6075 3.8063 -8.0759 1.9143 58.8375 1.5708 0.9973
Car 0.0000 0.0000 0.0000 -592.0000 195.0000 48.0000 410.0000 1.5244 1.6416 4.2456 -8.4450 1.8084 7.6285 1.5548 0.9950
Car 0.0000 0.0000 0.0000 272.0000 171.0000 353.0000 211.0000 1.5086 1.6187 3.9869 -11.8407 1.4041 29.0284 1.5708 0.9910
Car 0.0000 0.0000 0.0000 -9.0000 168.0000 138.0000 224.0000 1.5081 1.5837 3.6819 -16.0971 1.3644 21.4768 1.5708 0.9836
Car 0.0000 0.0000 0.0000 160.0000 174.0000 288.0000 232.0000 1.6094 1.6774 4.2714 -11.7829 1.6269 22.3347 1.5708 0.9757
