Car 0.0000 0.0000 0.0000 836.0000 170.0000 1117.0000 263.0000 1.4752 1.6649 4.1912 6.2334 1.4374 12.7971 0.2778 0.9999
Car 0.0000 0.0000 0.0000 640.0000 167.0000 715.0000 227.0000 1.5341 1.6057 3.3843 1.8294 1.3702 20.2712 1.5231 0.9996
Car 0.0000 0.0000 0.0000 555.0000 160.0000 595.0000 194.0000 1.5186 1.6322 3.9361 -1.6955 0.9105 34.9318 1.4555 0.9990
Car 0.0000 0.0000 0.0000 1102.0000 174.0000 1458.0000 273.0000 1.5416 1.6742 4.2445 11.1475 1.5646 12.2772 0.1198 0.9989
Car 0.0000 0.0000 0.0000 590.0000 166.0000 617.0000 191.0000 1.5003 1.5903 3.7246 -0.3277 1.0473 47.0199 1.5708 0.9958
Car 0.0000 0.0000 0.0000 639.0000 157.0000 663.0000 180.0000 1.5546 1.6470 4.0447 2.9366 0.4106 50.3411 1.5708 0.9957
Car 0.0000 0.0000 0.0000 688.0000 160.0000 713.0000 181.0000 1.5191 1.6199 3.9659 6.8507 0.4994 53.8811 1.5708 0.9938
Car 0.0000 0.0000 0.0000 493.0000 166.0000 553.0000 190.0000 1.6407 1.6748 4.1119 -5.8604 1.0902 49.6607 -0.9022 0.9909
Car 0.0000 0.0000 0.0000 622.0000 167.0000 649.0000 192.0000 1.5007 1.5929 3.7973 1.6963 1.0992 45.0104 1.5708 0.9758
Car 0.0000 0.0000 0.0000 715.0000 161.0000 754.0000 187.0000 1.5441 1.6490 4.2336 7.9349 0.7685 45.8261 1.5516 0.9664
