Car 0.0000 0.0000 0.0000 56.0000 180.0000 197.0000 246.0000 1.5248 1.6345 3.7496 -12.3581 1.6837 18.6758 1.4055 0.9997
Car 0.0000 0.0000 0.0000 577.0000 175.0000 613.0000 208.0000 1.5160 1.6115 3.6172 -0.6553 1.5961 35.1316 1.5708 0.9997
Car 0.0000 0.0000 0.0000 164.0000 185.0000 386.0000 316.0000 1.5354 1.6225 3.6358 -4.6203 1.7138 10.4723 1.5406 0.9997
Car 0.0000 0.0000 0.0000 398.0000 179.0000 478.0000 241.0000 1.5385 1.6030 3.3826 -4.6226 1.6781 19.8009 1.5039 0.9997
Car 0.0000 0.0000 0.0000 339.0000 183.0000 407.0000 226.0000 1.5061 1.6232 3.9104 -9.0950 1.8707 27.9371 1.4921 0.9989
Car 0.0000 0.0000 0.0000 -348.0000 197.0000 108.0000 367.0000 1.5144 1.6289 3.9636 -8.4248 1.8592 8.8826 1.5691 0.9974
Car 0.0000 0.0000 0.0000 405.0000 176.0000 446.0000 198.0000 1.4998 1.6059 3.8522 -12.8834 1.6475 50.8340 1.5708 0.9972
Car 0.0000 0.0000 0.0000 419.0000 175.0000 466.0000 205.0000 1.5023 1.5952 3.8018 -8.7426 1.5811 38.1308 1.5668 0.9923
Car 0.0000 0.0000 0.0000 442.0000 179.0000 498.0000 222.0000 1.4989 1.5877 3.8091 -5.4144 1.7150 27.7122 1.2429 0.9892
Car 0.0000 0.0000 0.0000 156.0000 182.0000 284.0000 253.0000 1.4873 1.5906 3.7375 -9.2502 1.6939 17.3938 1.4060 0.9793
