Car 0.0000 0.0000 0.0000 757.0000 186.0000 1056.0000 367.0000 1.5363 1.6491 3.8767 2.9991 1.6993 8.2955 1.5156 0.9998
Car 0.0000 0.0000 0.0000 711.0000 180.0000 845.0000 272.0000 1.5228 1.6252 3.7913 3.0647 1.6516 13.9346 1.5571 0.9996
Car 0.0000 0.0000 0.0000 645.0000 179.0000 686.0000 212.0000 1.5135 1.6213 3.7637 2.7418 1.7652 35.5599 1.5367 0.9995
Car 0.0000 0.0000 0.0000 598.0000 178.0000 625.0000 200.0000 1.5077 1.6354 3.9444 0.1536 1.7757 50.3276 1.5061 0.9995
Car 0.0000 0.0000 0.0000 313.0000 192.0000 473.0000 294.0000 1.5036 1.6302 4.0162 -3.7910 1.8805 13.2473 1.5708 0.9993
Car 0.0000 0.0000 0.0000 150.0000 194.0000 396.0000 362.0000 1.5368 1.6056 3.4383 -3.8105 1.8202 8.7188 1.4896 0.9993
Car 0.0000 0.0000 0.0000 921.0000 196.0000 3687.0000 1632.0000 1.5074 1.6019 3.7010 2.6522 1.6390 2.6851 1.5708 0.9993
Car 0.0000 0.0000 0.0000 -1227.0000 225.0000 239.0000 983.0000 1.4988 1.5835 3.6299 -3.5442 1.8742 3.4893 1.5520 0.9971
Car 0.0000 0.0000 0.0000 741.0000 175.0000 859.0000 217.0000 1.5427 1.6598 4.1828 7.2476 1.5918 27.4148 0.2958 0.9930
Car 0.0000 0.0000 0.0000 915.0000 165.0000 992.0000 206.0000 1.4691 1.5944 3.8387 13.2868 1.1497 27.6578 -0.8254 0.9811
Car 0.0000 0.0000 0.0000 347.0000 189.0000 397.0000 223.0000 1.4996 1.6132 3.8892 -11.4297 2.2442 34.9134 1.4318 0.9808
