Car 0.0000 0.0000 0.0000 388.0000 188.0000 482.0000 253.0000 1.5165 1.6438 3.9003 -4.5563 1.9100 19.2543 1.5445 0.9999
Car 0.0000 0.0000 0.0000 700.0000 181.0000 836.0000 280.0000 1.5335 1.5883 3.3001 2.6610 1.6617 12.8858 1.5346 0.9997
Car 0.0000 0.0000 0.0000 655.0000 182.0000 717.0000 233.0000 1.5202 1.6091 3.6042 2.4023 1.7799 23.4731 1.5676 0.9996
Car 0.0000 0.0000 0.0000 -1765.0000 206.0000 119.0000 957.0000 1.5214 1.6375 3.9522 -4.6366 1.7670 3.6147 1.5398 0.9995
Car 0.0000 0.0000 0.0000 501.0000 186.0000 535.0000 214.0000 1.5141 1.6280 3.8602 -5.2875 2.2735 42.2999 1.5450 0.9995
Car 0.0000 0.0000 0.0000 459.0000 191.0000 526.0000 235.0000 1.5165 1.6545 4.1816 -4.4868 2.2275 28.3191 1.5708 0.9992
Car 0.0000 0.0000 0.0000 635.0000 179.0000 669.0000 208.0000 1.5168 1.6323 3.9790 2.3035 1.7875 39.2851 1.5708 0.9991
Car 0.0000 0.0000 0.0000 914.0000 167.0000 1233.0000 265.0000 1.5363 1.7076 4.3374 7.7501 1.4508 12.3771 0.0290 0.9983
Car 0.0000 0.0000 0.0000 596.0000 181.0000 616.0000 197.0000 1.4979 1.5990 3.8361 -0.2095 2.1366 69.5836 -1.4720 0.9935
Car 0.0000 0.0000 0.0000 529.0000 182.0000 555.0000 202.0000 1.5010 1.6028 3.8648 -5.3570 2.1612 58.2625 1.5708 0.9861
