Car 0.0000 0.0000 0.0000 -69.0000 227.0000 305.0000 384.0000 1.4492 1.6457 4.1143 -6.0293 2.1792 8.8100 0.3253 0.9999
Car 0.0000 0.0000 0.0000 955.0000 144.0000 1141.0000 243.0000 1.5738 1.6573 3.9734 7.9499 1.1148 13.5267 -1.3895 0.9997
Car 0.0000 0.0000 0.0000 714.0000 174.0000 796.0000 249.0000 1.5153 1.6008 3.5296 3.1852 1.5300 16.2694 -1.4154 0.9996
Car 0.0000 0.0000 0.0000 888.0000 164.0000 957.0000 204.0000 1.5132 1.6356 4.0208 12.8342 1.1425 29.7088 -1.4214 0.9982
Car 0.0000 0.0000 0.0000 772.0000 172.0000 830.0000 211.0000 1.4997 1.6128 3.9111 7.8388 1.4249 29.7055 -1.4831 0.9978
Car 0.0000 0.0000 0.0000 939.0000 166.0000 1016.0000 228.0000 1.5011 1.6149 3.9119 9.7573 1.3145 19.3054 -1.1471 0.9964
Car 0.0000 0.0000 0.0000 726.0000 170.0000 806.0000 227.0000 1.5054 1.6014 3.8411 4.5130 1.4279 21.2857 1.5708 0.9960
Car 0.0000 0.0000 0.0000 -271.0000 216.0000 54.0000 356.0000 1.5520 1.6258 3.9493 -9.9679 2.1897 9.9752 0.3291 0.9948
Car 0.0000 0.0000 0.0000 877.0000 166.0000 929.0000 195.0000 1.4995 1.5861 3.6886 16.1398 1.0904 39.6660 -1.4793 0.9870
Car 0.0000 0.0000 0.0000 685.0000 171.0000 731.0000 215.0000 1.6541 1.6687 4.1961 4.1023 1.5678 29.4263 -1.3824 0.9855
Car 0.0000 0.0000 0.0000 545.0000 180.0000 571.0000 200.0000 1.5187 1.5918 3.6220 -4.1123 2.0234 58.7217 1.5708 0.9680
