Car 0.0000 0.0000 0.0000 21.0000 188.0000 350.0000 291.0000 1.4430 1.6871 4.2205 -6.5770 1.7034 11.4295 -0.0081 0.9999
Car 0.0000 0.0000 0.0000 724.0000 177.0000 879.0000 277.0000 1.5344 1.6364 3.8321 3.2547 1.5999 13.0474 1.5330 0.9997
Car 0.0000 0.0000 0.0000 681.0000 179.0000 736.0000 223.0000 1.5180 1.6076 3.6151 3.6113 1.7012 26.5880 1.5708 0.9995
Car 0.0000 0.0000 0.0000 791.0000 180.0000 1081.0000 357.0000 1.5188 1.6002 3.5538 3.2451 1.5948 8.0153 1.5708 0.9995
Car 0.0000 0.0000 0.0000 451.0000 164.0000 530.0000 193.0000 1.5214 1.6576 4.1572 -6.6196 1.0057 40.4751 0.0455 0.9995
Car 0.0000 0.0000 0.0000 235.0000 182.0000 433.0000 252.0000 1.5566 1.6539 4.0647 -6.4795 1.7650 17.0930 0.0784 0.9994
Car 0.0000 0.0000 0.0000 339.0000 181.0000 486.0000 235.0000 1.5084 1.6274 3.9182 -5.8376 1.7543 21.5233 0.0595 0.9994
Car 0.0000 0.0000 0.0000 379.0000 183.0000 515.0000 234.0000 1.5843 1.6573 4.1155 -5.3599 1.9226 23.9768 0.0907 0.9976
Car 0.0000 0.0000 0.0000 432.0000 176.0000 524.0000 214.0000 1.5426 1.6195 3.8909 -5.7578 1.6579 31.4557 0.5654 0.9975
Car 0.0000 0.0000 0.0000 -554.0000 197.0000 160.0000 500.0000 1.4921 1.6038 3.8011 -5.3269 1.6755 4.8536 0.2349 0.9965
Car 0.0000 0.0000 0.0000 721.0000 176.0000 754.0000 206.0000 1.4948 1.5819 3.6400 6.6423 1.5885 37.4104 -1.4283 0.9964
Car 0.0000 0.0000 0.0000 805.0000 152.0000 868.0000 204.0000 1.5045 1.5938 3.7676 7.1310 0.8745 22.8824 -1.3454 0.9892
Car 0.0000 0.0000 0.0000 530.0000 173.0000 560.0000 196.0000 1.5953 1.6462 4.0040 -4.4805 1.5364 51.2833 1.5708 0.9692
