Car 0.0000 0.0000 0.0000 664.0000 181.0000 733.0000 234.0000 1.5153 1.6378 3.9036 2.6913 1.7329 22.5604 1.5704 0.9999
Car 0.0000 0.0000 0.0000 247.0000 188.0000 440.0000 254.0000 1.4531 1.6376 4.0117 -6.2917 1.8229 17.2719 0.0133 0.9998
Car 0.0000 0.0000 0.0000 394.0000 182.0000 510.0000 221.0000 1.5188 1.6869 4.3091 -6.3353 1.8537 29.2632 0.0305 0.9997
Car 0.0000 0.0000 0.0000 630.0000 179.0000 659.0000 204.0000 1.5037 1.6133 3.8353 2.3086 1.8294 45.8180 -1.4595 0.9989
Car 0.0000 0.0000 0.0000 892.0000 188.0000 2099.0000 812.0000 1.5329 1.6143 3.6574 2.9596 1.6340 3.6737 1.5561 0.9984
Car 0.0000 0.0000 0.0000 644.0000 178.0000 681.0000 212.0000 1.5061 1.5848 3.5093 2.4926 1.6962 33.6559 1.5708 0.9978
Car 0.0000 0.0000 0.0000 311.0000 190.0000 471.0000 250.0000 1.5249 1.6241 3.9190 -5.9944 2.0055 19.9135 0.1569 0.9955
Car 0.0000 0.0000 0.0000 442.0000 180.0000 525.0000 211.0000 1.5156 1.6153 3.8280 -6.3749 1.8182 36.6713 0.3088 0.9897
Car 0.0000 0.0000 0.0000 624.0000 181.0000 648.0000 201.0000 1.5143 1.6145 3.8850 2.1794 2.0746 56.5466 -1.4616 0.9813
Car 0.0000 0.0000 0.0000 412.0000 179.0000 510.0000 216.0000 1.5404 1.6198 3.9187 -6.4782 1.7864 31.6525 0.0809 0.9782
Car 0.0000 0.0000 0.0000 232.0000 171.0000 440.0000 252.0000 1.5008 1.6087 3.8410 -5.6117 1.4736 14.7522 0.3431 0.9763
Car 0.0000 0.0000 0.0000 -1103.0000 117.0000 193.0000 629.0000 1.7583 1.7599 4.6579 -5.4239 1.5863 4.9218 -1.3819 0.9687
