Car 0.0000 0.0000 0.0000 -9.0000 195.0000 376.0000 326.0000 1.5033 1.6599 4.1139 -5.4217 1.8156 9.4267 0.0471 0.9999
Car 0.0000 0.0000 0.0000 -386.0000 168.0000 225.0000 361.0000 1.6316 1.7213 4.4865 -6.4998 1.6106 7.0579 0.0490 0.9998
Car 0.0000 0.0000 0.0000 627.0000 180.0000 663.0000 208.0000 1.5126 1.6460 4.0797 1.9866 1.8455 40.6093 1.5167 0.9996
Car 0.0000 0.0000 0.0000 736.0000 175.0000 826.0000 218.0000 1.5191 1.6131 3.6368 6.6067 1.5957 28.0434 1.2027 0.9994
Car 0.0000 0.0000 0.0000 606.0000 172.0000 635.0000 195.0000 1.5118 1.6314 3.9452 0.7835 1.4068 49.8857 1.5000 0.9993
Car 0.0000 0.0000 0.0000 261.0000 185.0000 424.0000 243.0000 1.4450 1.6008 3.7677 -7.0803 1.7584 19.1751 0.1703 0.9991
Car 0.0000 0.0000 0.0000 94.0000 186.0000 348.0000 282.0000 1.4573 1.5610 3.4955 -6.4393 1.6787 12.0387 0.1398 0.9991
Car 0.0000 0.0000 0.0000 332.0000 162.0000 488.0000 214.0000 1.6007 1.7311 4.5823 -6.4421 1.2483 23.5054 0.0613 0.9989
Car 0.0000 0.0000 0.0000 919.0000 188.0000 4011.0000 1627.0000 1.4927 1.6096 3.9296 2.7924 1.5772 2.7366 1.5708 0.9988
Car 0.0000 0.0000 0.0000 475.0000 173.0000 508.0000 204.0000 1.5044 1.6019 3.7282 -6.0066 1.4547 36.8299 1.4157 0.9983
Car 0.0000 0.0000 0.0000 486.0000 172.0000 526.0000 198.0000 1.5160 1.6116 3.9779 -6.1976 1.3968 43.8022 1.5708 0.9856
Car 0.0000 0.0000 0.0000 698.0000 141.0000 744.0000 174.0000 1.5587 1.6397 3.8609 5.6878 -0.0414 37.0538 1.5425 0.9733
Car 0.0000 0.0000 0.0000 315.0000 178.0000 459.0000 231.0000 1.5012 1.6142 3.7862 -6.5997 1.6534 21.5540 0.0959 0.9731
