Car 0.0000 0.0000 0.0000 693.0000 180.0000 805.0000 259.0000 1.5392 1.6097 3.4104 2.9371 1.6842 15.9098 1.5147 0.9998
Car 0.0000 0.0000 0.0000 376.0000 182.0000 493.0000 264.0000 1.5262 1.6082 3.4602 -3.6138 1.7069 15.3712 1.5708 0.9998
Car 0.0000 0.0000 0.0000 -808.0000 206.0000 291.0000 770.0000 1.5313 1.6456 4.0024 -3.5667 1.8049 4.1915 1.5443 0.9996
Car 0.0000 0.0000 0.0000 590.0000 179.0000 615.0000 201.0000 1.5159 1.6048 3.5957 -0.4360 1.8529 50.9053 1.5708 0.9996
Car 0.0000 0.0000 0.0000 649.0000 181.0000 691.0000 214.0000 1.5040 1.6315 3.9666 2.9285 1.8326 35.0899 1.5616 0.9995
Car 0.0000 0.0000 0.0000 338.0000 181.0000 416.0000 227.0000 1.5057 1.6234 3.8719 -8.1936 1.7647 25.7267 1.5430 0.9992
Car 0.0000 0.0000 0.0000 455.0000 183.0000 527.0000 236.0000 1.5201 1.6197 3.8045 -3.7476 1.8354 23.2575 1.5708 0.9992
Car 0.0000 0.0000 0.0000 159.0000 185.0000 326.0000 266.0000 1.4982 1.6228 3.9622 -7.8329 1.7734 15.7686 1.5708 0.9991
Car 0.0000 0.0000 0.0000 522.0000 180.0000 552.0000 205.0000 1.4955 1.6040 3.8481 -4.5779 1.9181 46.4368 1.5553 0.9980
Car 0.0000 0.0000 0.0000 488.0000 181.0000 538.0000 215.0000 1.4859 1.6240 4.1766 -4.5364 1.8320 34.4423 1.5708 0.9979
Car 0.0000 0.0000 0.0000 443.0000 177.0000 482.0000 203.0000 1.5010 1.6033 3.7986 -8.7638 1.6792 43.3384 1.5644 0.9978
Car 0.0000 0.0000 0.0000 403.0000 177.0000 457.0000 211.0000 1.5019 1.6037 3.8515 -8.5642 1.6783 34.7051 1.5708 0.9935
Car 0.0000 0.0000 0.0000 578.0000 179.0000 601.0000 198.0000 1.4987 1.6026 3.8766 -1.5077 1.9157 58.1408 1.5708 0.9915
Car 0.0000 0.0000 0.0000 456.0000 206.0000 490.0000 231.0000 1.5044 1.6255 3.8977 -9.5129 3.8463 50.7812 1.5708 0.9911
