Car 0.0000 0.0000 0.0000 651.0000 168.0000 851.0000 241.0000 1.5699 1.6902 4.2912 3.1703 1.4562 16.7796 -0.0378 0.9999
Car 0.0000 0.0000 0.0000 116.0000 178.0000 323.0000 245.0000 1.4702 1.6374 3.9667 -9.0498 1.5776 16.8952 0.0005 0.9999
Car 0.0000 0.0000 0.0000 610.0000 170.0000 730.0000 215.0000 1.5837 1.6688 4.2402 2.3105 1.4733 27.5225 -0.2749 0.9995
Car 0.0000 0.0000 0.0000 435.0000 166.0000 455.0000 184.0000 1.6442 1.6941 4.2092 -14.8159 0.9212 65.1752 1.3608 0.9990
Car 0.0000 0.0000 0.0000 -121.0000 182.0000 224.0000 307.0000 1.5219 1.6274 3.8951 -8.2968 1.6622 10.9513 -0.8846 0.9988
Car 0.0000 0.0000 0.0000 294.0000 167.0000 413.0000 210.0000 1.5527 1.6387 4.0170 -9.8144 1.3218 27.7625 0.0761 0.9986
Car 0.0000 0.0000 0.0000 250.0000 178.0000 383.0000 229.0000 1.5048 1.6062 3.7714 -9.2186 1.6474 22.6731 0.3388 0.9976
Car 0.0000 0.0000 0.0000 362.0000 160.0000 420.0000 195.0000 1.5516 1.6903 4.6127 -10.2547 0.9381 34.1984 1.4884 0.9976
Car 0.0000 0.0000 0.0000 197.0000 177.0000 375.0000 238.0000 1.5636 1.6595 4.1503 -8.8368 1.6795 19.8213 0.0505 0.9926
Car 0.0000 0.0000 0.0000 834.0000 167.0000 877.0000 191.0000 1.5321 1.6360 4.0661 16.6057 1.0917 48.6007 1.5708 0.9926
Car 0.0000 0.0000 0.0000 525.0000 160.0000 630.0000 201.0000 1.5783 1.6677 4.2069 -1.2637 1.0563 29.8125 0.0552 0.9866
Car 0.0000 0.0000 0.0000 337.0000 147.0000 385.0000 181.0000 1.5917 1.6515 3.9892 -12.3813 0.3190 36.1173 1.3901 0.9841
Car 0.0000 0.0000 0.0000 363.0000 154.0000 408.0000 182.0000 1.5516 1.6311 3.9942 -13.0863 0.4467 42.3340 1.5067 0.9628
