Car 0.0000 0.0000 0.0000 48.0000 187.0000 366.0000 288.0000 1.5163 1.6951 4.3283 -6.5286 1.7548 11.9270 0.0289 1.0000
Car 0.0000 0.0000 0.0000 723.0000 186.0000 861.0000 233.0000 1.5286 1.7058 4.3910 6.3024 1.9666 25.1688 0.0116 0.9999
Car 0.0000 0.0000 0.0000 290.0000 161.0000 456.0000 217.0000 1.5324 1.6829 4.2788 -6.8379 1.1994 21.0281 0.0486 0.9998
Car 0.0000 0.0000 0.0000 775.0000 181.0000 980.0000 249.0000 1.5208 1.6866 4.2907 6.3142 1.7102 17.3178 0.0172 0.9998
Car 0.0000 0.0000 0.0000 775.0000 184.0000 1106.0000 383.0000 1.5210 1.6337 3.7460 3.0275 1.6519 7.5764 1.5355 0.9998
Car 0.0000 0.0000 0.0000 402.0000 181.0000 505.0000 218.0000 1.4904 1.6428 4.0258 -6.6032 1.8333 30.8079 0.0361 0.9997
Car 0.0000 0.0000 0.0000 -210.0000 205.0000 249.0000 381.0000 1.4440 1.5736 3.5729 -5.7826 1.7909 7.1883 0.1556 0.9995
Car 0.0000 0.0000 0.0000 486.0000 175.0000 528.0000 209.0000 1.6715 1.6821 3.9921 -5.3200 1.7262 37.0504 1.3172 0.9993
Car 0.0000 0.0000 0.0000 -633.0000 201.0000 127.0000 487.0000 1.5231 1.6072 3.8227 -5.7699 1.7467 5.0059 0.1353 0.9927
Car 0.0000 0.0000 0.0000 632.0000 164.0000 682.0000 212.0000 2.1094 1.8398 4.9073 2.2233 1.6821 34.3087 1.5306 0.9633
Car 0.0000 0.0000 0.0000 325.0000 176.0000 461.0000 225.0000 1.5494 1.6304 3.9690 -7.0852 1.6323 23.7103 0.1836 0.9618
