Car 0.0000 0.0000 0.0000 692.0000 179.0000 832.0000 278.0000 1.5505 1.6739 4.0477 2.6211 1.6497 13.4014 1.5586 0.9999
Car 0.0000 0.0000 0.0000 44.0000 192.0000 373.0000 303.0000 1.4781 1.6440 4.0348 -5.8888 1.7796 10.8172 0.0261 0.9998
Car 0.0000 0.0000 0.0000 198.0000 176.0000 419.0000 250.0000 1.5110 1.6691 4.1808 -6.5623 1.5769 15.8804 0.0729 0.9998
Car 0.0000 0.0000 0.0000 -219.0000 193.0000 264.0000 348.0000 1.5019 1.6551 4.1129 -6.3500 1.7468 8.0452 0.0256 0.9997
Car 0.0000 0.0000 0.0000 661.0000 174.0000 710.0000 215.0000 1.5058 1.6449 4.0393 2.9852 1.5415 28.9482 1.5708 0.9997
Car 0.0000 0.0000 0.0000 376.0000 184.0000 501.0000 230.0000 1.4964 1.6381 3.9678 -5.9139 1.8708 25.1636 0.0484 0.9996
Car 0.0000 0.0000 0.0000 461.0000 181.0000 505.0000 216.0000 1.5007 1.6049 3.8023 -5.7433 1.8219 33.0945 1.5009 0.9982
Car 0.0000 0.0000 0.0000 494.0000 171.0000 547.0000 207.0000 1.9098 1.7916 4.8553 -4.9956 1.7740 41.2794 -1.4314 0.9945
Car 0.0000 0.0000 0.0000 134.0000 190.0000 383.0000 277.0000 1.4736 1.6146 3.9428 -6.4959 1.8025 13.4564 0.1286 0.9882
Car 0.0000 0.0000 0.0000 657.0000 173.0000 694.0000 208.0000 1.5166 1.6227 3.9632 3.0832 1.4976 33.9283 1.5708 0.9873
Car 0.0000 0.0000 0.0000 504.0000 186.0000 558.0000 222.0000 1.4812 1.6191 3.9172 -3.4513 2.0459 32.3948 -1.4608 0.9857
