Car 0.0000 0.0000 0.0000 553.0000 181.0000 619.0000 244.0000 1.5381 1.6052 3.3188 -0.7290 1.7504 19.6566 1.4826 0.9998
Car 0.0000 0.0000 0.0000 254.0000 184.0000 355.0000 245.0000 1.5330 1.6340 3.7138 -8.6154 1.8536 20.6273 1.4725 0.9997
Car 0.0000 0.0000 0.0000 85.0000 185.0000 283.0000 295.0000 1.5212 1.6441 3.8834 -7.0207 1.7359 12.2979 1.4019 0.9997
Car 0.0000 0.0000 0.0000 446.0000 180.0000 516.0000 230.0000 1.5320 1.6212 3.6047 -4.2271 1.7390 24.1738 1.5708 0.9996
Car 0.0000 0.0000 0.0000 349.0000 179.0000 407.0000 216.0000 1.5064 1.6377 3.9886 -10.3506 1.7634 32.4902 1.4880 0.9994
Car 0.0000 0.0000 0.0000 -804.0000 202.0000 71.0000 528.0000 1.5253 1.6437 3.9503 -6.5285 1.8131 5.6770 1.5284 0.9993
Car 0.0000 0.0000 0.0000 232.0000 174.0000 305.0000 215.0000 1.6317 1.6510 3.6939 -14.5021 1.6522 30.8228 1.4803 0.9992
Car 0.0000 0.0000 0.0000 414.0000 179.0000 443.0000 200.0000 1.5078 1.6140 3.7902 -13.9889 1.9288 56.1032 1.4954 0.9988
Car 0.0000 0.0000 0.0000 385.0000 181.0000 428.0000 209.0000 1.5021 1.6172 3.9457 -11.6068 1.8965 41.4599 1.4918 0.9976
Car 0.0000 0.0000 0.0000 343.0000 183.0000 376.0000 204.0000 1.4993 1.5980 3.7292 -18.8323 2.1649 54.4837 1.4423 0.9968
Car 0.0000 0.0000 0.0000 -165.0000 188.0000 103.0000 285.0000 1.5075 1.6101 3.9200 -11.7998 1.8035 13.6274 1.5683 0.9939
Car 0.0000 0.0000 0.0000 454.0000 163.0000 495.0000 191.0000 1.7535 1.7023 3.9559 -8.8570 1.0589 47.7615 1.5708 0.9933
Car 0.0000 0.0000 0.0000 133.0000 171.0000 246.0000 228.0000 1.4956 1.5980 3.8628 -12.3031 1.4458 21.3300 1.4113 0.9879
Car 0.0000 0.0000 0.0000 617.0000 171.0000 648.0000 197.0000 1.6013 1.6428 4.0776 1.6016 1.4545 47.0529 -1.4356 0.9733
Car 0.0000 0.0000 0.0000 632.0000 181.0000 669.0000 215.0000 1.4949 1.5930 3.6766 1.9676 1.8380 33.7772 1.5708 0.9691
