Car 0.0000 0.0000 0.0000 645.0000 177.0000 692.0000 217.0000 1.5257 1.6102 3.5196 2.3348 1.6484 29.1089 1.5708 0.9997
Car 0.0000 0.0000 0.0000 513.0000 178.0000 560.0000 217.0000 1.5136 1.6451 3.9141 -3.0019 1.6883 30.3476 1.5504 0.9997
Car 0.0000 0.0000 0.0000 661.0000 178.0000 765.0000 254.0000 1.5266 1.6537 4.0849 2.2588 1.6351 16.7993 1.5259 0.9996
Car 0.0000 0.0000 0.0000 99.0000 182.0000 409.0000 377.0000 1.5083 1.6217 3.9288 -3.3950 1.6061 7.6716 1.4938 0.9993
Car 0.0000 0.0000 0.0000 199.0000 184.0000 363.0000 241.0000 1.5173 1.6184 3.9001 -9.1765 1.8213 20.2412 0.0975 0.9981
Car 0.0000 0.0000 0.0000 -1476.0000 199.0000 368.0000 1213.0000 1.5086 1.6320 4.0326 -2.6692 1.6848 3.1905 1.5708 0.9980
Car 0.0000 0.0000 0.0000 547.0000 178.0000 574.0000 204.0000 1.5043 1.6084 3.8122 -2.9421 1.7892 44.3565 1.5192 0.9973
Car 0.0000 0.0000 0.0000 624.0000 170.0000 653.0000 195.0000 1.5159 1.6116 3.8813 1.9321 1.2678 46.0833 -1.4598 0.9959
Car 0.0000 0.0000 0.0000 -3395.0000 -1334.0000 1385.0000 501.0000 1.5118 1.6179 3.9779 2.7701 1.4438 1.2747 1.5302 0.9952
Car 0.0000 0.0000 0.0000 630.0000 176.0000 665.0000 209.0000 1.4975 1.6057 3.8890 1.9428 1.6125 35.3959 1.5708 0.9951
Car 0.0000 0.0000 0.0000 526.0000 165.0000 562.0000 198.0000 1.5075 1.5878 3.7309 -3.1456 1.1061 35.4726 1.5301 0.9794
