Car 0.0000 0.0000 0.0000 775.0000 181.0000 978.0000 305.0000 1.5255 1.6318 3.6679 3.7277 1.6362 10.8116 1.5643 0.9999
Car 0.0000 0.0000 0.0000 722.0000 171.0000 848.0000 252.0000 1.5338 1.6468 3.9332 3.6943 1.5070 15.8970 1.5301 0.9998
Car 0.0000 0.0000 0.0000 118.0000 191.0000 384.0000 329.0000 1.5206 1.6464 3.9834 -4.7915 1.7970 10.2708 1.5708 0.9997
Car 0.0000 0.0000 0.0000 324.0000 188.0000 459.0000 270.0000 1.5038 1.6619 4.3335 -4.6419 1.8373 15.9062 1.5708 0.9997
Car 0.0000 0.0000 0.0000 909.0000 184.0000 1642.0000 539.0000 1.5316 1.6386 3.8314 3.7118 1.6262 5.1050 1.5708 0.9997
Car 0.0000 0.0000 0.0000 700.0000 180.0000 781.0000 237.0000 1.5205 1.6179 3.8186 3.7387 1.6917 21.2161 1.5566 0.9992
Car 0.0000 0.0000 0.0000 406.0000 182.0000 491.0000 241.0000 1.5171 1.6275 3.9287 -4.5697 1.7532 20.8544 1.5560 0.9992
Car 0.0000 0.0000 0.0000 689.0000 174.0000 749.0000 218.0000 1.5099 1.5848 3.5096 3.9950 1.5350 26.6176 1.5510 0.9986
Car 0.0000 0.0000 0.0000 741.0000 171.0000 791.0000 190.0000 1.5237 1.6523 4.1161 13.5368 1.3327 61.8883 0.2277 0.9932
Car 0.0000 0.0000 0.0000 508.0000 175.0000 552.0000 206.0000 1.4925 1.5926 3.8033 -4.0071 1.5737 37.1261 1.5708 0.9879
Car 0.0000 0.0000 0.0000 707.0000 167.0000 725.0000 184.0000 1.5110 1.5946 3.7775 10.1204 0.8864 67.9595 -1.4210 0.9641
