Car 0.0000 0.0000 0.0000 652.0000 180.0000 731.0000 236.0000 1.5330 1.6487 3.9859 2.3744 1.7105 21.9250 1.4957 0.9998
Car 0.0000 0.0000 0.0000 208.0000 178.0000 474.0000 353.0000 1.5200 1.6343 3.9017 -2.7665 1.5790 8.2733 1.5602 0.9997
Car 0.0000 0.0000 0.0000 532.0000 177.0000 570.0000 210.0000 1.5124 1.6286 3.8420 -2.8048 1.6779 35.5647 1.5517 0.9996
Car 0.0000 0.0000 0.0000 751.0000 189.0000 1183.0000 463.0000 1.5247 1.6332 3.8846 2.4548 1.6922 6.1686 1.5343 0.9995
Car 0.0000 0.0000 0.0000 339.0000 183.0000 491.0000 289.0000 1.5108 1.6158 3.8277 -3.1939 1.6924 12.4528 1.5618 0.9988
Car 0.0000 0.0000 0.0000 -1235.0000 193.0000 361.0000 1080.0000 1.5814 1.6793 4.3708 -2.8025 1.7254 3.5783 1.5306 0.9985
Car 0.0000 0.0000 0.0000 -1697.0000 -964.0000 1466.0000 604.0000 1.4969 1.5840 3.7122 2.3657 1.5957 0.8462 1.5708 0.9961
Car 0.0000 0.0000 0.0000 632.0000 177.0000 685.0000 211.0000 1.5010 1.5831 3.6479 2.2821 1.6782 34.3009 1.3704 0.9921
Car 0.0000 0.0000 0.0000 628.0000 176.0000 652.0000 198.0000 1.5047 1.5917 3.7269 2.2554 1.6446 50.9368 1.5708 0.9871
Car 0.0000 0.0000 0.0000 848.0000 134.0000 1029.0000 245.0000 1.6941 1.6903 4.3110 5.7402 1.1097 13.2141 -1.4682 0.9807
