Car 0.0000 0.0000 0.0000 135.0000 178.0000 386.0000 258.0000 1.5663 1.7246 4.5070 -7.2877 1.6735 15.2898 0.0270 0.9999
Car 0.0000 0.0000 0.0000 471.0000 177.0000 549.0000 233.0000 1.5198 1.6339 3.8147 -2.8986 1.6312 21.6643 1.5708 0.9998
Car 0.0000 0.0000 0.0000 715.0000 190.0000 891.0000 327.0000 1.5201 1.5742 3.2786 2.4520 1.7783 9.9715 1.5708 0.9995
Car 0.0000 0.0000 0.0000 683.0000 185.0000 794.0000 275.0000 1.5139 1.5933 3.5271 2.4029 1.7642 14.3060 1.5708 0.9993
Car 0.0000 0.0000 0.0000 410.0000 166.0000 504.0000 201.0000 1.5133 1.6311 3.9583 -6.9057 1.2138 32.6577 0.4309 0.9988
Car 0.0000 0.0000 0.0000 -2846.0000 208.0000 264.0000 1804.0000 1.5192 1.5995 3.6754 -2.9521 1.7254 2.6139 1.5447 0.9971
Car 0.0000 0.0000 0.0000 634.0000 175.0000 660.0000 199.0000 1.4990 1.5931 3.7399 2.4892 1.5548 46.4182 1.5708 0.9969
Car 0.0000 0.0000 0.0000 510.0000 177.0000 563.0000 217.0000 1.5129 1.5944 3.6238 -3.0286 1.6335 29.3653 1.3146 0.9966
Car 0.0000 0.0000 0.0000 567.0000 171.0000 588.0000 188.0000 1.5047 1.6113 3.8937 -2.7806 1.2573 64.9679 1.5708 0.9958
Car 0.0000 0.0000 0.0000 397.0000 180.0000 441.0000 210.0000 1.5004 1.5938 3.7720 -10.1086 1.8522 38.5447 1.5042 0.9898
