Car 0.0000 0.0000 0.0000 -113.0000 189.0000 331.0000 331.0000 1.4759 1.6742 4.1875 -5.7923 1.6903 8.6182 0.0218 1.0000
Car 0.0000 0.0000 0.0000 689.0000 178.0000 818.0000 265.0000 1.5424 1.6189 3.6304 2.7783 1.6444 14.7752 1.4790 0.9997
Car 0.0000 0.0000 0.0000 239.0000 181.0000 450.0000 255.0000 1.5210 1.6510 4.0599 -5.7766 1.7027 15.9053 0.0585 0.9996
Car 0.0000 0.0000 0.0000 553.0000 178.0000 589.0000 207.0000 1.5016 1.6110 3.8168 -2.0396 1.7296 39.2817 1.5708 0.9993
Car 0.0000 0.0000 0.0000 670.0000 177.0000 731.0000 227.0000 1.5191 1.6180 3.7895 2.9713 1.6434 24.1072 1.5708 0.9992
Car 0.0000 0.0000 0.0000 651.0000 176.0000 681.0000 203.0000 1.4953 1.6158 3.9521 3.3440 1.6447 42.6360 1.5708 0.9973
Car 0.0000 0.0000 0.0000 412.0000 176.0000 514.0000 215.0000 1.5680 1.6204 3.8996 -6.1602 1.6831 30.5375 0.2029 0.9927
Car 0.0000 0.0000 0.0000 488.0000 176.0000 553.0000 201.0000 1.5253 1.6278 3.9478 -5.6203 1.6859 46.1028 0.0524 0.9912
Car 0.0000 0.0000 0.0000 454.0000 185.0000 541.0000 220.0000 1.5264 1.5815 3.6564 -5.1132 2.0322 32.8800 0.4163 0.9818
Car 0.0000 0.0000 0.0000 344.0000 180.0000 493.0000 236.0000 1.5450 1.6293 3.9230 -5.5857 1.7509 21.2741 0.0932 0.9766
Car 0.0000 0.0000 0.0000 268.0000 159.0000 440.0000 222.0000 1.5398 1.6198 3.9403 -6.6677 1.2023 18.8983 0.1655 0.9760
