Car 0.0000 0.0000 0.0000 562.0000 179.0000 615.0000 229.0000 1.5477 1.6229 3.3998 -0.7565 1.7165 24.3453 1.4989 0.9999
Car 0.0000 0.0000 0.0000 455.0000 180.0000 527.0000 237.0000 1.5189 1.6268 3.7197 -3.4102 1.7103 21.2827 1.5374 0.9998
Car 0.0000 0.0000 0.0000 398.0000 176.0000 452.0000 212.0000 1.5270 1.6362 3.8004 -8.3074 1.6457 32.7149 1.5193 0.9997
Car 0.0000 0.0000 0.0000 55.0000 187.0000 411.0000 412.0000 1.5246 1.6318 3.7865 -3.2111 1.6776 6.9726 1.5194 0.9996
Car 0.0000 0.0000 0.0000 360.0000 181.0000 408.0000 209.0000 1.5145 1.6104 3.6372 -12.7266 1.9053 40.8865 1.5642 0.9995
Car 0.0000 0.0000 0.0000 -386.0000 190.0000 107.0000 380.0000 1.5178 1.6267 3.8445 -7.6998 1.7391 7.9992 1.5137 0.9994
Car 0.0000 0.0000 0.0000 527.0000 153.0000 556.0000 178.0000 1.5564 1.6625 4.0741 -4.4454 0.2207 48.0864 1.5304 0.9991
Car 0.0000 0.0000 0.0000 -8.0000 186.0000 163.0000 261.0000 1.5161 1.6257 3.9162 -12.2700 1.8097 16.8909 1.4183 0.9989
Car 0.0000 0.0000 0.0000 451.0000 176.0000 489.0000 202.0000 1.5099 1.6232 3.9296 -8.7149 1.6732 45.5710 1.5708 0.9985
Car 0.0000 0.0000 0.0000 232.0000 179.0000 305.0000 223.0000 1.5000 1.5880 3.6568 -12.6964 1.6994 27.0148 1.3974 0.9976
Car 0.0000 0.0000 0.0000 501.0000 176.0000 551.0000 209.0000 1.5012 1.6075 3.8977 -3.9492 1.6098 34.7987 -1.4832 0.9956
Car 0.0000 0.0000 0.0000 340.0000 171.0000 372.0000 194.0000 1.5139 1.5944 3.7574 -17.2261 1.3229 49.2593 1.3581 0.9673
