Car 0.0000 0.0000 0.0000 915.0000 167.0000 1081.0000 218.0000 1.5676 1.7184 4.4691 12.6962 1.3765 23.7263 0.0545 0.9999
Car 0.0000 0.0000 0.0000 438.0000 181.0000 472.0000 210.0000 1.5135 1.6520 4.0372 -8.4471 1.8910 39.6988 1.3954 0.9997
Car 0.0000 0.0000 0.0000 251.0000 187.0000 325.0000 224.0000 1.5034 1.6326 3.9851 -14.2029 2.0914 32.0144 1.5323 0.9995
Car 0.0000 0.0000 0.0000 -891.0000 186.0000 309.0000 793.0000 1.5125 1.6164 3.8836 -3.1985 1.6025 3.8250 1.5282 0.9990
Car 0.0000 0.0000 0.0000 488.0000 179.0000 523.0000 202.0000 1.4951 1.6121 3.9692 -7.0276 1.8649 49.3693 1.5708 0.9896
Car 0.0000 0.0000 0.0000 368.0000 178.0000 411.0000 205.0000 1.5889 1.6546 4.1721 -13.5288 1.8320 44.6479 1.5012 0.9896
Car 0.0000 0.0000 0.0000 515.0000 177.0000 541.0000 197.0000 1.5165 1.6267 3.9997 -6.5104 1.7999 58.4017 1.5708 0.9889
Car 0.0000 0.0000 0.0000 654.0000 182.0000 692.0000 213.0000 1.4974 1.5997 3.8412 3.3306 1.9243 37.1055 -1.3972 0.9872
Car 0.0000 0.0000 0.0000 1166.0000 170.0000 1288.0000 206.0000 1.4660 1.6089 3.8285 26.5677 1.3419 31.0339 0.0287 0.9863
Car 0.0000 0.0000 0.0000 507.0000 171.0000 528.0000 190.0000 1.5229 1.6061 3.7415 -7.9663 1.3161 62.6719 1.4077 0.9822
Car 0.0000 0.0000 0.0000 565.0000 179.0000 590.0000 198.0000 1.5016 1.6298 4.0566 -2.4946 1.8817 58.0749 1.5708 0.9820
Car 0.0000 0.0000 0.0000 728.0000 173.0000 749.0000 193.0000 1.4975 1.5971 3.8666 10.3480 1.4330 57.4885 -1.4002 0.9752
Car 0.0000 0.0000 0.0000 1121.0000 161.0000 1247.0000 196.0000 1.5368 1.7049 4.3672 26.8504 0.9806 33.7361 0.0989 0.9660
Car 0.0000 0.0000 0.0000 866.0000 161.0000 914.0000 184.0000 1.5345 1.6407 4.1332 19.1236 0.6885 49.0829 1.5686 0.9622
