Car 0.0000 0.0000 0.0000 606.0000 177.0000 684.0000 248.0000 1.5415 1.6143 3.3585 0.7594 1.6325 17.4703 1.5478 0.9999
Car 0.0000 0.0000 0.0000 146.0000 185.0000 389.0000 328.0000 1.5212 1.6510 4.0197 -4.4233 1.6971 9.9566 1.5104 0.9998
Car 0.0000 0.0000 0.0000 51.0000 180.0000 209.0000 245.0000 1.5063 1.6374 3.9767 -12.3930 1.6646 18.9194 1.5269 0.9996
Car 0.0000 0.0000 0.0000 -460.0000 192.0000 73.0000 383.0000 1.5201 1.6335 3.9623 -8.2719 1.7596 8.0376 1.5319 0.9993
Car 0.0000 0.0000 0.0000 397.0000 173.0000 500.0000 247.0000 1.6406 1.7062 4.4279 -3.9778 1.6440 18.4415 1.5548 0.9985
Car 0.0000 0.0000 0.0000 662.0000 178.0000 697.0000 206.0000 1.5021 1.5997 3.7654 4.0015 1.7513 41.3586 1.5665 0.9977
Car 0.0000 0.0000 0.0000 223.0000 163.0000 323.0000 210.0000 1.5569 1.6517 4.1572 -12.0096 1.2058 26.0224 1.5708 0.9968
Car 0.0000 0.0000 0.0000 510.0000 180.0000 568.0000 223.0000 1.5102 1.6251 4.0224 -2.6375 1.7461 27.7073 1.5708 0.9967
Car 0.0000 0.0000 0.0000 722.0000 180.0000 742.0000 198.0000 1.5029 1.6046 3.7569 10.9856 2.0635 63.8169 -1.3671 0.9962
Car 0.0000 0.0000 0.0000 165.0000 181.0000 218.0000 210.0000 1.5064 1.5967 3.7647 -22.8554 1.8878 39.5622 1.3110 0.9904
Car 0.0000 0.0000 0.0000 533.0000 167.0000 566.0000 197.0000 2.0833 1.8242 4.7999 -4.3640 1.6327 53.4273 1.5708 0.9762
Car 0.0000 0.0000 0.0000 -101.0000 189.0000 83.0000 254.0000 1.5058 1.5989 3.7813 -16.2147 1.9257 19.1216 1.5708 0.9664
