Car 0.0000 0.0000 0.0000 -56.0000 151.0000 304.0000 263.0000 1.5277 1.7000 4.3720 -7.2091 1.2323 10.9016 0.0458 0.9999
Car 0.0000 0.0000 0.0000 307.0000 178.0000 462.0000 230.0000 1.5101 1.6828 4.2636 -6.9224 1.6714 22.3536 0.0305 0.9999
Car 0.0000 0.0000 0.0000 777.0000 180.0000 1034.0000 279.0000 1.5160 1.6756 4.2361 5.2547 1.6400 12.8364 -0.3669 0.9998
Car 0.0000 0.0000 0.0000 630.0000 180.0000 683.0000 223.0000 1.5319 1.6156 3.4773 1.7595 1.7738 27.8862 1.5104 0.9998
Car 0.0000 0.0000 0.0000 844.0000 182.0000 1237.0000 308.0000 1.5243 1.6886 4.3178 5.6013 1.6620 9.9161 0.1370 0.9998
Car 0.0000 0.0000 0.0000 762.0000 173.0000 993.0000 252.0000 1.5085 1.6597 4.1177 5.3710 1.5151 14.8439 0.0235 0.9997
Car 0.0000 0.0000 0.0000 354.0000 183.0000 487.0000 230.0000 1.5252 1.6566 4.1127 -6.4519 1.8465 24.8288 0.0486 0.9996
Car 0.0000 0.0000 0.0000 -195.0000 203.0000 245.0000 347.0000 1.4724 1.6259 3.9489 -6.7652 1.8587 8.5618 0.0165 0.9996
Car 0.0000 0.0000 0.0000 407.0000 173.0000 499.0000 206.0000 1.5285 1.6554 4.1457 -7.6718 1.5132 35.6647 0.0486 0.9984
Car 0.0000 0.0000 0.0000 1019.0000 181.0000 1645.0000 367.0000 1.4500 1.6100 3.9244 6.2632 1.5380 6.7631 0.1749 0.9976
Car 0.0000 0.0000 0.0000 705.0000 174.0000 741.0000 203.0000 1.4783 1.5850 3.9006 6.0478 1.4784 38.4192 1.5708 0.9806
Car 0.0000 0.0000 0.0000 354.0000 171.0000 402.0000 203.0000 1.5064 1.5907 3.7285 -11.6967 1.4006 36.6151 1.4725 0.9777
Car 0.0000 0.0000 0.0000 616.0000 169.0000 640.0000 192.0000 1.5102 1.5961 3.8092 1.2951 1.1747 48.5299 1.5708 0.9647
