Car 0.0000 0.0000 0.0000 825.0000 179.0000 1084.0000 262.0000 1.4665 1.6585 4.1493 6.4052 1.5912 13.7789 0.0807 0.9999
Car 0.0000 0.0000 0.0000 121.0000 179.0000 370.0000 265.0000 1.4826 1.6267 3.8985 -6.7758 1.6063 13.5975 0.0503 0.9997
Car 0.0000 0.0000 0.0000 443.0000 176.0000 532.0000 208.0000 1.5337 1.6733 4.2321 -6.1963 1.6713 36.8796 0.0563 0.9997
Car 0.0000 0.0000 0.0000 638.0000 178.0000 671.0000 205.0000 1.5085 1.6470 4.0393 2.6550 1.7473 42.4939 1.5569 0.9997
Car 0.0000 0.0000 0.0000 -143.0000 174.0000 299.0000 319.0000 1.5404 1.6647 4.1646 -6.1908 1.5691 8.6102 0.0631 0.9996
Car 0.0000 0.0000 0.0000 756.0000 194.0000 988.0000 358.0000 1.5185 1.5847 3.4054 2.8696 1.8000 8.7130 1.5708 0.9996
Car 0.0000 0.0000 0.0000 271.0000 182.0000 445.0000 244.0000 1.4715 1.6110 3.8609 -6.3671 1.6978 18.4208 0.0339 0.9993
Car 0.0000 0.0000 0.0000 341.0000 160.0000 487.0000 209.0000 1.6301 1.7463 4.6950 -6.8752 1.1966 25.5589 0.0699 0.9992
Car 0.0000 0.0000 0.0000 41.0000 175.0000 374.0000 285.0000 1.5376 1.6792 4.2357 -6.0620 1.5849 11.0683 0.0726 0.9992
Car 0.0000 0.0000 0.0000 708.0000 180.0000 822.0000 221.0000 1.4831 1.6299 4.0142 5.7711 1.7120 27.0968 0.0988 0.9986
Car 0.0000 0.0000 0.0000 214.0000 181.0000 432.0000 258.0000 1.6037 1.6745 4.2336 -6.3231 1.7851 16.0804 0.1022 0.9986
Car 0.0000 0.0000 0.0000 700.0000 173.0000 809.0000 212.0000 1.5210 1.6580 4.1219 5.8526 1.5066 29.3276 0.0313 0.9985
Car 0.0000 0.0000 0.0000 -269.0000 205.0000 256.0000 436.0000 1.5637 1.6514 4.0622 -5.4923 1.8741 6.4441 0.2933 0.9982
Car 0.0000 0.0000 0.0000 339.0000 186.0000 468.0000 235.0000 1.4866 1.5878 3.7070 -6.6234 1.9028 23.3172 0.0972 0.9947
Car 0.0000 0.0000 0.0000 714.0000 184.0000 852.0000 233.0000 1.5432 1.6651 4.2921 5.7472 1.9231 24.2685 0.0972 0.9926
Car 0.0000 0.0000 0.0000 503.0000 180.0000 533.0000 208.0000 1.5028 1.6021 3.7396 -5.1459 1.8279 40.5328 1.4325 0.9918
Car 0.0000 0.0000 0.0000 754.0000 180.0000 928.0000 241.0000 1.5225 1.6520 4.1522 6.0003 1.6978 19.0850 0.1333 0.9917
Car 0.0000 0.0000 0.0000 521.0000 175.0000 549.0000 198.0000 1.6032 1.6491 4.0103 -5.2551 1.6662 51.5711 1.5531 0.9912
