Car 0.0000 0.0000 0.0000 126.0000 184.0000 391.0000 271.0000 1.4717 1.6652 4.1430 -6.4344 1.6873 13.4328 0.0251 1.0000
Car 0.0000 0.0000 0.0000 666.0000 177.0000 762.0000 246.0000 1.5815 1.6469 3.6543 2.5773 1.6778 18.5999 1.4892 0.9998
Car 0.0000 0.0000 0.0000 344.0000 167.0000 483.0000 214.0000 1.5616 1.7046 4.4309 -6.8350 1.3546 25.3864 0.0328 0.9998
Car 0.0000 0.0000 0.0000 645.0000 176.0000 691.0000 216.0000 1.5274 1.5974 3.4990 2.3953 1.6434 29.7891 1.5708 0.9988
Car 0.0000 0.0000 0.0000 635.0000 180.0000 668.0000 207.0000 1.4983 1.6053 3.7839 2.5173 1.8301 41.7669 -1.4260 0.9988
Car 0.0000 0.0000 0.0000 661.0000 184.0000 723.0000 233.0000 1.5129 1.6232 3.9387 2.7113 1.8545 24.4198 1.5690 0.9978
Car 0.0000 0.0000 0.0000 490.0000 181.0000 524.0000 209.0000 1.4955 1.6278 4.1534 -5.7842 1.8943 41.1804 1.5031 0.9974
Car 0.0000 0.0000 0.0000 39.0000 186.0000 367.0000 299.0000 1.4942 1.6373 4.0602 -5.9257 1.6932 10.6578 0.1249 0.9969
Car 0.0000 0.0000 0.0000 1171.0000 195.0000 1839.0000 684.0000 1.4655 1.5923 3.8560 4.3960 1.6394 4.3147 -0.9250 0.9968
Car 0.0000 0.0000 0.0000 420.0000 177.0000 515.0000 213.0000 1.5509 1.6352 3.9611 -6.4418 1.7139 32.8089 0.3442 0.9942
Car 0.0000 0.0000 0.0000 362.0000 182.0000 431.0000 246.0000 1.5086 1.6112 3.7756 -5.6294 1.7385 19.2845 1.3257 0.9848
Car 0.0000 0.0000 0.0000 230.0000 182.0000 438.0000 260.0000 1.6067 1.6574 4.0945 -6.1368 1.8012 16.1198 0.2074 0.9843
Car 0.0000 0.0000 0.0000 326.0000 178.0000 469.0000 229.0000 1.5542 1.6493 4.1003 -6.7913 1.7137 23.2815 0.0676 0.9792
Car 0.0000 0.0000 0.0000 383.0000 178.0000 492.0000 220.0000 1.5454 1.5980 3.7758 -6.6576 1.7213 28.0171 0.1560 0.9632
