Car 0.0000 0.0000 0.0000 360.0000 180.0000 482.0000 268.0000 1.5311 1.6195 3.4916 -3.6547 1.6569 14.4081 1.5393 0.9999
Car 0.0000 0.0000 0.0000 585.0000 179.0000 625.0000 216.0000 1.5486 1.6346 3.5858 -0.2334 1.7672 31.9835 1.5237 0.9999
Car 0.0000 0.0000 0.0000 487.0000 145.0000 536.0000 190.0000 1.5503 1.6561 3.9636 -3.6177 0.5581 27.0667 1.4689 0.9998
Car 0.0000 0.0000 0.0000 449.0000 180.0000 489.0000 208.0000 1.5198 1.6288 3.7138 -7.9207 1.8620 41.0203 1.5379 0.9998
Car 0.0000 0.0000 0.0000 -292.0000 195.0000 123.0000 354.0000 1.5196 1.6405 3.9870 -8.5051 1.8522 9.3770 1.5454 0.9996
Car 0.0000 0.0000 0.0000 160.0000 176.0000 314.0000 257.0000 1.5267 1.6070 3.5356 -7.8598 1.5947 15.5135 1.5322 0.9996
Car 0.0000 0.0000 0.0000 2.0000 184.0000 172.0000 258.0000 1.5331 1.6132 3.6124 -12.3027 1.7955 17.2100 1.5028 0.9990
Car 0.0000 0.0000 0.0000 308.0000 180.0000 392.0000 234.0000 1.5112 1.6041 3.6479 -7.9557 1.7136 22.3532 1.4761 0.9990
Car 0.0000 0.0000 0.0000 289.0000 181.0000 334.0000 219.0000 1.5079 1.6159 3.9218 -12.7497 1.8103 30.7061 1.1393 0.9960
Car 0.0000 0.0000 0.0000 498.0000 179.0000 525.0000 197.0000 1.5107 1.6152 3.9174 -8.1501 1.8977 60.5943 1.5708 0.9934
Car 0.0000 0.0000 0.0000 538.0000 163.0000 566.0000 191.0000 2.1614 1.8666 4.8778 -4.6082 1.3126 59.0803 1.5708 0.9794
