Car 0.0000 0.0000 0.0000 -60.0000 218.0000 280.0000 357.0000 1.3943 1.5762 3.6293 -6.2511 1.9984 9.0272 0.2827 0.9999
Car 0.0000 0.0000 0.0000 881.0000 167.0000 1040.0000 264.0000 1.7121 1.6918 4.1459 6.9547 1.6046 14.7842 -1.4388 0.9996
Car 0.0000 0.0000 0.0000 656.0000 179.0000 732.0000 251.0000 1.5147 1.5876 3.4378 2.0396 1.6455 16.9558 -1.4084 0.9994
Car 0.0000 0.0000 0.0000 499.0000 182.0000 525.0000 201.0000 1.5073 1.6181 3.8189 -7.8438 2.1348 58.6498 1.5708 0.9993
Car 0.0000 0.0000 0.0000 862.0000 170.0000 938.0000 229.0000 1.5086 1.6233 3.9055 8.2616 1.4330 20.7408 -1.2886 0.9993
Car 0.0000 0.0000 0.0000 821.0000 164.0000 890.0000 202.0000 1.5297 1.6468 4.0793 10.6131 1.1350 31.2700 1.5708 0.9993
Car 0.0000 0.0000 0.0000 716.0000 180.0000 758.0000 218.0000 1.5047 1.5914 3.5974 5.3913 1.7644 30.6524 -1.4335 0.9983
Car 0.0000 0.0000 0.0000 681.0000 169.0000 740.0000 224.0000 1.5114 1.6159 3.9206 2.9914 1.3876 21.9542 -1.4709 0.9977
Car 0.0000 0.0000 0.0000 1110.0000 167.0000 3400.0000 1089.0000 1.5093 1.5932 3.6574 3.9880 1.5177 3.1000 -1.4238 0.9977
Car 0.0000 0.0000 0.0000 640.0000 174.0000 681.0000 214.0000 1.5247 1.6150 3.8710 2.1124 1.5566 30.1045 1.5708 0.9935
Car 0.0000 0.0000 0.0000 823.0000 171.0000 860.0000 199.0000 1.4933 1.5964 3.8173 13.3826 1.3618 41.5433 -1.3573 0.9902
Car 0.0000 0.0000 0.0000 684.0000 143.0000 718.0000 175.0000 1.5582 1.6303 3.9152 4.8902 0.0223 38.4283 -1.4815 0.9758
Car 0.0000 0.0000 0.0000 808.0000 175.0000 828.0000 192.0000 1.4986 1.5977 3.8405 18.9619 1.6087 65.2524 -1.3405 0.9722
