Car 0.0000 0.0000 0.0000 576.0000 175.0000 612.0000 207.0000 1.5284 1.6292 3.6901 -0.7169 1.5876 36.8038 1.5708 0.9998
Car 0.0000 0.0000 0.0000 369.0000 183.0000 467.0000 250.0000 1.5232 1.6470 3.9523 -4.8273 1.7609 18.6376 1.5250 0.9997
Car 0.0000 0.0000 0.0000 458.0000 178.0000 512.0000 221.0000 1.5125 1.6414 3.9208 -4.7466 1.6980 27.9728 1.5064 0.9997
Car 0.0000 0.0000 0.0000 89.0000 184.0000 375.0000 343.0000 1.5166 1.6063 3.5779 -4.3185 1.6633 8.8305 1.5708 0.9997
Car 0.0000 0.0000 0.0000 324.0000 181.0000 404.0000 228.0000 1.5030 1.6379 4.0400 -8.6727 1.7708 25.7565 1.5295 0.9994
Car 0.0000 0.0000 0.0000 86.0000 172.0000 157.0000 204.0000 1.8479 1.7440 4.1933 -29.8647 1.7799 44.2431 1.4931 0.9993
Car 0.0000 0.0000 0.0000 444.0000 174.0000 481.0000 198.0000 1.5130 1.6239 3.8863 -9.5482 1.5251 47.2601 1.5652 0.9990
Car 0.0000 0.0000 0.0000 -101.0000 191.0000 130.0000 276.0000 1.5140 1.6125 3.7835 -12.3662 1.9026 15.2698 1.5708 0.9982
Car 0.0000 0.0000 0.0000 214.0000 177.0000 308.0000 223.0000 1.5095 1.6150 3.7833 -12.5000 1.6388 26.0665 1.5553 0.9939
Car 0.0000 0.0000 0.0000 484.0000 163.0000 509.0000 186.0000 1.8764 1.7673 4.5394 -9.6934 0.9995 62.4142 1.5013 0.9937
Car 0.0000 0.0000 0.0000 160.0000 180.0000 305.0000 256.0000 1.4961 1.5922 3.8182 -8.4508 1.6503 16.4559 1.4815 0.9875
