Car 0.0000 0.0000 0.0000 742.0000 183.0000 941.0000 282.0000 1.5418 1.6200 3.4995 4.0711 1.7221 13.2766 1.1937 0.9996
Car 0.0000 0.0000 0.0000 147.0000 194.0000 238.0000 236.0000 1.5065 1.6503 4.1488 -17.0010 2.3671 29.5782 1.4737 0.9994
Car 0.0000 0.0000 0.0000 -136.0000 195.0000 51.0000 262.0000 1.5161 1.6261 3.8787 -17.5123 2.1513 19.5743 1.5620 0.9989
Car 0.0000 0.0000 0.0000 94.0000 204.0000 158.0000 232.0000 1.4986 1.6327 3.8809 -29.5743 3.4219 44.2107 1.4657 0.9938
Car 0.0000 0.0000 0.0000 395.0000 190.0000 430.0000 212.0000 1.5009 1.6181 3.9017 -14.3782 2.7251 53.0016 1.5389 0.9934
Car 0.0000 0.0000 0.0000 715.0000 179.0000 735.0000 197.0000 1.4896 1.5864 3.8253 9.5719 1.8671 59.2196 -1.4161 0.9863
Car 0.0000 0.0000 0.0000 378.0000 185.0000 421.0000 209.0000 1.4926 1.6089 4.0048 -14.2651 2.2780 49.3129 1.5708 0.9739
Car 0.0000 0.0000 0.0000 -1763.0000 196.0000 -1147.0000 293.0000 1.5613 1.6911 4.1362 -41.1400 2.0702 14.6556 1.1242 0.9620
Car 0.0000 0.0000 0.0000 -1099.0000 193.0000 -757.0000 261.0000 1.5613 1.6911 4.1360 -41.1386 2.1062 19.4825 1.1242 0.9614
Car 0.0000 0.0000 0.0000 -726.0000 190.0000 -508.0000 243.0000 1.5613 1.6911 4.1360 -41.1373 2.1423 24.3097 1.1242 0.9613
Car 0.0000 0.0000 0.0000 95.0000 184.0000 129.0000 204.0000 1.5613 1.6911 4.1360 -41.1276 2.4074 59.7091 1.1242 0.9613
Car 0.0000 0.0000 0.0000 -486.0000 189.0000 -337.0000 232.0000 1.5614 1.6911 4.1359 -41.1360 2.1784 29.1367 1.1242 0.9611
Car 0.0000 0.0000 0.0000 -320.0000 187.0000 -210.0000 224.0000 1.5615 1.6910 4.1357 -41.1346 2.2144 33.9635 1.1242 0.9603
