Car 0.0000 0.0000 0.0000 426.0000 150.0000 519.0000 220.0000 1.5471 1.6535 3.8851 -3.3379 1.0383 18.0816 1.5549 0.9998
Car 0.0000 0.0000 0.0000 586.0000 179.0000 623.0000 212.0000 1.5319 1.6036 3.3657 -0.2698 1.7735 35.2594 1.5030 0.9997
Car 0.0000 0.0000 0.0000 398.0000 181.0000 454.0000 219.0000 1.5191 1.6246 3.7054 -7.7559 1.8165 30.7801 1.5260 0.9997
Car 0.0000 0.0000 0.0000 305.0000 183.0000 402.0000 240.0000 1.5181 1.6093 3.5770 -7.4078 1.7915 21.1412 1.5608 0.9997
Car 0.0000 0.0000 0.0000 48.0000 182.0000 215.0000 249.0000 1.5191 1.6585 4.2237 -12.2877 1.7504 18.8634 1.5462 0.9996
Car 0.0000 0.0000 0.0000 -176.0000 192.0000 370.0000 492.0000 1.5272 1.6306 3.8704 -3.4451 1.7145 5.7948 1.5708 0.9995
Car 0.0000 0.0000 0.0000 266.0000 186.0000 341.0000 227.0000 1.5099 1.6244 3.8170 -12.5649 2.0393 29.8001 1.5196 0.9993
Car 0.0000 0.0000 0.0000 489.0000 181.0000 527.0000 216.0000 1.5003 1.6202 4.0380 -4.7278 1.8142 33.2632 1.4098 0.9970
Car 0.0000 0.0000 0.0000 473.0000 180.0000 504.0000 203.0000 1.5092 1.6020 3.7656 -8.1722 1.8932 49.2106 1.5363 0.9868
Car 0.0000 0.0000 0.0000 -234.0000 184.0000 152.0000 337.0000 1.5014 1.5797 3.6487 -7.7845 1.6541 9.1043 1.5708 0.9863
Car 0.0000 0.0000 0.0000 525.0000 164.0000 559.0000 198.0000 2.2210 1.8834 4.8828 -4.4614 1.5846 49.0387 1.5621 0.9788
Car 0.0000 0.0000 0.0000 641.0000 181.0000 680.0000 213.0000 1.5190 1.6378 4.0119 2.5565 1.8738 36.4431 1.5708 0.9662
