Car 0.0000 0.0000 0.0000 645.0000 175.0000 738.0000 242.0000 1.5323 1.6126 3.4312 2.0183 1.5892 18.6448 1.4495 0.9998
Car 0.0000 0.0000 0.0000 566.0000 180.0000 600.0000 211.0000 1.5326 1.6003 3.4074 -1.3742 1.8331 37.3711 1.4943 0.9996
Car 0.0000 0.0000 0.0000 364.0000 181.0000 438.0000 238.0000 1.5170 1.6200 3.7067 -6.0437 1.7296 21.1690 1.4239 0.9996
Car 0.0000 0.0000 0.0000 727.0000 177.0000 966.0000 322.0000 1.5197 1.6497 4.0780 2.8328 1.5740 9.6840 1.5153 0.9995
Car 0.0000 0.0000 0.0000 611.0000 176.0000 673.0000 223.0000 1.5285 1.6296 3.7594 1.0711 1.6245 25.6650 1.4606 0.9993
Car 0.0000 0.0000 0.0000 820.0000 162.0000 1595.0000 592.0000 1.5270 1.6390 3.9574 2.6669 1.5065 4.5467 1.5708 0.9990
Car 0.0000 0.0000 0.0000 524.0000 179.0000 547.0000 197.0000 1.5168 1.6066 3.6719 -6.3852 1.9327 62.8166 1.5708 0.9990
Car 0.0000 0.0000 0.0000 533.0000 180.0000 561.0000 204.0000 1.4975 1.6173 3.9627 -4.0460 1.8854 47.6723 1.5343 0.9988
Car 0.0000 0.0000 0.0000 417.0000 181.0000 463.0000 208.0000 1.4961 1.6206 4.0895 -9.7885 1.9091 41.9673 1.5708 0.9941
Car 0.0000 0.0000 0.0000 592.0000 183.0000 618.0000 206.0000 1.5040 1.6358 4.0918 -0.2187 2.1407 50.8237 1.5708 0.9879
Car 0.0000 0.0000 0.0000 639.0000 173.0000 671.0000 203.0000 1.5051 1.5992 3.8054 2.4203 1.4784 38.4170 1.5708 0.9707
Car 0.0000 0.0000 0.0000 401.0000 174.0000 431.0000 195.0000 1.5241 1.6239 4.0402 -14.3629 1.5113 53.8457 1.4585 0.9652
