Car 0.0000 0.0000 0.0000 771.0000 185.0000 1096.0000 370.0000 1.5290 1.6467 4.0312 3.2291 1.6814 8.2209 1.5019 0.9997
Car 0.0000 0.0000 0.0000 472.0000 168.0000 528.0000 215.0000 1.5205 1.6499 4.0112 -3.8432 1.3541 25.8150 1.5037 0.9997
Car 0.0000 0.0000 0.0000 716.0000 180.0000 851.0000 274.0000 1.5331 1.6104 3.5730 3.1192 1.6644 13.6913 1.5504 0.9995
Car 0.0000 0.0000 0.0000 219.0000 180.0000 450.0000 325.0000 1.5057 1.6097 3.7925 -3.3516 1.5925 9.4780 1.5681 0.9994
Car 0.0000 0.0000 0.0000 1030.0000 180.0000 3966.0000 1353.0000 1.5057 1.6077 3.8497 3.5345 1.5438 2.8770 1.5708 0.9993
Car 0.0000 0.0000 0.0000 676.0000 179.0000 754.0000 239.0000 1.5263 1.6112 3.6958 2.8746 1.6694 20.3122 1.5658 0.9992
Car 0.0000 0.0000 0.0000 -859.0000 51.0000 342.0000 790.0000 1.7327 1.7104 4.1902 -2.8940 1.4522 3.8634 1.4519 0.9988
Car 0.0000 0.0000 0.0000 653.0000 174.0000 706.0000 222.0000 1.5053 1.6075 3.7677 2.3470 1.5409 24.8570 1.5708 0.9987
Car 0.0000 0.0000 0.0000 639.0000 172.0000 683.0000 210.0000 1.5114 1.6209 3.9274 2.1399 1.4421 30.5300 1.5708 0.9984
Car 0.0000 0.0000 0.0000 618.0000 170.0000 636.0000 187.0000 1.5040 1.6000 3.8007 1.6433 1.1359 64.1088 1.5708 0.9981
Car 0.0000 0.0000 0.0000 624.0000 162.0000 658.0000 189.0000 1.5216 1.6008 3.7250 1.8706 0.8644 42.6324 1.5174 0.9949
Car 0.0000 0.0000 0.0000 503.0000 158.0000 547.0000 194.0000 1.5282 1.6029 3.6954 -3.7923 0.8670 33.0622 1.5627 0.9835
