Car 0.0000 0.0000 0.0000 657.0000 174.0000 758.0000 252.0000 1.6664 1.7025 4.0164 2.2371 1.6823 17.4821 1.5256 0.9999
Car 0.0000 0.0000 0.0000 184.0000 192.0000 413.0000 272.0000 1.4542 1.6162 3.8534 -6.1085 1.8399 14.3497 0.0314 0.9999
Car 0.0000 0.0000 0.0000 31.0000 180.0000 346.0000 282.0000 1.5246 1.6801 4.2379 -6.8041 1.6514 11.8550 0.0410 0.9997
Car 0.0000 0.0000 0.0000 260.0000 180.0000 430.0000 239.0000 1.5004 1.6384 4.0007 -7.0979 1.6764 19.5038 0.0525 0.9994
Car 0.0000 0.0000 0.0000 640.0000 177.0000 680.0000 213.0000 1.5142 1.6232 3.8362 2.2494 1.6546 32.7583 1.5708 0.9992
Car 0.0000 0.0000 0.0000 467.0000 178.0000 508.0000 209.0000 1.5083 1.6333 4.0580 -6.1931 1.7049 37.1108 1.5164 0.9978
Car 0.0000 0.0000 0.0000 398.0000 185.0000 499.0000 224.0000 1.4593 1.5834 3.6848 -6.4258 1.9434 28.9680 0.0894 0.9976
Car 0.0000 0.0000 0.0000 499.0000 180.0000 532.0000 206.0000 1.4884 1.5922 3.9068 -5.7613 1.8973 44.6777 1.5594 0.9906
Car 0.0000 0.0000 0.0000 344.0000 179.0000 484.0000 226.0000 1.5587 1.7168 4.4555 -6.8075 1.7446 25.3244 0.0514 0.9904
Car 0.0000 0.0000 0.0000 789.0000 164.0000 873.0000 194.0000 1.5593 1.6642 4.1447 12.1750 1.0760 39.6168 0.1134 0.9796
