Car 0.0000 0.0000 0.0000 310.0000 188.0000 435.0000 262.0000 1.5346 1.6718 4.1104 -5.6326 1.9003 17.5804 1.5708 0.9998
Car 0.0000 0.0000 0.0000 -470.0000 201.0000 180.0000 468.0000 1.5224 1.6446 3.9988 -5.9417 1.8380 6.4741 1.5708 0.9996
Car 0.0000 0.0000 0.0000 497.0000 182.0000 531.0000 210.0000 1.4989 1.6214 4.0039 -5.3631 1.9834 41.1511 1.5107 0.9985
Car 0.0000 0.0000 0.0000 389.0000 184.0000 468.0000 237.0000 1.4911 1.6022 3.9201 -5.6642 1.8370 22.9489 1.5558 0.9980
Car 0.0000 0.0000 0.0000 429.0000 181.0000 499.0000 223.0000 1.5023 1.6131 3.9472 -5.5677 1.7700 27.9416 1.5708 0.9972
Car 0.0000 0.0000 0.0000 1017.0000 181.0000 6959.0000 2834.0000 1.5215 1.5864 3.4853 2.9202 1.5588 2.1985 1.5708 0.9971
Car 0.0000 0.0000 0.0000 885.0000 158.0000 947.0000 192.0000 1.9558 1.7841 4.6141 18.3699 1.0445 43.2064 1.5708 0.9938
Car 0.0000 0.0000 0.0000 457.0000 171.0000 483.0000 194.0000 1.5804 1.6258 3.8853 -9.7810 1.3845 50.9648 1.4139 0.9885
Car 0.0000 0.0000 0.0000 477.0000 171.0000 517.0000 203.0000 1.5112 1.6076 3.9708 -5.4619 1.3725 35.4113 1.5079 0.9832
Car 0.0000 0.0000 0.0000 716.0000 169.0000 742.0000 193.0000 1.5111 1.6132 3.9412 8.0461 1.2228 48.4552 -1.4387 0.9746
