Car 0.0000 0.0000 0.0000 194.0000 195.0000 366.0000 290.0000 1.5212 1.6133 3.5878 -6.2066 1.9738 13.9645 1.5708 0.9998
Car 0.0000 0.0000 0.0000 326.0000 190.0000 438.0000 256.0000 1.5251 1.6547 4.1272 -6.0365 2.0053 19.5747 1.5708 0.9997
Car 0.0000 0.0000 0.0000 685.0000 179.0000 792.0000 251.0000 1.5269 1.6267 3.8438 2.9858 1.6652 17.4961 1.4902 0.9994
Car 0.0000 0.0000 0.0000 526.0000 182.0000 548.0000 201.0000 1.5153 1.6298 3.9247 -5.9198 2.1690 60.0360 1.5096 0.9991
Car 0.0000 0.0000 0.0000 416.0000 181.0000 466.0000 224.0000 1.4993 1.6352 4.0933 -6.3789 1.7648 27.5854 1.3928 0.9991
Car 0.0000 0.0000 0.0000 561.0000 181.0000 583.0000 200.0000 1.5076 1.6140 3.8656 -3.1316 2.1552 62.0850 1.5708 0.9975
Car 0.0000 0.0000 0.0000 827.0000 165.0000 883.0000 183.0000 1.5489 1.6787 4.2583 21.0752 0.7808 61.7625 0.0830 0.9744
Car 0.0000 0.0000 0.0000 399.0000 178.0000 438.0000 208.0000 1.4925 1.5918 3.8163 -10.0658 1.7395 38.2395 1.4178 0.9629
Car 0.0000 0.0000 0.0000 716.0000 177.0000 737.0000 196.0000 1.5014 1.5990 3.8723 9.9274 1.7831 60.6634 -1.4474 0.9629
Car 0.0000 0.0000 0.0000 635.0000 175.0000 655.0000 193.0000 1.5842 1.6471 4.0387 3.3530 1.7333 66.7909 1.5615 0.9610
Car 0.0000 0.0000 0.0000 504.0000 186.0000 537.0000 213.0000 1.5165 1.6178 3.9115 -5.4069 2.2772 44.3440 1.5399 0.9606
