Car 0.0000 0.0000 0.0000 697.0000 185.0000 815.0000 269.0000 1.5281 1.6079 3.4674 2.9291 1.7723 15.1920 1.5189 0.9998
Car 0.0000 0.0000 0.0000 446.0000 182.0000 527.0000 212.0000 1.4902 1.6464 4.0316 -6.4994 1.9549 38.4415 0.0425 0.9998
Car 0.0000 0.0000 0.0000 374.0000 160.0000 495.0000 202.0000 1.5778 1.7009 4.4062 -6.9365 1.0731 28.8697 0.0505 0.9994
Car 0.0000 0.0000 0.0000 -208.0000 193.0000 281.0000 363.0000 1.5299 1.6330 3.9614 -5.8357 1.7642 7.5651 0.0636 0.9993
Car 0.0000 0.0000 0.0000 686.0000 184.0000 784.0000 219.0000 1.4900 1.6552 4.1774 5.6965 1.9961 32.8734 0.0258 0.9992
Car 0.0000 0.0000 0.0000 284.0000 180.0000 454.0000 241.0000 1.5449 1.6472 4.0608 -6.4859 1.7317 19.6121 0.0667 0.9990
Car 0.0000 0.0000 0.0000 734.0000 181.0000 862.0000 227.0000 1.4990 1.6424 4.0842 6.5053 1.7721 25.1291 0.0959 0.9988
Car 0.0000 0.0000 0.0000 769.0000 184.0000 917.0000 235.0000 1.4934 1.6465 4.0448 7.1605 1.8294 22.3716 0.0529 0.9979
Car 0.0000 0.0000 0.0000 158.0000 192.0000 404.0000 287.0000 1.4693 1.6027 3.7866 -5.7573 1.8110 12.6542 0.2641 0.9974
Car 0.0000 0.0000 0.0000 201.0000 181.0000 431.0000 262.0000 1.5385 1.6399 4.0411 -5.9265 1.7111 14.7043 0.0954 0.9952
Car 0.0000 0.0000 0.0000 -4171.0000 -1837.0000 1409.0000 563.0000 1.4976 1.6048 3.9495 2.9783 1.7201 1.3078 1.5045 0.9933
Car 0.0000 0.0000 0.0000 513.0000 178.0000 542.0000 203.0000 1.5045 1.6088 3.8967 -5.0347 1.7583 44.8506 1.5047 0.9862
Car 0.0000 0.0000 0.0000 -43.0000 176.0000 303.0000 306.0000 1.5678 1.6631 4.1487 -6.6470 1.6268 10.0156 0.2487 0.9819
Car 0.0000 0.0000 0.0000 639.0000 171.0000 672.0000 204.0000 1.8004 1.7328 4.5241 2.6727 1.6639 41.9715 1.5708 0.9806
