Car 0.0000 0.0000 0.0000 512.0000 179.0000 536.0000 196.0000 1.5121 1.6222 3.8691 -7.7486 1.9581 66.1233 1.5708 0.9993
Car 0.0000 0.0000 0.0000 581.0000 173.0000 600.0000 189.0000 1.5337 1.6405 3.8978 -1.7183 1.4186 70.8912 1.5708 0.9984
Car 0.0000 0.0000 0.0000 400.0000 179.0000 465.0000 216.0000 1.5047 1.6140 3.8972 -7.6336 1.7269 31.4568 1.5708 0.9981
Car 0.0000 0.0000 0.0000 94.0000 206.0000 181.0000 244.0000 1.5173 1.6204 3.7095 -21.9086 3.0932 33.6035 1.5708 0.9966
Car 0.0000 0.0000 0.0000 488.0000 175.0000 517.0000 196.0000 1.5070 1.6257 4.0830 -7.8407 1.5680 53.3612 1.5386 0.9876
Car 0.0000 0.0000 0.0000 490.0000 182.0000 528.0000 209.0000 1.4894 1.5911 3.8594 -5.8156 1.9649 42.3690 1.5708 0.9871
Car 0.0000 0.0000 0.0000 497.0000 175.0000 523.0000 194.0000 1.4936 1.5982 3.9295 -8.2160 1.6294 60.0782 1.5708 0.9814
Car 0.0000 0.0000 0.0000 362.0000 175.0000 404.0000 197.0000 1.6222 1.6617 4.2121 -17.4845 1.7513 55.9948 -1.4811 0.9798
Car 0.0000 0.0000 0.0000 371.0000 187.0000 399.0000 203.0000 1.4924 1.6214 4.0766 -22.0109 2.7718 70.9274 1.5215 0.9793
Car 0.0000 0.0000 0.0000 788.0000 161.0000 811.0000 183.0000 1.6515 1.6788 4.1578 15.3861 0.6980 58.0387 -1.3204 0.9782
Car 0.0000 0.0000 0.0000 224.0000 166.0000 260.0000 186.0000 1.5406 1.6129 3.7224 -29.2103 0.9113 57.4838 1.3758 0.9771
Car 0.0000 0.0000 0.0000 173.0000 171.0000 217.0000 191.0000 1.5161 1.6065 3.9444 -32.4785 1.2879 56.5767 1.4479 0.9769
Car 0.0000 0.0000 0.0000 441.0000 174.0000 477.0000 198.0000 1.5039 1.6086 3.9940 -9.8314 1.5487 47.4554 1.5634 0.9694
Car 0.0000 0.0000 0.0000 -58.0000 210.0000 63.0000 258.0000 1.5094 1.6266 3.8366 -23.1280 2.9843 27.6093 1.4983 0.9652
