Car 0.0000 0.0000 0.0000 668.0000 174.0000 756.0000 237.0000 1.5395 1.6659 4.0367 2.6934 1.5543 19.7543 1.5319 0.9999
Car 0.0000 0.0000 0.0000 818.0000 187.0000 1687.0000 674.0000 1.5472 1.6597 3.9006 2.6924 1.6586 4.3531 1.5331 0.9998
Car 0.0000 0.0000 0.0000 652.0000 174.0000 690.0000 209.0000 1.5162 1.6218 3.7191 2.8199 1.5578 33.5156 1.5708 0.9997
Car 0.0000 0.0000 0.0000 -260.0000 195.0000 211.0000 366.0000 1.4709 1.5949 3.6806 -6.3479 1.7140 7.3550 0.1295 0.9997
Car 0.0000 0.0000 0.0000 718.0000 180.0000 926.0000 314.0000 1.5305 1.6529 3.9431 2.7435 1.6337 10.3401 1.5261 0.9996
Car 0.0000 0.0000 0.0000 420.0000 172.0000 528.0000 211.0000 1.5790 1.6818 4.2695 -5.7566 1.5108 30.8610 0.0667 0.9992
Car 0.0000 0.0000 0.0000 319.0000 147.0000 474.0000 202.0000 1.6356 1.7085 4.4210 -6.7456 0.8492 23.0379 0.0860 0.9976
Car 0.0000 0.0000 0.0000 279.0000 177.0000 461.0000 242.0000 1.5401 1.6470 4.0438 -5.9880 1.6296 18.2143 0.0779 0.9976
Car 0.0000 0.0000 0.0000 534.0000 166.0000 557.0000 185.0000 1.6376 1.6613 3.9203 -5.5360 0.9673 62.8015 1.4082 0.9956
Car 0.0000 0.0000 0.0000 396.0000 177.0000 508.0000 217.0000 1.5137 1.6412 4.0340 -6.2033 1.6433 28.5014 0.2839 0.9953
Car 0.0000 0.0000 0.0000 463.0000 149.0000 501.0000 180.0000 1.5554 1.6315 4.0458 -6.6453 0.3005 38.0158 1.4763 0.9716
Car 0.0000 0.0000 0.0000 400.0000 171.0000 475.0000 220.0000 1.5843 1.6680 4.1774 -6.0121 1.5194 25.6077 1.5679 0.9674
