Car 0.0000 0.0000 0.0000 560.0000 172.0000 592.0000 199.0000 1.5076 1.6167 3.8379 -1.9194 1.4102 42.7009 1.5708 0.9991
Car 0.0000 0.0000 0.0000 648.0000 169.0000 668.0000 186.0000 1.5147 1.6240 3.9624 4.7096 1.0962 68.6597 1.5608 0.9986
Car 0.0000 0.0000 0.0000 320.0000 175.0000 458.0000 224.0000 1.5233 1.6523 4.1431 -7.3795 1.5571 24.2978 -0.7357 0.9980
Car 0.0000 0.0000 0.0000 591.0000 173.0000 618.0000 195.0000 1.5010 1.6280 4.0998 -0.3406 1.4569 52.6826 1.4923 0.9971
Car 0.0000 0.0000 0.0000 -8.0000 164.0000 75.0000 201.0000 1.5149 1.6059 3.7157 -25.4012 1.1293 31.8577 1.2812 0.9966
Car 0.0000 0.0000 0.0000 528.0000 179.0000 554.0000 200.0000 1.4938 1.5995 3.8590 -5.0015 1.8852 53.5057 1.5658 0.9961
Car 0.0000 0.0000 0.0000 481.0000 172.0000 502.0000 188.0000 1.5007 1.6287 4.0983 -11.1883 1.3100 68.8265 1.4905 0.9941
Car 0.0000 0.0000 0.0000 477.0000 180.0000 504.0000 200.0000 1.4917 1.5969 3.9158 -9.1610 1.9298 55.9469 1.5413 0.9940
Car 0.0000 0.0000 0.0000 418.0000 179.0000 451.0000 200.0000 1.4981 1.6045 3.8611 -13.0687 1.8963 54.0784 1.5532 0.9934
Car 0.0000 0.0000 0.0000 -65.0000 191.0000 28.0000 221.0000 1.4516 1.5624 3.5492 -33.2394 2.3694 38.2033 -0.5186 0.9930
Car 0.0000 0.0000 0.0000 759.0000 155.0000 795.0000 177.0000 1.5520 1.6324 3.8728 12.9376 0.1927 55.4797 1.5199 0.9642
Car 0.0000 0.0000 0.0000 1003.0000 140.0000 1136.0000 197.0000 1.5241 1.6152 3.7641 13.5082 0.6353 21.4242 1.5708 0.9617
Car 0.0000 0.0000 0.0000 -233.0000 185.0000 -146.0000 218.0000 1.5576 1.6881 4.0921 -41.1829 2.1648 37.1996 1.0855 0.9602
