Car 0.0000 0.0000 0.0000 576.0000 180.0000 608.0000 209.0000 1.5188 1.6317 3.8013 -0.9257 1.8958 41.2556 1.5708 0.9997
Car 0.0000 0.0000 0.0000 221.0000 183.0000 343.0000 250.0000 1.5261 1.6200 3.6363 -8.2435 1.7623 18.4087 1.5146 0.9997
Car 0.0000 0.0000 0.0000 333.0000 151.0000 473.0000 263.0000 2.0663 1.8415 4.8671 -4.3096 1.6638 15.7777 1.5329 0.9995
Car 0.0000 0.0000 0.0000 19.0000 180.0000 231.0000 284.0000 1.5209 1.6010 3.4972 -8.2061 1.6431 12.5439 1.4675 0.9994
Car 0.0000 0.0000 0.0000 -1504.0000 221.0000 138.0000 920.0000 1.5102 1.6379 4.0319 -4.6598 1.8921 3.8620 1.5301 0.9993
Car 0.0000 0.0000 0.0000 467.0000 181.0000 515.0000 223.0000 1.5167 1.6093 3.7148 -4.4973 1.7811 27.7940 1.4638 0.9989
Car 0.0000 0.0000 0.0000 -28.0000 183.0000 158.0000 266.0000 1.5102 1.6020 3.6879 -11.3206 1.7059 15.2505 1.4152 0.9986
Car 0.0000 0.0000 0.0000 529.0000 182.0000 553.0000 201.0000 1.5034 1.6056 3.8320 -5.5035 2.1305 58.8026 1.5569 0.9970
Car 0.0000 0.0000 0.0000 518.0000 183.0000 553.0000 206.0000 1.5020 1.6168 3.9383 -5.0254 2.1461 49.8160 -1.4569 0.9964
Car 0.0000 0.0000 0.0000 497.0000 186.0000 528.0000 215.0000 1.5012 1.6239 4.0140 -5.2739 2.1628 39.5808 1.4471 0.9958
Car 0.0000 0.0000 0.0000 212.0000 180.0000 294.0000 224.0000 1.4969 1.5877 3.7790 -13.2173 1.7417 26.9219 1.4536 0.9901
