Car 0.0000 0.0000 0.0000 380.0000 190.0000 465.0000 246.0000 1.5244 1.6541 3.9838 -5.8062 2.0742 22.7640 1.5659 0.9998
Car 0.0000 0.0000 0.0000 242.0000 190.0000 394.0000 277.0000 1.5367 1.6553 4.0187 -6.0160 1.9167 15.3359 1.5583 0.9998
Car 0.0000 0.0000 0.0000 699.0000 173.0000 806.0000 245.0000 1.5049 1.6301 3.9314 3.2592 1.5103 17.1795 1.5364 0.9996
Car 0.0000 0.0000 0.0000 -29.0000 198.0000 288.0000 356.0000 1.5322 1.6295 3.7982 -5.9030 1.9120 9.4183 1.5692 0.9996
Car 0.0000 0.0000 0.0000 672.0000 180.0000 752.0000 234.0000 1.5218 1.6483 4.1130 3.1370 1.7267 22.8177 1.5057 0.9996
Car 0.0000 0.0000 0.0000 1022.0000 143.0000 1393.0000 250.0000 1.5248 1.6656 4.2225 9.1280 1.1130 11.3655 0.1497 0.9994
Car 0.0000 0.0000 0.0000 517.0000 181.0000 547.0000 203.0000 1.5058 1.6086 3.7605 -5.6157 2.0478 52.9682 1.5708 0.9993
Car 0.0000 0.0000 0.0000 988.0000 144.0000 1263.0000 229.0000 1.4804 1.6197 3.9488 9.6020 0.9817 13.6919 0.1101 0.9989
Car 0.0000 0.0000 0.0000 921.0000 161.0000 1073.0000 234.0000 1.4698 1.6039 3.8846 8.8094 1.2104 16.2732 -0.6736 0.9986
Car 0.0000 0.0000 0.0000 -1137.0000 207.0000 72.0000 649.0000 1.5053 1.6174 3.9904 -5.8686 1.8053 4.7196 1.5706 0.9963
Car 0.0000 0.0000 0.0000 639.0000 178.0000 671.0000 202.0000 1.4964 1.5980 3.8230 3.0428 1.7688 46.7846 -1.3652 0.9889
Car 0.0000 0.0000 0.0000 379.0000 179.0000 427.0000 209.0000 1.4974 1.5822 3.6745 -11.0651 1.7897 38.8790 1.5588 0.9885
Car 0.0000 0.0000 0.0000 862.0000 161.0000 970.0000 223.0000 1.4692 1.5855 3.7029 7.9965 1.1747 19.1345 -1.4751 0.9822
Car 0.0000 0.0000 0.0000 659.0000 176.0000 705.0000 212.0000 1.5056 1.5885 3.7809 3.3100 1.6103 32.3048 -1.3466 0.9707
