Car 0.0000 0.0000 0.0000 292.0000 185.0000 402.0000 248.0000 1.5074 1.6588 4.1704 -7.1927 1.8530 20.0996 1.5405 0.9997
Car 0.0000 0.0000 0.0000 580.0000 177.0000 599.0000 195.0000 1.5707 1.6549 4.0459 -1.7862 1.8476 66.3147 1.5144 0.9994
Car 0.0000 0.0000 0.0000 484.0000 185.0000 524.0000 213.0000 1.4914 1.5958 3.8782 -5.9294 2.1478 41.0484 1.5708 0.9940
Car 0.0000 0.0000 0.0000 485.0000 173.0000 507.0000 189.0000 1.4988 1.6190 4.0026 -10.7155 1.4092 68.8880 1.5273 0.9937
Car 0.0000 0.0000 0.0000 -67.0000 219.0000 47.0000 265.0000 1.5095 1.6236 3.8556 -25.1389 3.4678 29.3685 1.4719 0.9934
Car 0.0000 0.0000 0.0000 496.0000 184.0000 531.0000 208.0000 1.5018 1.6184 4.0386 -6.1633 2.1499 46.8674 1.5708 0.9900
Car 0.0000 0.0000 0.0000 311.0000 176.0000 369.0000 207.0000 1.5012 1.5964 3.8472 -13.8855 1.6079 37.3795 1.5628 0.9896
Car 0.0000 0.0000 0.0000 411.0000 185.0000 458.0000 214.0000 1.5001 1.6181 4.0268 -9.7519 2.1205 40.4808 1.5708 0.9881
Car 0.0000 0.0000 0.0000 929.0000 196.0000 967.0000 219.0000 1.5026 1.6521 4.1015 24.2465 3.0973 51.5443 -1.3214 0.9879
Car 0.0000 0.0000 0.0000 653.0000 181.0000 671.0000 198.0000 1.5016 1.6035 3.8542 4.9070 2.1217 65.4977 1.5708 0.9836
Car 0.0000 0.0000 0.0000 388.0000 177.0000 415.0000 195.0000 1.5031 1.6128 3.9484 -17.9770 1.8025 62.6136 1.4452 0.9806
Car 0.0000 0.0000 0.0000 51.0000 212.0000 150.0000 254.0000 1.5054 1.6276 3.8282 -21.4341 3.1923 30.5079 1.5222 0.9697
Car 0.0000 0.0000 0.0000 65.0000 184.0000 103.0000 205.0000 1.5611 1.6911 4.1365 -41.1286 2.3837 56.4918 1.1242 0.9628
Car 0.0000 0.0000 0.0000 -1763.0000 196.0000 -1147.0000 293.0000 1.5613 1.6911 4.1362 -41.1400 2.0702 14.6556 1.1242 0.9620
Car 0.0000 0.0000 0.0000 -1099.0000 193.0000 -757.0000 261.0000 1.5613 1.6911 4.1360 -41.1386 2.1062 19.4825 1.1242 0.9614
Car 0.0000 0.0000 0.0000 -726.0000 190.0000 -508.0000 243.0000 1.5615 1.6910 4.1358 -41.1373 2.1421 24.3092 1.1242 0.9605
