Car 0.0000 0.0000 0.0000 765.0000 180.0000 989.0000 319.0000 1.5271 1.6065 3.4751 3.3490 1.6192 9.7980 1.5286 0.9998
Car 0.0000 0.0000 0.0000 710.0000 174.0000 823.0000 257.0000 1.5721 1.6402 3.6512 3.2588 1.6007 15.6783 1.5708 0.9998
Car 0.0000 0.0000 0.0000 235.0000 182.0000 458.0000 318.0000 1.5328 1.6551 3.9728 -3.4876 1.6713 10.2896 1.5708 0.9998
Car 0.0000 0.0000 0.0000 609.0000 178.0000 627.0000 194.0000 1.5090 1.6232 3.8745 0.9159 1.8498 67.9004 1.5708 0.9991
Car 0.0000 0.0000 0.0000 374.0000 179.0000 488.0000 263.0000 1.5283 1.5998 3.6821 -3.6430 1.6522 15.2259 1.5409 0.9986
Car 0.0000 0.0000 0.0000 493.0000 180.0000 536.0000 207.0000 1.4942 1.6069 3.8698 -5.4907 1.8481 42.2230 -1.4686 0.9981
Car 0.0000 0.0000 0.0000 430.0000 181.0000 503.0000 235.0000 1.4932 1.6060 3.9120 -4.2736 1.7021 21.9911 1.5279 0.9969
Car 0.0000 0.0000 0.0000 521.0000 181.0000 548.0000 204.0000 1.4984 1.6109 3.9508 -5.0796 1.9963 49.6171 1.5128 0.9964
Car 0.0000 0.0000 0.0000 538.0000 181.0000 562.0000 199.0000 1.4955 1.5963 3.8171 -5.0301 2.1081 61.7420 1.5708 0.9948
Car 0.0000 0.0000 0.0000 657.0000 187.0000 696.0000 224.0000 1.6430 1.6532 3.8633 3.1999 2.2957 34.7689 1.5708 0.9934
Car 0.0000 0.0000 0.0000 417.0000 159.0000 443.0000 179.0000 1.5628 1.6451 3.9894 -14.5210 0.4096 58.7304 1.4420 0.9603
