Car 0.0000 0.0000 0.0000 281.0000 181.0000 374.0000 235.0000 1.5121 1.6410 3.9249 -8.6536 1.7286 22.4098 1.4896 0.9997
Car 0.0000 0.0000 0.0000 576.0000 174.0000 611.0000 207.0000 1.6377 1.6982 4.2011 -0.8449 1.6757 38.0315 1.5175 0.9997
Car 0.0000 0.0000 0.0000 301.0000 177.0000 445.0000 268.0000 1.5291 1.6329 3.7410 -4.4738 1.6101 14.1152 1.5572 0.9997
Car 0.0000 0.0000 0.0000 428.0000 178.0000 496.0000 229.0000 1.5152 1.6242 3.7850 -4.7960 1.6693 23.8291 1.5346 0.9996
Car 0.0000 0.0000 0.0000 -40.0000 188.0000 215.0000 304.0000 1.5264 1.6319 3.9011 -8.2974 1.7835 11.8666 1.4875 0.9995
Car 0.0000 0.0000 0.0000 481.0000 179.0000 523.0000 214.0000 1.5111 1.6222 3.7784 -4.9207 1.7709 33.4346 1.5089 0.9995
Car 0.0000 0.0000 0.0000 64.0000 183.0000 229.0000 251.0000 1.5661 1.6823 4.3254 -12.2019 1.8405 19.3288 1.5533 0.9994
Car 0.0000 0.0000 0.0000 -2088.0000 174.0000 178.0000 1102.0000 1.6414 1.6652 4.1330 -4.1051 1.6669 3.3715 1.5446 0.9966
Car 0.0000 0.0000 0.0000 470.0000 174.0000 497.0000 196.0000 1.5050 1.5947 3.7651 -9.1133 1.5494 52.6763 1.5000 0.9867
Car 0.0000 0.0000 0.0000 493.0000 166.0000 517.0000 184.0000 1.7035 1.7029 4.2329 -9.7977 0.9469 68.3710 1.5627 0.9800
Car 0.0000 0.0000 0.0000 404.0000 181.0000 439.0000 208.0000 1.4940 1.5894 3.8521 -10.7566 1.8860 41.5141 1.4190 0.9747
