Car 0.0000 0.0000 0.0000 -167.0000 182.0000 283.0000 331.0000 1.5178 1.6484 4.0283 -6.1964 1.6387 8.3270 0.0465 0.9998
Car 0.0000 0.0000 0.0000 657.0000 176.0000 727.0000 226.0000 1.5149 1.6390 3.8540 2.6781 1.6096 24.1214 1.5032 0.9997
Car 0.0000 0.0000 0.0000 393.0000 150.0000 522.0000 194.0000 1.5983 1.7337 4.6012 -5.8553 0.7236 28.0544 0.0438 0.9996
Car 0.0000 0.0000 0.0000 213.0000 177.0000 425.0000 250.0000 1.5367 1.6633 4.1259 -6.5059 1.6357 16.3185 0.0582 0.9995
Car 0.0000 0.0000 0.0000 310.0000 162.0000 448.0000 211.0000 1.5306 1.6365 3.9811 -7.5203 1.1811 23.6055 0.1499 0.9992
Car 0.0000 0.0000 0.0000 246.0000 166.0000 425.0000 230.0000 1.5723 1.6516 4.0867 -7.1175 1.4039 18.8764 0.0708 0.9978
Car 0.0000 0.0000 0.0000 371.0000 167.0000 505.0000 214.0000 1.6025 1.6892 4.3432 -6.0722 1.3772 25.7097 0.0575 0.9908
Car 0.0000 0.0000 0.0000 92.0000 186.0000 359.0000 296.0000 1.4542 1.5864 3.6644 -5.9038 1.6549 11.0287 0.3643 0.9902
Car 0.0000 0.0000 0.0000 743.0000 14.0000 1248.0000 419.0000 2.3122 1.9433 5.2691 2.6649 1.4212 6.7604 1.5708 0.9876
Car 0.0000 0.0000 0.0000 712.0000 173.0000 821.0000 213.0000 1.5727 1.6740 4.2334 6.3942 1.5641 29.5760 0.1289 0.9808
