Car 0.0000 0.0000 0.0000 438.0000 179.0000 475.0000 206.0000 1.5053 1.6376 4.0259 -8.8923 1.8093 42.1782 1.4851 0.9995
Car 0.0000 0.0000 0.0000 -919.0000 186.0000 311.0000 801.0000 1.5139 1.6178 3.8843 -3.1919 1.6024 3.7916 1.5446 0.9991
Car 0.0000 0.0000 0.0000 1162.0000 177.0000 1283.0000 210.0000 1.3650 1.6069 3.7985 26.5926 1.5281 31.2737 0.0289 0.9951
Car 0.0000 0.0000 0.0000 514.0000 177.0000 540.0000 197.0000 1.4915 1.6154 3.9938 -6.5633 1.7663 58.1730 1.5708 0.9858
Car 0.0000 0.0000 0.0000 726.0000 174.0000 750.0000 193.0000 1.4988 1.6003 3.8938 10.3048 1.4807 57.4464 -1.4504 0.9827
Car 0.0000 0.0000 0.0000 521.0000 177.0000 543.0000 193.0000 1.5404 1.6481 4.0412 -7.5636 1.8293 71.6153 1.5708 0.9810
Car 0.0000 0.0000 0.0000 -34.0000 191.0000 41.0000 222.0000 1.4995 1.6045 3.9111 -32.1155 2.4277 38.2769 1.3093 0.9769
Car 0.0000 0.0000 0.0000 493.0000 178.0000 527.0000 201.0000 1.4954 1.5886 3.7834 -6.7329 1.7851 49.3405 1.5708 0.9737
Car 0.0000 0.0000 0.0000 654.0000 182.0000 691.0000 214.0000 1.4979 1.5964 3.8498 3.3409 1.9475 37.0787 -1.4040 0.9733
Car 0.0000 0.0000 0.0000 1118.0000 157.0000 1242.0000 192.0000 1.5179 1.6945 4.3168 26.7007 0.7852 33.7576 0.0917 0.9675
Car 0.0000 0.0000 0.0000 1084.0000 178.0000 1206.0000 212.0000 1.4091 1.6523 4.0049 23.2953 1.6160 31.4175 0.0626 0.9640
