Car 0.0000 0.0000 0.0000 665.0000 177.0000 733.0000 232.0000 1.5416 1.6433 3.6497 2.6862 1.6576 22.2255 1.5708 0.9999
Car 0.0000 0.0000 0.0000 188.0000 169.0000 430.0000 251.0000 1.5186 1.6635 4.1340 -5.9060 1.4473 14.3707 0.0390 0.9998
Car 0.0000 0.0000 0.0000 380.0000 158.0000 518.0000 205.0000 1.6270 1.7287 4.5838 -5.7605 1.0916 26.1555 0.0531 0.9996
Car 0.0000 0.0000 0.0000 -349.0000 163.0000 181.0000 381.0000 1.5924 1.6674 4.1598 -6.3559 1.5387 6.6310 0.2799 0.9988
Car 0.0000 0.0000 0.0000 285.0000 160.0000 439.0000 214.0000 1.5374 1.6477 4.0701 -7.4260 1.1495 21.7282 0.1105 0.9986
Car 0.0000 0.0000 0.0000 663.0000 164.0000 688.0000 188.0000 1.7054 1.7136 4.3002 4.8800 1.0181 52.5632 1.5708 0.9983
Car 0.0000 0.0000 0.0000 716.0000 173.0000 835.0000 216.0000 1.5328 1.6691 4.1682 6.2505 1.5278 27.3838 0.0317 0.9982
Car 0.0000 0.0000 0.0000 735.0000 179.0000 850.0000 260.0000 1.5071 1.5967 3.6934 3.7259 1.6141 15.2939 1.5708 0.9980
Car 0.0000 0.0000 0.0000 -116.0000 171.0000 319.0000 320.0000 1.6171 1.6901 4.2921 -6.0800 1.6140 8.8410 0.0797 0.9979
Car 0.0000 0.0000 0.0000 770.0000 -107.0000 1539.0000 508.0000 2.4296 1.9459 5.2814 2.7058 1.3448 5.4960 1.5708 0.9974
Car 0.0000 0.0000 0.0000 542.0000 174.0000 562.0000 193.0000 1.5009 1.6066 3.8649 -4.7550 1.5107 60.5458 1.5041 0.9961
Car 0.0000 0.0000 0.0000 498.0000 168.0000 536.0000 199.0000 1.5017 1.6086 3.8560 -4.7443 1.2245 37.5340 1.5362 0.9952
Car 0.0000 0.0000 0.0000 258.0000 163.0000 353.0000 238.0000 1.5275 1.6136 3.8639 -7.2127 1.3244 16.8197 1.0562 0.9921
Car 0.0000 0.0000 0.0000 516.0000 175.0000 548.0000 202.0000 1.5001 1.5939 3.8073 -4.4570 1.5760 42.1092 1.5422 0.9884
Car 0.0000 0.0000 0.0000 376.0000 171.0000 492.0000 221.0000 1.5459 1.6375 3.9850 -5.8663 1.4662 23.8154 0.6798 0.9734
