Car 0.0000 0.0000 0.0000 561.0000 178.0000 610.0000 226.0000 1.5452 1.6049 3.2352 -0.8296 1.7119 25.0914 1.5412 0.9999
Car 0.0000 0.0000 0.0000 331.0000 182.0000 383.0000 214.0000 1.5238 1.6405 3.7812 -12.8862 1.9382 36.9584 1.4747 0.9998
Car 0.0000 0.0000 0.0000 194.0000 184.0000 348.0000 258.0000 1.4958 1.6642 4.3805 -7.8510 1.7542 17.1675 1.5545 0.9998
Car 0.0000 0.0000 0.0000 439.0000 181.0000 521.0000 247.0000 1.5211 1.6124 3.5987 -3.2901 1.7141 18.7480 1.5290 0.9997
Car 0.0000 0.0000 0.0000 369.0000 182.0000 435.0000 223.0000 1.5283 1.6208 3.6803 -8.2516 1.8614 28.9372 1.5516 0.9994
Car 0.0000 0.0000 0.0000 -985.0000 199.0000 309.0000 838.0000 1.5129 1.6340 3.9537 -3.3764 1.7097 3.8409 1.5708 0.9994
Car 0.0000 0.0000 0.0000 523.0000 152.0000 552.0000 180.0000 1.6653 1.7292 4.4459 -4.4615 0.3600 45.5829 1.4996 0.9991
Car 0.0000 0.0000 0.0000 172.0000 184.0000 264.0000 235.0000 1.5083 1.6036 3.7140 -12.8695 1.8675 23.8816 1.3982 0.9987
Car 0.0000 0.0000 0.0000 497.0000 179.0000 541.0000 215.0000 1.4995 1.6016 3.7816 -4.0299 1.7306 32.5547 1.5415 0.9984
Car 0.0000 0.0000 0.0000 -285.0000 154.0000 43.0000 261.0000 1.5338 1.6231 4.0205 -12.2228 1.2738 12.4513 1.5673 0.9763
Car 0.0000 0.0000 0.0000 421.0000 177.0000 464.0000 204.0000 1.4950 1.5852 3.7625 -9.5174 1.6710 41.4536 1.5708 0.9604
