Car 0.0000 0.0000 0.0000 450.0000 180.0000 515.0000 225.0000 1.5210 1.6148 3.5898 -4.6323 1.7641 26.7412 1.5708 0.9998
Car 0.0000 0.0000 0.0000 152.0000 183.0000 376.0000 311.0000 1.5259 1.6349 3.9260 -4.9041 1.6802 10.8017 1.5216 0.9997
Car 0.0000 0.0000 0.0000 718.0000 179.0000 835.0000 255.0000 1.5182 1.6366 4.0196 3.6575 1.6454 16.5011 1.5438 0.9996
Car 0.0000 0.0000 0.0000 765.0000 183.0000 960.0000 308.0000 1.5025 1.6067 3.7422 3.4956 1.6605 10.7507 1.5708 0.9994
Car 0.0000 0.0000 0.0000 -489.0000 198.0000 239.0000 515.0000 1.5028 1.6175 3.8967 -4.8599 1.7548 5.6462 1.5708 0.9991
Car 0.0000 0.0000 0.0000 835.0000 182.0000 1453.0000 490.0000 1.5237 1.6409 3.9796 3.3763 1.6007 5.6878 1.4675 0.9987
Car 0.0000 0.0000 0.0000 695.0000 179.0000 774.0000 233.0000 1.4894 1.6119 3.9931 3.6857 1.6411 21.8413 1.5570 0.9983
Car 0.0000 0.0000 0.0000 15.0000 183.0000 155.0000 233.0000 1.4834 1.5803 3.6728 -16.5158 1.7948 22.7053 0.2509 0.9973
Car 0.0000 0.0000 0.0000 691.0000 167.0000 740.0000 210.0000 1.5068 1.5977 3.7427 4.0002 1.2816 27.4890 1.5708 0.9925
Car 0.0000 0.0000 0.0000 642.0000 173.0000 692.0000 192.0000 1.6677 1.7219 4.4790 5.3300 1.6133 65.3752 0.0771 0.9823
