Car 0.0000 0.0000 0.0000 587.0000 179.0000 623.0000 214.0000 1.5295 1.6165 3.4999 -0.2056 1.7897 34.0690 1.5613 0.9999
Car 0.0000 0.0000 0.0000 162.0000 184.0000 425.0000 347.0000 1.5291 1.6083 3.4391 -3.5210 1.6715 8.6517 1.5708 0.9998
Car 0.0000 0.0000 0.0000 424.0000 179.0000 477.0000 213.0000 1.5185 1.6213 3.6590 -7.5029 1.7777 34.4096 1.5708 0.9998
Car 0.0000 0.0000 0.0000 -473.0000 190.0000 98.0000 398.0000 1.5765 1.6665 4.0972 -7.8382 1.7879 7.7700 1.5626 0.9997
Car 0.0000 0.0000 0.0000 459.0000 174.0000 528.0000 232.0000 1.5180 1.5978 3.4964 -3.2929 1.5455 20.9560 1.5222 0.9994
Car 0.0000 0.0000 0.0000 343.0000 182.0000 428.0000 232.0000 1.5107 1.6592 4.3154 -7.4995 1.7950 24.5345 1.5423 0.9993
Car 0.0000 0.0000 0.0000 134.0000 181.0000 303.0000 268.0000 1.5056 1.5960 3.6324 -7.7067 1.6643 14.5489 1.5194 0.9981
Car 0.0000 0.0000 0.0000 311.0000 181.0000 376.0000 216.0000 1.5054 1.6095 3.8224 -12.3799 1.8621 33.8323 1.5708 0.9981
Car 0.0000 0.0000 0.0000 -78.0000 186.0000 133.0000 263.0000 1.4904 1.5849 3.6709 -12.4421 1.7767 15.4085 0.2230 0.9971
Car 0.0000 0.0000 0.0000 502.0000 179.0000 538.0000 211.0000 1.5046 1.6115 3.8977 -4.5351 1.7601 36.1355 1.4047 0.9966
