Car 0.0000 0.0000 0.0000 565.0000 182.0000 621.0000 236.0000 1.5426 1.5974 3.2317 -0.5392 1.7863 22.2404 1.5381 0.9999
Car 0.0000 0.0000 0.0000 15.0000 188.0000 404.0000 440.0000 1.5874 1.6927 4.2451 -3.2895 1.7523 6.9070 1.4814 0.9997
Car 0.0000 0.0000 0.0000 491.0000 179.0000 540.0000 224.0000 1.5228 1.6345 3.7185 -3.4468 1.7201 26.6959 1.4603 0.9997
Car 0.0000 0.0000 0.0000 370.0000 180.0000 503.0000 269.0000 1.5128 1.6168 3.7179 -3.2918 1.6501 14.2729 1.5708 0.9997
Car 0.0000 0.0000 0.0000 300.0000 183.0000 364.0000 219.0000 1.5135 1.6200 3.7080 -12.5451 1.9432 32.8226 1.5357 0.9997
Car 0.0000 0.0000 0.0000 346.0000 184.0000 420.0000 231.0000 1.5059 1.6242 3.8951 -7.9638 1.8790 25.6250 1.5122 0.9993
Car 0.0000 0.0000 0.0000 84.0000 179.0000 281.0000 273.0000 1.5143 1.6097 3.7081 -7.8624 1.6177 13.6341 1.5382 0.9985
Car 0.0000 0.0000 0.0000 476.0000 179.0000 505.0000 201.0000 1.4998 1.6075 3.8449 -8.6849 1.9020 53.0784 1.5278 0.9972
Car 0.0000 0.0000 0.0000 159.0000 183.0000 265.0000 237.0000 1.5003 1.5992 3.8074 -12.3178 1.8101 22.5435 1.4460 0.9968
Car 0.0000 0.0000 0.0000 540.0000 175.0000 566.0000 197.0000 1.5085 1.6163 3.9876 -4.0155 1.6251 52.5779 1.5708 0.9723
