Car 0.0000 0.0000 0.0000 664.0000 181.0000 725.0000 229.0000 1.5272 1.6149 3.4979 2.8491 1.7619 24.7453 1.5627 0.9998
Car 0.0000 0.0000 0.0000 326.0000 182.0000 474.0000 234.0000 1.5969 1.6825 4.2543 -6.6984 1.8720 23.2402 0.0752 0.9997
Car 0.0000 0.0000 0.0000 212.0000 183.0000 425.0000 259.0000 1.5080 1.6308 3.9195 -6.1943 1.7287 15.5073 0.0567 0.9997
Car 0.0000 0.0000 0.0000 777.0000 198.0000 1135.0000 419.0000 1.5192 1.6247 3.7522 2.9781 1.8110 7.2084 1.5262 0.9996
Car 0.0000 0.0000 0.0000 712.0000 182.0000 862.0000 285.0000 1.5253 1.6363 3.9145 2.9193 1.6773 12.7718 1.5596 0.9995
Car 0.0000 0.0000 0.0000 -31.0000 177.0000 280.0000 349.0000 1.5427 1.6775 4.2171 -5.8171 1.6012 8.3857 0.6302 0.9994
Car 0.0000 0.0000 0.0000 644.0000 178.0000 683.0000 211.0000 1.5101 1.6012 3.6368 2.6597 1.7250 35.5171 1.5611 0.9990
Car 0.0000 0.0000 0.0000 400.0000 182.0000 512.0000 223.0000 1.5078 1.6325 3.9849 -5.9453 1.8332 28.1225 0.0500 0.9988
Car 0.0000 0.0000 0.0000 122.0000 194.0000 395.0000 289.0000 1.5226 1.6442 4.0483 -6.1025 1.9033 12.7098 0.0641 0.9980
Car 0.0000 0.0000 0.0000 448.0000 180.0000 535.0000 212.0000 1.5601 1.6274 3.9600 -5.8980 1.8591 36.2914 0.2156 0.9947
Car 0.0000 0.0000 0.0000 8.0000 183.0000 321.0000 295.0000 1.4999 1.5926 3.7211 -6.4900 1.6602 10.6824 0.0709 0.9944
