Car 0.0000 0.0000 0.0000 588.0000 176.0000 655.0000 241.0000 1.5527 1.6335 3.5316 0.2882 1.6306 19.3627 1.5708 0.9999
Car 0.0000 0.0000 0.0000 423.0000 180.0000 493.0000 236.0000 1.5384 1.6199 3.4704 -4.4950 1.7357 21.7135 1.4996 0.9998
Car 0.0000 0.0000 0.0000 205.0000 183.0000 432.0000 320.0000 1.5420 1.6608 4.0152 -3.8883 1.6939 10.3281 1.5626 0.9998
Car 0.0000 0.0000 0.0000 50.0000 184.0000 256.0000 284.0000 1.5362 1.6131 3.5517 -8.1260 1.7488 13.1839 1.5350 0.9996
Car 0.0000 0.0000 0.0000 408.0000 180.0000 460.0000 212.0000 1.5054 1.6273 3.9740 -8.7005 1.8207 36.0946 1.5708 0.9988
Car 0.0000 0.0000 0.0000 509.0000 178.0000 542.0000 206.0000 1.4963 1.6095 3.8967 -4.7487 1.7575 41.3553 1.5149 0.9980
Car 0.0000 0.0000 0.0000 491.0000 179.0000 539.0000 214.0000 1.5052 1.6173 3.9329 -4.3160 1.7596 33.5131 1.5708 0.9972
Car 0.0000 0.0000 0.0000 247.0000 177.0000 322.0000 217.0000 1.5133 1.6106 3.8997 -13.0022 1.6352 29.0353 1.4678 0.9905
Car 0.0000 0.0000 0.0000 -73.0000 192.0000 91.0000 247.0000 1.5028 1.5982 3.7609 -18.5939 2.1051 22.4726 -1.3410 0.9866
Car 0.0000 0.0000 0.0000 265.0000 182.0000 356.0000 237.0000 1.5034 1.5963 3.8307 -9.0715 1.7714 22.1106 1.4523 0.9624
Car 0.0000 0.0000 0.0000 63.0000 191.0000 128.0000 217.0000 1.4981 1.6053 3.9106 -32.3590 2.5846 45.4605 1.4749 0.9607
