Car 0.0000 0.0000 0.0000 439.0000 178.0000 537.0000 250.0000 1.5327 1.6252 3.6461 -2.8207 1.6366 17.2834 1.5708 0.9998
Car 0.0000 0.0000 0.0000 267.0000 185.0000 339.0000 225.0000 1.5096 1.6293 3.8726 -12.7572 2.0086 30.2048 1.4936 0.9995
Car 0.0000 0.0000 0.0000 -148.0000 193.0000 140.0000 311.0000 1.5228 1.6207 3.7980 -9.6634 1.8756 11.7451 1.5163 0.9993
Car 0.0000 0.0000 0.0000 584.0000 179.0000 611.0000 203.0000 1.5074 1.6267 3.8567 -0.7089 1.8091 46.5899 1.5708 0.9991
Car 0.0000 0.0000 0.0000 668.0000 177.0000 710.0000 211.0000 1.5055 1.5975 3.7710 3.7588 1.6622 34.3685 1.5688 0.9959
Car 0.0000 0.0000 0.0000 126.0000 184.0000 157.0000 202.0000 1.4751 1.6294 3.8064 -40.2919 2.3769 62.1825 1.1579 0.9852
Car 0.0000 0.0000 0.0000 419.0000 180.0000 458.0000 206.0000 1.5502 1.6224 4.0684 -10.6632 1.9490 45.3131 1.5477 0.9810
Car 0.0000 0.0000 0.0000 233.0000 180.0000 304.0000 216.0000 1.6518 1.6852 4.4110 -16.7282 1.9419 35.6190 1.5004 0.9800
Car 0.0000 0.0000 0.0000 31.0000 185.0000 86.0000 214.0000 1.4970 1.5811 3.6730 -30.3236 2.1197 39.7216 1.1609 0.9792
Car 0.0000 0.0000 0.0000 390.0000 181.0000 424.0000 201.0000 1.4977 1.6037 3.8884 -16.1128 2.1063 57.5864 1.5708 0.9777
Car 0.0000 0.0000 0.0000 647.0000 175.0000 675.0000 199.0000 1.4921 1.5847 3.7764 3.4738 1.5762 47.2764 -1.4433 0.9652
