Car 0.0000 0.0000 0.0000 470.0000 177.0000 519.0000 215.0000 1.5237 1.6129 3.5168 -4.8244 1.6493 30.6250 1.5400 0.9997
Car 0.0000 0.0000 0.0000 580.0000 177.0000 613.0000 208.0000 1.5228 1.6166 3.5730 -0.5955 1.6960 37.2938 1.5708 0.9997
Car 0.0000 0.0000 0.0000 406.0000 174.0000 488.0000 231.0000 1.5220 1.6451 3.9802 -4.7215 1.5375 21.4043 1.5437 0.9997
Car 0.0000 0.0000 0.0000 217.0000 182.0000 408.0000 297.0000 1.5186 1.5946 3.4519 -4.4866 1.6532 11.3518 1.5701 0.9996
Car 0.0000 0.0000 0.0000 -25.0000 180.0000 166.0000 256.0000 1.5124 1.6416 4.0576 -12.2598 1.6653 16.6960 1.4972 0.9994
Car 0.0000 0.0000 0.0000 351.0000 179.0000 415.0000 221.0000 1.5118 1.6221 3.8048 -8.8297 1.7374 28.3501 1.4839 0.9994
Car 0.0000 0.0000 0.0000 -305.0000 192.0000 125.0000 353.0000 1.5082 1.6384 4.0986 -8.3677 1.7819 9.2030 1.5341 0.9993
Car 0.0000 0.0000 0.0000 225.0000 172.0000 350.0000 235.0000 1.5168 1.6264 3.9320 -8.6187 1.4906 19.6161 1.5708 0.9984
Car 0.0000 0.0000 0.0000 456.0000 176.0000 480.0000 198.0000 1.5084 1.6037 3.7738 -9.7278 1.6336 49.8628 1.3834 0.9940
Car 0.0000 0.0000 0.0000 488.0000 162.0000 516.0000 184.0000 1.8811 1.7730 4.6164 -9.6119 0.8419 65.4320 1.5708 0.9887
Car 0.0000 0.0000 0.0000 403.0000 179.0000 449.0000 209.0000 1.5034 1.5906 3.7883 -9.7977 1.7882 38.7957 1.5479 0.9776
Car 0.0000 0.0000 0.0000 117.0000 180.0000 221.0000 225.0000 1.5401 1.6028 3.7153 -16.3062 1.7685 26.8636 1.5629 0.9689
