Car 0.0000 0.0000 0.0000 550.0000 180.0000 578.0000 203.0000 1.5099 1.6395 3.9553 -3.1074 1.9763 50.8415 1.5708 0.9998
Car 0.0000 0.0000 0.0000 160.0000 192.0000 366.0000 298.0000 1.5380 1.6570 3.9672 -5.9969 1.9069 12.9814 1.5708 0.9998
Car 0.0000 0.0000 0.0000 360.0000 182.0000 450.0000 240.0000 1.5359 1.6478 3.9947 -5.9089 1.7743 21.2238 1.5354 0.9998
Car 0.0000 0.0000 0.0000 736.0000 182.0000 934.0000 307.0000 1.5290 1.6336 3.8178 3.1367 1.6624 10.9160 1.5279 0.9997
Car 0.0000 0.0000 0.0000 -301.0000 202.0000 193.0000 428.0000 1.5347 1.6211 3.6581 -6.0149 1.8806 7.1597 1.5455 0.9997
Car 0.0000 0.0000 0.0000 515.0000 180.0000 548.0000 201.0000 1.4971 1.6262 4.0674 -5.6674 1.9597 53.4067 -1.4835 0.9982
Car 0.0000 0.0000 0.0000 641.0000 177.0000 662.0000 196.0000 1.5032 1.6210 4.0150 3.5608 1.8004 60.2267 1.5708 0.9945
Car 0.0000 0.0000 0.0000 838.0000 172.0000 889.0000 203.0000 1.5806 1.6630 4.0714 14.0740 1.5193 39.9444 1.5708 0.9899
Car 0.0000 0.0000 0.0000 873.0000 160.0000 986.0000 198.0000 1.4984 1.6162 3.9625 13.0555 0.9685 29.5270 0.2258 0.9790
Car 0.0000 0.0000 0.0000 422.0000 180.0000 485.0000 222.0000 1.4838 1.5882 3.9644 -5.9780 1.7270 27.9945 1.5633 0.9755
Car 0.0000 0.0000 0.0000 734.0000 172.0000 759.0000 193.0000 1.5032 1.6053 3.9182 10.3305 1.4111 54.1253 -1.4292 0.9673
Car 0.0000 0.0000 0.0000 526.0000 172.0000 564.0000 203.0000 1.5099 1.6291 4.1612 -3.2583 1.4479 37.2937 1.5578 0.9631
