Car 0.0000 0.0000 0.0000 503.0000 179.0000 557.0000 220.0000 1.5416 1.6234 3.5126 -3.0917 1.7361 28.6032 1.5708 0.9999
Car 0.0000 0.0000 0.0000 719.0000 181.0000 941.0000 324.0000 1.5447 1.6671 4.0370 2.7174 1.6568 9.9671 1.5255 0.9998
Car 0.0000 0.0000 0.0000 692.0000 179.0000 813.0000 262.0000 1.5334 1.6406 3.8763 2.9017 1.6535 15.4680 1.5255 0.9997
Car 0.0000 0.0000 0.0000 666.0000 178.0000 741.0000 235.0000 1.5229 1.6270 3.7957 2.6842 1.6544 21.3467 1.5513 0.9994
Car 0.0000 0.0000 0.0000 823.0000 177.0000 1571.0000 585.0000 1.5162 1.6272 3.9198 2.7457 1.5523 4.6585 1.5708 0.9989
Car 0.0000 0.0000 0.0000 659.0000 178.0000 702.0000 218.0000 1.5137 1.5950 3.6637 2.8642 1.7026 29.4832 1.5708 0.9959
Car 0.0000 0.0000 0.0000 650.0000 174.0000 689.0000 204.0000 1.4952 1.5917 3.7445 3.2271 1.5213 37.7711 -1.3787 0.9954
Car 0.0000 0.0000 0.0000 718.0000 169.0000 748.0000 193.0000 1.5046 1.5889 3.7017 8.2908 1.2006 48.1232 1.5708 0.9864
Car 0.0000 0.0000 0.0000 629.0000 162.0000 661.0000 187.0000 1.7859 1.7364 4.2710 2.7743 0.9152 54.2990 -1.3646 0.9838
Car 0.0000 0.0000 0.0000 630.0000 178.0000 656.0000 201.0000 1.4952 1.5910 3.8071 2.3095 1.7571 48.0582 1.5708 0.9772
