Car 0.0000 0.0000 0.0000 171.0000 179.0000 249.0000 219.0000 1.7985 1.7245 4.1016 -19.3196 2.0568 35.0562 1.5109 0.9995
Car 0.0000 0.0000 0.0000 585.0000 175.0000 606.0000 195.0000 1.5590 1.6566 4.2100 -1.0828 1.6668 59.5050 1.5627 0.9983
Car 0.0000 0.0000 0.0000 682.0000 184.0000 709.0000 206.0000 1.4952 1.6091 3.8654 6.1598 2.1929 50.7367 -1.3948 0.9963
Car 0.0000 0.0000 0.0000 1134.0000 189.0000 1231.0000 229.0000 1.4939 1.6193 3.9388 23.9244 2.1513 30.2123 -1.3469 0.9895
Car 0.0000 0.0000 0.0000 803.0000 174.0000 824.0000 191.0000 1.4804 1.5943 3.8755 18.5806 1.5209 65.2448 -1.3426 0.9833
Car 0.0000 0.0000 0.0000 834.0000 170.0000 861.0000 188.0000 1.5017 1.6083 3.9679 21.1168 1.1667 63.8278 -1.4155 0.9816
Car 0.0000 0.0000 0.0000 747.0000 176.0000 768.0000 195.0000 1.4832 1.5888 3.8657 12.3515 1.6750 60.0093 -1.3932 0.9775
Car 0.0000 0.0000 0.0000 927.0000 189.0000 971.0000 210.0000 1.4865 1.6355 4.0639 26.2816 2.6728 55.6844 1.5708 0.9702
Car 0.0000 0.0000 0.0000 1030.0000 199.0000 1081.0000 235.0000 1.5228 1.6281 3.6401 21.2569 2.7699 34.3422 -1.1332 0.9651
Car 0.0000 0.0000 0.0000 984.0000 195.0000 1039.0000 224.0000 1.5054 1.6437 4.0436 23.3558 2.8015 41.8633 -1.3566 0.9626
