Car 0.0000 0.0000 0.0000 105.0000 194.0000 379.0000 289.0000 1.4559 1.6193 3.8925 -6.2111 1.8378 12.3891 0.0251 0.9998
Car 0.0000 0.0000 0.0000 -260.0000 193.0000 245.0000 359.0000 1.5109 1.6454 4.0342 -6.3263 1.7535 7.6239 0.0410 0.9996
Car 0.0000 0.0000 0.0000 797.0000 153.0000 1859.0000 767.0000 1.6718 1.7065 4.2630 2.5713 1.6363 4.1512 1.5115 0.9995
Car 0.0000 0.0000 0.0000 653.0000 176.0000 694.0000 207.0000 1.5089 1.6266 3.8730 3.3600 1.6473 37.9970 1.5282 0.9994
Car 0.0000 0.0000 0.0000 196.0000 186.0000 398.0000 265.0000 1.4834 1.6048 3.7869 -6.5229 1.7485 15.0164 0.3374 0.9992
Car 0.0000 0.0000 0.0000 445.0000 162.0000 541.0000 196.0000 1.5689 1.6919 4.3346 -5.5405 1.0319 34.6563 0.0320 0.9990
Car 0.0000 0.0000 0.0000 371.0000 183.0000 505.0000 233.0000 1.4937 1.5934 3.7515 -5.3320 1.7897 22.5314 0.1237 0.9971
Car 0.0000 0.0000 0.0000 442.0000 181.0000 537.0000 217.0000 1.5166 1.6212 3.9453 -5.3016 1.8663 32.2034 0.0654 0.9962
Car 0.0000 0.0000 0.0000 -2044.0000 199.0000 119.0000 1026.0000 1.4948 1.5983 3.8830 -4.4539 1.6730 3.3479 1.5683 0.9934
Car 0.0000 0.0000 0.0000 -29.0000 179.0000 196.0000 271.0000 1.5145 1.5971 3.7616 -9.9115 1.6246 13.9156 1.5708 0.9872
Car 0.0000 0.0000 0.0000 522.0000 167.0000 553.0000 191.0000 1.6716 1.6732 4.1239 -5.1985 1.1920 52.9618 1.5708 0.9845
Car 0.0000 0.0000 0.0000 391.0000 183.0000 511.0000 228.0000 1.4918 1.5859 3.7212 -5.4606 1.8121 24.9454 0.2224 0.9784
Car 0.0000 0.0000 0.0000 274.0000 180.0000 434.0000 237.0000 1.5340 1.6196 3.9297 -7.1452 1.7163 20.2937 0.1287 0.9679
