Car 0.0000 0.0000 0.0000 693.0000 182.0000 805.0000 262.0000 1.5353 1.6146 3.4165 2.9495 1.7333 15.9485 1.5089 0.9999
Car 0.0000 0.0000 0.0000 411.0000 185.0000 504.0000 256.0000 1.5533 1.6103 3.2851 -3.6258 1.8300 17.6210 1.5583 0.9999
Car 0.0000 0.0000 0.0000 30.0000 191.0000 389.0000 404.0000 1.5386 1.6236 3.5616 -3.6233 1.7493 7.2403 1.5708 0.9998
Car 0.0000 0.0000 0.0000 530.0000 182.0000 556.0000 206.0000 1.5123 1.6397 3.9780 -4.4711 2.1002 48.9799 1.4789 0.9997
Car 0.0000 0.0000 0.0000 621.0000 183.0000 642.0000 203.0000 1.7069 1.7385 4.3667 2.1276 2.5543 66.4883 1.5610 0.9996
Car 0.0000 0.0000 0.0000 363.0000 181.0000 434.0000 223.0000 1.5105 1.6102 3.6807 -8.1562 1.7881 28.1114 1.5708 0.9995
Car 0.0000 0.0000 0.0000 656.0000 182.0000 696.0000 217.0000 1.5088 1.6004 3.6255 3.0983 1.9061 33.7840 1.5708 0.9993
Car 0.0000 0.0000 0.0000 472.0000 182.0000 541.0000 227.0000 1.4978 1.5988 3.7396 -3.6414 1.7937 25.9706 -1.4674 0.9986
Car 0.0000 0.0000 0.0000 207.0000 183.0000 357.0000 254.0000 1.5085 1.6221 3.9971 -7.8990 1.7617 17.7507 1.5708 0.9985
Car 0.0000 0.0000 0.0000 588.0000 185.0000 615.0000 211.0000 1.7778 1.7505 4.4759 -0.4926 2.6149 52.9532 1.5708 0.9985
Car 0.0000 0.0000 0.0000 457.0000 180.0000 497.0000 205.0000 1.4943 1.6006 3.8627 -8.3382 1.8870 45.7908 1.5708 0.9944
Car 0.0000 0.0000 0.0000 509.0000 180.0000 555.0000 211.0000 1.4922 1.5873 3.7924 -3.8954 1.8226 36.8585 -1.4757 0.9777
