Car 0.0000 0.0000 0.0000 572.0000 181.0000 642.0000 247.0000 1.5415 1.6004 3.2633 -0.1558 1.7220 18.5184 1.5098 0.9998
Car 0.0000 0.0000 0.0000 166.0000 187.0000 328.0000 278.0000 1.5307 1.6592 4.1128 -7.1527 1.8184 14.6288 1.4454 0.9997
Car 0.0000 0.0000 0.0000 458.0000 182.0000 512.0000 230.0000 1.5378 1.6227 3.5873 -4.3141 1.8471 25.3324 1.4644 0.9996
Car 0.0000 0.0000 0.0000 293.0000 181.0000 379.0000 235.0000 1.5301 1.6038 3.4572 -8.4159 1.7434 22.4111 1.4880 0.9996
Car 0.0000 0.0000 0.0000 368.0000 181.0000 420.0000 215.0000 1.5131 1.6216 3.7500 -10.2519 1.8551 34.5345 1.4915 0.9994
Car 0.0000 0.0000 0.0000 257.0000 173.0000 323.0000 213.0000 1.6689 1.6830 3.9488 -14.3555 1.6452 32.5914 1.4500 0.9994
Car 0.0000 0.0000 0.0000 -217.0000 191.0000 201.0000 387.0000 1.5256 1.6341 3.8954 -6.2611 1.7523 7.9323 1.4449 0.9993
Car 0.0000 0.0000 0.0000 357.0000 182.0000 391.0000 203.0000 1.5246 1.6442 3.9967 -18.4741 2.1899 56.8111 1.5078 0.9986
Car 0.0000 0.0000 0.0000 422.0000 180.0000 455.0000 201.0000 1.6250 1.6773 4.0995 -13.7534 2.0972 58.5131 1.5708 0.9974
Car 0.0000 0.0000 0.0000 518.0000 179.0000 541.0000 198.0000 1.5070 1.6215 3.9163 -6.3717 1.8996 58.4911 1.5189 0.9969
Car 0.0000 0.0000 0.0000 431.0000 181.0000 479.0000 216.0000 1.4958 1.5980 3.8431 -7.2395 1.8626 34.0923 1.5233 0.9963
Car 0.0000 0.0000 0.0000 186.0000 175.0000 295.0000 226.0000 1.5132 1.6199 3.9023 -11.8804 1.5619 23.4663 1.5499 0.9954
Car 0.0000 0.0000 0.0000 397.0000 181.0000 438.0000 207.0000 1.4970 1.5986 3.8451 -11.5311 1.9081 43.6237 1.5295 0.9893
