Car 0.0000 0.0000 0.0000 674.0000 178.0000 774.0000 248.0000 1.5359 1.6479 3.9070 2.6902 1.6420 17.8496 1.5174 0.9998
Car 0.0000 0.0000 0.0000 648.0000 172.0000 694.0000 209.0000 1.5136 1.6189 3.7409 2.6328 1.4567 31.4562 1.5573 0.9995
Car 0.0000 0.0000 0.0000 733.0000 177.0000 1015.0000 349.0000 1.5222 1.6370 3.9188 2.6997 1.5739 8.4390 1.5092 0.9994
Car 0.0000 0.0000 0.0000 893.0000 184.0000 4311.0000 1844.0000 1.5018 1.6278 4.0072 2.6478 1.5630 2.6800 1.5593 0.9992
Car 0.0000 0.0000 0.0000 627.0000 169.0000 646.0000 186.0000 1.5064 1.6369 4.0800 2.5735 1.0579 65.3550 1.5708 0.9992
Car 0.0000 0.0000 0.0000 213.0000 180.0000 429.0000 254.0000 1.5219 1.6498 4.1116 -6.3030 1.6794 15.9425 0.0539 0.9990
Car 0.0000 0.0000 0.0000 291.0000 152.0000 456.0000 209.0000 1.5702 1.6753 4.2918 -6.8932 0.9926 21.2206 0.0637 0.9987
Car 0.0000 0.0000 0.0000 -520.0000 194.0000 105.0000 437.0000 1.5096 1.6081 3.7895 -6.3842 1.7011 5.7380 0.1929 0.9979
Car 0.0000 0.0000 0.0000 413.0000 162.0000 522.0000 202.0000 1.5386 1.6231 3.9458 -5.6580 1.0978 28.8901 0.1574 0.9933
Car 0.0000 0.0000 0.0000 275.0000 170.0000 455.0000 232.0000 1.5008 1.6411 4.0852 -6.2145 1.4248 18.5316 0.0272 0.9931
Car 0.0000 0.0000 0.0000 333.0000 166.0000 464.0000 215.0000 1.5304 1.6186 3.9319 -7.0259 1.3169 24.0443 0.2545 0.9713
