Car 0.0000 0.0000 0.0000 35.0000 182.0000 369.0000 290.0000 1.5000 1.6749 4.2428 -6.1573 1.6524 11.1405 0.0241 0.9999
Car 0.0000 0.0000 0.0000 666.0000 176.0000 713.0000 221.0000 1.5325 1.6168 3.5853 2.9287 1.6307 26.4979 -1.4685 0.9997
Car 0.0000 0.0000 0.0000 708.0000 177.0000 850.0000 281.0000 1.5428 1.6115 3.4651 2.7752 1.6135 12.5959 1.5585 0.9997
Car 0.0000 0.0000 0.0000 155.0000 183.0000 409.0000 269.0000 1.4878 1.6466 4.0929 -6.1208 1.6873 13.7158 0.0190 0.9993
Car 0.0000 0.0000 0.0000 834.0000 189.0000 1857.0000 741.0000 1.5017 1.6117 3.8638 2.7393 1.6194 4.0203 1.5085 0.9990
Car 0.0000 0.0000 0.0000 702.0000 177.0000 746.0000 212.0000 1.5016 1.5947 3.6486 5.1399 1.6293 32.6014 1.5708 0.9985
Car 0.0000 0.0000 0.0000 336.0000 179.0000 488.0000 234.0000 1.5589 1.6503 4.0821 -5.8901 1.7286 21.6909 0.0663 0.9972
Car 0.0000 0.0000 0.0000 369.0000 169.0000 504.0000 217.0000 1.5359 1.6451 4.0501 -5.7332 1.3949 24.0188 0.1243 0.9972
Car 0.0000 0.0000 0.0000 269.0000 123.0000 421.0000 236.0000 2.3905 1.9387 5.2081 -6.2946 1.3287 17.8635 1.5525 0.9955
Car 0.0000 0.0000 0.0000 -277.0000 186.0000 297.0000 382.0000 1.5542 1.6620 4.1777 -5.4189 1.7010 6.7726 0.0710 0.9936
Car 0.0000 0.0000 0.0000 629.0000 172.0000 650.0000 192.0000 1.5750 1.6428 3.9977 2.6251 1.4513 60.2768 1.5708 0.9782
