Car 0.0000 0.0000 0.0000 -59.0000 180.0000 309.0000 298.0000 1.5136 1.6732 4.1902 -6.7698 1.6267 10.2866 0.0360 0.9998
Car 0.0000 0.0000 0.0000 -328.0000 190.0000 167.0000 351.0000 1.4816 1.6077 3.7736 -7.0843 1.6791 7.5982 0.0401 0.9997
Car 0.0000 0.0000 0.0000 653.0000 178.0000 716.0000 224.0000 1.5231 1.6273 3.6834 2.6293 1.6774 25.8981 1.5084 0.9997
Car 0.0000 0.0000 0.0000 425.0000 179.0000 484.0000 223.0000 1.5284 1.6450 4.0255 -5.7974 1.7303 27.3804 1.5006 0.9994
Car 0.0000 0.0000 0.0000 516.0000 178.0000 550.0000 206.0000 1.5065 1.6172 3.8807 -4.3206 1.7399 41.4068 1.5572 0.9988
Car 0.0000 0.0000 0.0000 411.0000 165.0000 525.0000 205.0000 1.6029 1.7078 4.3760 -5.8801 1.2521 30.1691 0.0802 0.9984
Car 0.0000 0.0000 0.0000 258.0000 180.0000 448.0000 245.0000 1.5262 1.6634 4.1673 -6.3606 1.7026 18.0571 0.0427 0.9984
Car 0.0000 0.0000 0.0000 527.0000 178.0000 561.0000 203.0000 1.4915 1.5959 3.8171 -4.0981 1.7787 45.9909 1.5708 0.9978
Car 0.0000 0.0000 0.0000 376.0000 159.0000 428.0000 205.0000 1.4922 1.6147 3.8998 -7.3239 1.0178 25.2591 1.2596 0.9966
Car 0.0000 0.0000 0.0000 545.0000 179.0000 565.0000 197.0000 1.4959 1.6052 3.9076 -4.7596 1.9739 64.0869 1.5482 0.9935
Car 0.0000 0.0000 0.0000 725.0000 46.0000 1048.0000 327.0000 2.3216 1.9296 5.2134 2.6887 1.2873 8.5938 1.5708 0.9901
Car 0.0000 0.0000 0.0000 173.0000 186.0000 383.0000 285.0000 1.4836 1.5882 3.6183 -5.8797 1.7119 12.6073 0.5491 0.9899
Car 0.0000 0.0000 0.0000 709.0000 168.0000 785.0000 229.0000 1.5167 1.6052 3.8384 3.7356 1.3969 20.1639 1.5708 0.9865
Car 0.0000 0.0000 0.0000 707.0000 172.0000 751.0000 207.0000 1.4986 1.5778 3.6382 5.3302 1.4238 32.3574 1.5708 0.9844
Car 0.0000 0.0000 0.0000 691.0000 172.0000 728.0000 204.0000 1.5028 1.5929 3.7695 5.0505 1.4411 36.5856 1.5708 0.9842
