Car 0.0000 0.0000 0.0000 252.0000 193.0000 393.0000 276.0000 1.5364 1.6520 3.9539 -6.2858 2.0138 16.1991 1.5573 0.9997
Car 0.0000 0.0000 0.0000 667.0000 180.0000 731.0000 234.0000 1.5314 1.6269 3.6600 2.7189 1.7377 22.6191 1.5708 0.9997
Car 0.0000 0.0000 0.0000 -36.0000 197.0000 355.0000 429.0000 1.5291 1.5934 3.4228 -3.8238 1.7983 6.7896 1.5537 0.9997
Car 0.0000 0.0000 0.0000 823.0000 155.0000 1020.0000 220.0000 1.5804 1.6993 4.3646 7.9556 1.1323 18.6714 0.0276 0.9997
Car 0.0000 0.0000 0.0000 867.0000 163.0000 1131.0000 244.0000 1.6255 1.7402 4.6926 8.2158 1.4403 15.5835 0.1079 0.9996
Car 0.0000 0.0000 0.0000 378.0000 191.0000 455.0000 242.0000 1.5112 1.5975 3.5838 -6.2752 2.0919 23.7611 1.5608 0.9994
Car 0.0000 0.0000 0.0000 401.0000 186.0000 462.0000 231.0000 1.5101 1.6343 3.9856 -6.5584 1.9771 26.8895 1.4833 0.9989
Car 0.0000 0.0000 0.0000 465.0000 183.0000 510.0000 213.0000 1.4945 1.6069 3.9114 -6.4187 1.9956 38.3705 1.5708 0.9985
Car 0.0000 0.0000 0.0000 771.0000 173.0000 912.0000 220.0000 1.5548 1.6944 4.3421 7.9862 1.5427 25.0025 0.0301 0.9983
Car 0.0000 0.0000 0.0000 1019.0000 158.0000 1118.0000 190.0000 1.4723 1.5871 3.9224 22.0317 0.7478 34.6901 1.3024 0.9966
Car 0.0000 0.0000 0.0000 1053.0000 153.0000 1176.0000 189.0000 1.4942 1.6320 4.0909 21.9734 0.6382 31.4022 0.1335 0.9956
Car 0.0000 0.0000 0.0000 738.0000 174.0000 766.0000 196.0000 1.5015 1.6106 3.9742 10.2337 1.4939 51.6649 -1.4626 0.9898
Car 0.0000 0.0000 0.0000 523.0000 183.0000 545.0000 201.0000 1.5017 1.6238 3.9639 -6.3985 2.2986 62.0918 1.5207 0.9875
Car 0.0000 0.0000 0.0000 698.0000 173.0000 724.0000 195.0000 1.5151 1.6184 3.9411 7.2791 1.4568 51.4486 1.5708 0.9861
Car 0.0000 0.0000 0.0000 426.0000 175.0000 471.0000 201.0000 1.5848 1.6540 4.2928 -10.3843 1.6834 46.8911 1.5708 0.9827
Car 0.0000 0.0000 0.0000 785.0000 162.0000 819.0000 185.0000 1.8990 1.7912 4.7634 17.2773 0.9279 64.4117 1.5708 0.9825
Car 0.0000 0.0000 0.0000 626.0000 174.0000 649.0000 194.0000 1.5044 1.6091 3.9597 2.2951 1.5117 56.5287 -1.4804 0.9790
Car 0.0000 0.0000 0.0000 624.0000 178.0000 646.0000 196.0000 1.4960 1.5952 3.8615 2.2897 1.8698 62.0271 -1.4661 0.9759
