Car 0.0000 0.0000 0.0000 89.0000 181.0000 317.0000 254.0000 1.4963 1.6606 4.1229 -8.9642 1.6692 16.1127 -0.0921 0.9999
Car 0.0000 0.0000 0.0000 685.0000 174.0000 873.0000 252.0000 1.4883 1.6542 4.0859 3.7384 1.4988 15.7078 -0.5976 0.9999
Car 0.0000 0.0000 0.0000 448.0000 165.0000 471.0000 184.0000 1.6420 1.6853 4.0287 -13.3516 0.8800 64.3747 1.2815 0.9994
Car 0.0000 0.0000 0.0000 -220.0000 192.0000 42.0000 379.0000 1.5144 1.6086 3.7960 -7.5057 1.7465 8.0611 0.9400 0.9993
Car 0.0000 0.0000 0.0000 240.0000 174.0000 403.0000 230.0000 1.5901 1.6719 4.2366 -8.6226 1.6091 21.7183 0.0698 0.9970
Car 0.0000 0.0000 0.0000 283.0000 163.0000 408.0000 208.0000 1.5628 1.6461 4.0830 -9.7752 1.2062 26.7698 0.1492 0.9944
Car 0.0000 0.0000 0.0000 -89.0000 190.0000 229.0000 306.0000 1.4922 1.6107 3.7887 -7.8892 1.7624 10.5962 0.1796 0.9936
Car 0.0000 0.0000 0.0000 871.0000 160.0000 918.0000 185.0000 1.5117 1.6269 3.9962 18.6352 0.6601 46.8051 -0.8607 0.9917
Car 0.0000 0.0000 0.0000 629.0000 172.0000 738.0000 217.0000 1.5475 1.6512 4.1255 2.7724 1.4725 26.3686 -0.7505 0.9906
Car 0.0000 0.0000 0.0000 621.0000 161.0000 667.0000 201.0000 1.5055 1.5866 3.6688 1.4837 1.0370 29.5901 -1.4323 0.9860
Car 0.0000 0.0000 0.0000 347.0000 146.0000 398.0000 180.0000 1.5557 1.6351 3.9254 -11.5098 0.2794 35.1967 1.4432 0.9829
