Car 0.0000 0.0000 0.0000 527.0000 180.0000 563.0000 208.0000 1.5122 1.6393 3.8904 -3.6506 1.8593 41.7250 1.5708 0.9998
Car 0.0000 0.0000 0.0000 -251.0000 198.0000 216.0000 408.0000 1.5367 1.6454 3.9035 -6.0757 1.8569 7.6556 1.5463 0.9997
Car 0.0000 0.0000 0.0000 245.0000 182.0000 390.0000 263.0000 1.5114 1.6461 4.0489 -6.1547 1.6878 15.6287 1.5304 0.9996
Car 0.0000 0.0000 0.0000 820.0000 186.0000 1420.0000 521.0000 1.5208 1.6309 3.8769 2.9452 1.6383 5.3356 1.5533 0.9996
Car 0.0000 0.0000 0.0000 438.0000 182.0000 492.0000 221.0000 1.6009 1.6930 4.3742 -6.4709 1.9949 32.8254 1.5422 0.9994
Car 0.0000 0.0000 0.0000 633.0000 174.0000 656.0000 195.0000 1.5137 1.6168 3.7975 2.7661 1.5223 54.6727 -1.4820 0.9990
Car 0.0000 0.0000 0.0000 357.0000 185.0000 449.0000 240.0000 1.4947 1.6277 4.1114 -6.2771 1.8694 22.3374 1.5708 0.9988
Car 0.0000 0.0000 0.0000 500.0000 182.0000 532.0000 206.0000 1.5040 1.6081 3.7890 -6.1175 2.0642 47.9527 1.5708 0.9978
Car 0.0000 0.0000 0.0000 519.0000 179.0000 547.0000 199.0000 1.4959 1.5923 3.8314 -5.8077 1.8974 55.5555 1.5708 0.9822
Car 0.0000 0.0000 0.0000 1021.0000 155.0000 1179.0000 207.0000 1.4869 1.6120 3.9076 15.0580 0.9630 22.3438 0.5315 0.9783
