Car 0.0000 0.0000 0.0000 653.0000 177.0000 785.0000 224.0000 1.5166 1.6868 4.2727 3.7396 1.6313 24.5535 0.2101 0.9997
Car 0.0000 0.0000 0.0000 326.0000 183.0000 377.0000 211.0000 1.5199 1.6466 4.0131 -15.0896 2.0853 42.3786 1.5469 0.9996
Car 0.0000 0.0000 0.0000 451.0000 179.0000 486.0000 203.0000 1.5215 1.6371 3.8843 -9.5225 1.8780 49.2115 1.5639 0.9996
Car 0.0000 0.0000 0.0000 -980.0000 184.0000 303.0000 824.0000 1.5123 1.6172 3.9113 -3.2021 1.5860 3.7362 1.5226 0.9989
Car 0.0000 0.0000 0.0000 507.0000 173.0000 528.0000 191.0000 1.5015 1.6053 3.8320 -7.9178 1.4661 62.7313 1.4839 0.9944
Car 0.0000 0.0000 0.0000 -38.0000 190.0000 39.0000 221.0000 1.4976 1.6112 3.9791 -32.2124 2.3664 38.2062 1.3058 0.9843
Car 0.0000 0.0000 0.0000 515.0000 177.0000 541.0000 197.0000 1.5159 1.6293 3.9999 -6.5120 1.8016 58.4048 1.5708 0.9822
Car 0.0000 0.0000 0.0000 1177.0000 173.0000 1305.0000 209.0000 1.4942 1.6427 3.9935 27.2556 1.4792 31.1344 0.0589 0.9767
Car 0.0000 0.0000 0.0000 598.0000 178.0000 622.0000 198.0000 1.5000 1.6160 3.9442 0.1466 1.8582 58.1899 1.5708 0.9731
Car 0.0000 0.0000 0.0000 732.0000 173.0000 753.0000 193.0000 1.4976 1.6007 3.8634 10.6763 1.4529 57.5384 -1.3986 0.9693
Car 0.0000 0.0000 0.0000 412.0000 179.0000 440.0000 198.0000 1.5000 1.6298 4.1067 -15.1955 1.9198 60.0628 1.4604 0.9663
