Car 0.0000 0.0000 0.0000 343.0000 182.0000 466.0000 267.0000 1.5365 1.6598 3.9952 -4.2424 1.7330 15.4107 1.5231 0.9998
Car 0.0000 0.0000 0.0000 725.0000 173.0000 868.0000 277.0000 1.5142 1.6090 3.6265 3.0161 1.5174 12.3979 1.5708 0.9997
Car 0.0000 0.0000 0.0000 -833.0000 199.0000 211.0000 647.0000 1.5171 1.6521 4.0666 -4.5688 1.7477 4.6896 1.5560 0.9996
Car 0.0000 0.0000 0.0000 155.0000 186.0000 386.0000 325.0000 1.5180 1.6162 3.6203 -4.4258 1.7081 9.9493 1.5301 0.9996
Car 0.0000 0.0000 0.0000 686.0000 173.0000 783.0000 241.0000 1.5386 1.6660 4.1318 3.0746 1.5477 18.5586 1.5511 0.9992
Car 0.0000 0.0000 0.0000 876.0000 183.0000 1987.0000 747.0000 1.5169 1.6191 3.7994 2.9445 1.5862 3.8889 1.5617 0.9991
Car 0.0000 0.0000 0.0000 513.0000 172.0000 542.0000 194.0000 1.5139 1.6203 3.8639 -5.6482 1.3665 50.5141 1.5573 0.9988
Car 0.0000 0.0000 0.0000 656.0000 158.0000 718.0000 205.0000 1.5473 1.6721 4.3124 2.7141 1.0285 25.8969 1.5560 0.9980
Car 0.0000 0.0000 0.0000 437.0000 185.0000 503.0000 230.0000 1.4995 1.5943 3.7945 -5.0805 1.9355 26.6791 1.5708 0.9888
Car 0.0000 0.0000 0.0000 640.0000 140.0000 695.0000 180.0000 1.5422 1.6242 3.9114 2.4672 0.2503 29.7697 -1.3243 0.9701
