Car 0.0000 0.0000 0.0000 715.0000 177.0000 795.0000 238.0000 1.5133 1.6402 4.0250 3.9088 1.6083 19.9938 1.5708 0.9996
Car 0.0000 0.0000 0.0000 -369.0000 192.0000 377.0000 618.0000 1.5192 1.6307 3.8874 -2.9674 1.6834 4.6700 1.5531 0.9996
Car 0.0000 0.0000 0.0000 854.0000 190.0000 1201.0000 405.0000 1.5102 1.5917 3.5215 3.6374 1.7085 7.0809 -1.4814 0.9995
Car 0.0000 0.0000 0.0000 757.0000 180.0000 897.0000 273.0000 1.5267 1.6349 3.9115 4.0117 1.6608 13.9857 1.5708 0.9994
Car 0.0000 0.0000 0.0000 446.0000 161.0000 543.0000 246.0000 1.6521 1.6664 3.8986 -2.4408 1.4236 16.0583 1.5355 0.9994
Car 0.0000 0.0000 0.0000 702.0000 178.0000 764.0000 225.0000 1.5153 1.5787 3.3986 4.2762 1.6647 25.3637 1.5708 0.9992
Car 0.0000 0.0000 0.0000 556.0000 178.0000 589.0000 208.0000 1.5029 1.6191 3.8774 -1.8994 1.7041 37.6012 1.5209 0.9991
Car 0.0000 0.0000 0.0000 672.0000 164.0000 717.0000 196.0000 1.5384 1.6439 4.0224 4.3072 1.0808 36.6800 1.5296 0.9988
Car 0.0000 0.0000 0.0000 673.0000 178.0000 703.0000 205.0000 1.4986 1.6092 3.9010 4.6368 1.7257 41.9730 -1.4460 0.9766
Car 0.0000 0.0000 0.0000 684.0000 184.0000 726.0000 221.0000 1.5013 1.6001 3.7102 4.1767 1.9534 31.6579 1.5708 0.9699
