Car 0.0000 0.0000 0.0000 427.0000 183.0000 452.0000 201.0000 1.5245 1.6642 4.0874 -15.4523 2.3619 65.7946 1.4771 0.9998
Car 0.0000 0.0000 0.0000 292.0000 185.0000 366.0000 232.0000 1.5199 1.6481 3.9425 -10.1549 1.9577 26.3356 1.4353 0.9997
Car 0.0000 0.0000 0.0000 451.0000 180.0000 487.0000 207.0000 1.5314 1.6229 3.5949 -8.0708 1.8608 41.7673 1.4888 0.9997
Car 0.0000 0.0000 0.0000 518.0000 183.0000 600.0000 251.0000 1.5346 1.6491 3.8157 -1.4110 1.7820 18.6496 1.3824 0.9997
Car 0.0000 0.0000 0.0000 -28.0000 153.0000 311.0000 379.0000 1.8992 1.7838 4.5231 -4.9898 1.7428 8.4702 1.3801 0.9994
Car 0.0000 0.0000 0.0000 311.0000 161.0000 376.0000 218.0000 2.5777 1.9888 5.3302 -12.9105 1.9941 35.3077 1.4112 0.9978
Car 0.0000 0.0000 0.0000 497.0000 179.0000 548.0000 227.0000 1.5063 1.5673 3.4131 -3.0389 1.6947 24.6276 1.4113 0.9971
Car 0.0000 0.0000 0.0000 415.0000 179.0000 440.0000 195.0000 1.5323 1.6386 3.9161 -17.8699 2.0388 71.3371 1.5347 0.9958
Car 0.0000 0.0000 0.0000 479.0000 178.0000 523.0000 219.0000 1.5029 1.5923 3.7262 -4.4014 1.6962 29.0175 1.3824 0.9948
Car 0.0000 0.0000 0.0000 -113.0000 123.0000 221.0000 269.0000 1.5407 1.6368 3.8194 -7.0091 1.0140 9.6088 1.5319 0.9675
