Car 0.0000 0.0000 0.0000 685.0000 184.0000 1181.0000 434.0000 1.5300 1.6663 4.0702 2.4615 1.6400 6.6865 1.1204 0.9997
Car 0.0000 0.0000 0.0000 254.0000 186.0000 300.0000 215.0000 1.5236 1.6396 3.8187 -18.6082 2.1908 40.4580 1.3259 0.9997
Car 0.0000 0.0000 0.0000 440.0000 179.0000 492.0000 221.0000 1.5249 1.6341 3.7289 -5.7128 1.7311 28.4545 1.2782 0.9997
Car 0.0000 0.0000 0.0000 516.0000 182.0000 680.0000 275.0000 1.5346 1.6343 3.7446 -0.3858 1.7088 14.0852 1.0696 0.9994
Car 0.0000 0.0000 0.0000 0.0000 199.0000 193.0000 315.0000 1.5295 1.6480 3.9144 -8.5421 2.0226 12.3324 1.2458 0.9992
Car 0.0000 0.0000 0.0000 -263.0000 203.0000 112.0000 429.0000 1.5062 1.6195 3.9225 -6.4814 1.8708 7.3414 1.1346 0.9972
Car 0.0000 0.0000 0.0000 537.0000 176.0000 626.0000 206.0000 1.4960 1.6531 4.1053 -1.3695 1.5959 36.1734 0.2769 0.9947
Car 0.0000 0.0000 0.0000 603.0000 168.0000 714.0000 209.0000 1.6189 1.7084 4.3277 2.0825 1.4163 30.2197 0.3468 0.9943
Car 0.0000 0.0000 0.0000 410.0000 178.0000 440.0000 197.0000 1.5484 1.6515 4.1028 -15.5406 1.8928 61.1864 1.5206 0.9877
Car 0.0000 0.0000 0.0000 1181.0000 162.0000 1444.0000 272.0000 1.4974 1.5900 3.7508 11.1761 1.3521 11.8468 -1.2520 0.9807
Car 0.0000 0.0000 0.0000 406.0000 180.0000 449.0000 215.0000 1.4954 1.5965 3.8430 -8.3815 1.7840 33.5058 1.4161 0.9795
