Car 0.0000 0.0000 0.0000 404.0000 187.0000 478.0000 250.0000 1.5257 1.6348 3.7621 -4.5751 1.9196 19.9736 1.4378 0.9998
Car 0.0000 0.0000 0.0000 577.0000 181.0000 608.0000 209.0000 1.5168 1.6263 3.8192 -0.8893 1.8974 40.8997 1.5708 0.9995
Car 0.0000 0.0000 0.0000 105.0000 97.0000 423.0000 329.0000 2.3848 1.9589 5.3438 -4.3056 1.6127 10.1299 1.5575 0.9993
Car 0.0000 0.0000 0.0000 481.0000 184.0000 526.0000 219.0000 1.5092 1.6165 3.7825 -4.8662 1.9849 33.5318 1.5451 0.9993
Car 0.0000 0.0000 0.0000 382.0000 183.0000 439.0000 220.0000 1.4959 1.6118 3.9483 -8.7410 1.9223 31.9574 1.5189 0.9970
Car 0.0000 0.0000 0.0000 526.0000 181.0000 553.0000 203.0000 1.4966 1.6000 3.8226 -5.0353 2.0347 52.7580 1.5708 0.9958
Car 0.0000 0.0000 0.0000 499.0000 181.0000 534.0000 208.0000 1.4977 1.6065 3.9377 -5.6432 1.9476 43.5167 1.3204 0.9912
Car 0.0000 0.0000 0.0000 428.0000 183.0000 464.0000 210.0000 1.4966 1.5843 3.7045 -9.4972 2.0400 42.1634 1.4897 0.9903
Car 0.0000 0.0000 0.0000 412.0000 183.0000 436.0000 205.0000 1.5090 1.6103 3.8928 -13.2465 2.1342 51.6741 1.3192 0.9829
Car 0.0000 0.0000 0.0000 -23.0000 182.0000 200.0000 301.0000 1.5129 1.5852 3.6352 -7.9150 1.6570 11.2996 1.3357 0.9652
