Car 0.0000 0.0000 0.0000 129.0000 176.0000 385.0000 260.0000 1.5187 1.6785 4.2302 -6.8067 1.5827 14.0947 0.0659 0.9999
Car 0.0000 0.0000 0.0000 686.0000 183.0000 799.0000 264.0000 1.5334 1.6172 3.5785 2.7524 1.7360 15.7290 1.5200 0.9999
Car 0.0000 0.0000 0.0000 -443.0000 155.0000 210.0000 365.0000 1.6186 1.7065 4.3859 -6.3143 1.5045 6.5366 0.0559 0.9998
Car 0.0000 0.0000 0.0000 660.0000 175.0000 711.0000 222.0000 1.5957 1.6269 3.4495 2.7113 1.6387 26.3161 1.5708 0.9998
Car 0.0000 0.0000 0.0000 887.0000 185.0000 2739.0000 1151.0000 1.6060 1.6734 4.0531 3.0171 1.6817 3.3223 1.4808 0.9995
Car 0.0000 0.0000 0.0000 -117.0000 179.0000 253.0000 310.0000 1.4802 1.6157 3.8794 -6.9382 1.5695 9.3180 0.1735 0.9993
Car 0.0000 0.0000 0.0000 289.0000 181.0000 457.0000 243.0000 1.5016 1.6178 3.8830 -6.1583 1.7147 18.8153 0.2308 0.9986
Car 0.0000 0.0000 0.0000 356.0000 184.0000 487.0000 231.0000 1.4956 1.6202 3.9196 -6.2292 1.8393 24.0960 0.0468 0.9981
Car 0.0000 0.0000 0.0000 383.0000 180.0000 500.0000 225.0000 1.5633 1.6200 3.8787 -6.1759 1.8236 26.7055 0.1019 0.9971
Car 0.0000 0.0000 0.0000 532.0000 176.0000 556.0000 197.0000 1.4970 1.6121 3.9653 -4.8279 1.6444 54.1460 1.5323 0.9964
Car 0.0000 0.0000 0.0000 467.0000 168.0000 537.0000 194.0000 1.5478 1.6544 4.1339 -6.7081 1.2314 45.3864 0.0735 0.9936
Car 0.0000 0.0000 0.0000 645.0000 179.0000 693.0000 214.0000 1.4949 1.5716 3.6053 2.6320 1.7097 32.3357 1.4987 0.9857
Car 0.0000 0.0000 0.0000 631.0000 175.0000 664.0000 202.0000 1.5015 1.5986 3.9037 2.2197 1.5751 42.0794 1.5395 0.9750
Car 0.0000 0.0000 0.0000 494.0000 177.0000 529.0000 205.0000 1.4962 1.5999 3.8434 -5.5467 1.6840 41.3266 1.5477 0.9722
