Car 0.0000 0.0000 0.0000 507.0000 178.0000 530.0000 199.0000 1.4991 1.6177 3.9497 -6.7366 1.8066 53.6308 1.4189 0.9983
Car 0.0000 0.0000 0.0000 444.0000 183.0000 485.0000 210.0000 1.5062 1.6420 4.1582 -8.5113 2.0385 42.7425 1.5677 0.9949
Car 0.0000 0.0000 0.0000 839.0000 168.0000 867.0000 185.0000 1.5403 1.6309 4.0087 22.7451 0.9789 67.0303 -1.4671 0.9945
Car 0.0000 0.0000 0.0000 818.0000 172.0000 839.0000 189.0000 1.5115 1.6086 3.7324 20.0619 1.3195 65.8318 -1.3360 0.9940
Car 0.0000 0.0000 0.0000 464.0000 179.0000 495.0000 201.0000 1.4971 1.5958 3.8552 -9.4559 1.8883 52.8545 1.5641 0.9920
Car 0.0000 0.0000 0.0000 872.0000 165.0000 902.0000 183.0000 1.5409 1.6442 4.1186 25.5550 0.7770 66.0779 -1.4362 0.9904
Car 0.0000 0.0000 0.0000 326.0000 187.0000 367.0000 217.0000 1.4934 1.6047 3.9044 -14.4142 2.2381 39.6507 1.3546 0.9901
Car 0.0000 0.0000 0.0000 722.0000 182.0000 763.0000 214.0000 1.4928 1.6093 3.9849 6.7142 1.9290 36.5135 1.5708 0.9861
Car 0.0000 0.0000 0.0000 131.0000 184.0000 233.0000 222.0000 1.5014 1.6141 4.0101 -18.5578 1.9665 31.4650 -1.3960 0.9831
Car 0.0000 0.0000 0.0000 312.0000 169.0000 352.0000 193.0000 1.5458 1.6171 3.8890 -18.7417 1.2713 48.8444 1.4425 0.9768
Car 0.0000 0.0000 0.0000 125.0000 178.0000 179.0000 202.0000 1.5009 1.6049 4.0249 -29.1959 1.7439 46.1162 1.3698 0.9731
Car 0.0000 0.0000 0.0000 589.0000 183.0000 619.0000 209.0000 1.4966 1.6121 3.9687 -0.2391 2.0540 44.6496 1.5708 0.9731
Car 0.0000 0.0000 0.0000 479.0000 169.0000 504.0000 188.0000 1.5314 1.6329 4.1019 -9.6630 1.1449 59.6544 1.5278 0.9691
Car 0.0000 0.0000 0.0000 390.0000 179.0000 443.0000 214.0000 1.5174 1.5972 3.7477 -8.9945 1.7739 33.8640 1.5273 0.9676
Car 0.0000 0.0000 0.0000 563.0000 175.0000 586.0000 193.0000 1.4977 1.6023 3.8536 -2.8287 1.5706 60.6017 1.5708 0.9661
Car 0.0000 0.0000 0.0000 267.0000 186.0000 308.0000 211.0000 1.4896 1.6045 3.9434 -20.8755 2.2999 46.8959 1.3722 0.9642
