Car 0.0000 0.0000 0.0000 672.0000 179.0000 740.0000 230.0000 1.5221 1.6248 3.6724 3.0583 1.6971 23.5076 1.5482 0.9998
Car 0.0000 0.0000 0.0000 648.0000 175.0000 680.0000 202.0000 1.5072 1.6321 3.9072 3.3126 1.6151 43.9602 1.5657 0.9996
Car 0.0000 0.0000 0.0000 -437.0000 197.0000 398.0000 671.0000 1.5031 1.6177 3.8824 -2.7985 1.6991 4.4016 1.5708 0.9993
Car 0.0000 0.0000 0.0000 451.0000 178.0000 526.0000 241.0000 1.5178 1.6317 4.0200 -3.2118 1.6451 19.6349 1.5000 0.9993
Car 0.0000 0.0000 0.0000 259.0000 183.0000 463.0000 318.0000 1.5431 1.6262 3.8656 -3.3319 1.6833 10.3478 1.5617 0.9992
Car 0.0000 0.0000 0.0000 836.0000 186.0000 1823.0000 703.0000 1.5071 1.6233 3.9116 2.8461 1.5993 4.1751 1.4928 0.9990
Car 0.0000 0.0000 0.0000 719.0000 184.0000 933.0000 332.0000 1.5481 1.6434 3.9386 2.5951 1.6989 9.6919 1.5641 0.9965
Car 0.0000 0.0000 0.0000 566.0000 178.0000 587.0000 196.0000 1.5134 1.6098 3.8518 -2.7013 1.8324 61.4896 1.5549 0.9896
Car 0.0000 0.0000 0.0000 486.0000 177.0000 558.0000 222.0000 1.4947 1.5776 3.6558 -3.0536 1.6185 25.7625 -1.4016 0.9683
Car 0.0000 0.0000 0.0000 639.0000 174.0000 665.0000 198.0000 1.5075 1.5945 3.7492 2.9262 1.5565 49.1801 1.5708 0.9649
Car 0.0000 0.0000 0.0000 639.0000 161.0000 663.0000 185.0000 1.7174 1.7089 4.2646 3.3224 0.7862 55.3713 1.5708 0.9614
