Car 0.0000 0.0000 0.0000 565.0000 177.0000 618.0000 228.0000 1.5317 1.6106 3.4827 -0.5592 1.6596 23.8742 1.5696 0.9999
Car 0.0000 0.0000 0.0000 409.0000 181.0000 461.0000 216.0000 1.5222 1.6332 3.7096 -8.2256 1.8761 34.3082 1.5582 0.9998
Car 0.0000 0.0000 0.0000 373.0000 181.0000 419.0000 208.0000 1.5088 1.6437 4.0195 -12.7446 1.9281 43.2899 1.5471 0.9997
Car 0.0000 0.0000 0.0000 209.0000 184.0000 451.0000 345.0000 1.5306 1.6288 3.6856 -3.1803 1.6803 8.9010 1.5505 0.9997
Car 0.0000 0.0000 0.0000 466.0000 180.0000 532.0000 233.0000 1.5079 1.6333 3.9299 -3.4069 1.7081 22.7645 1.5243 0.9996
Car 0.0000 0.0000 0.0000 -186.0000 191.0000 182.0000 347.0000 1.5333 1.6447 3.9680 -7.5762 1.7951 9.4789 1.5160 0.9995
Car 0.0000 0.0000 0.0000 53.0000 185.0000 210.0000 252.0000 1.5220 1.6245 3.8353 -12.2674 1.8324 18.7626 1.5362 0.9992
Car 0.0000 0.0000 0.0000 459.0000 178.0000 490.0000 202.0000 1.5016 1.6181 3.9538 -8.8251 1.7718 47.5964 1.4927 0.9973
Car 0.0000 0.0000 0.0000 529.0000 168.0000 558.0000 192.0000 1.5412 1.6322 4.0446 -4.4021 1.1671 48.8891 1.5611 0.9952
Car 0.0000 0.0000 0.0000 230.0000 177.0000 312.0000 218.0000 1.5315 1.6362 4.1742 -13.5259 1.6524 29.0462 1.4819 0.9838
Car 0.0000 0.0000 0.0000 280.0000 182.0000 381.0000 239.0000 1.5127 1.6122 3.8292 -8.0999 1.7604 21.2411 1.5370 0.9679
