Car 0.0000 0.0000 0.0000 388.0000 194.0000 464.0000 245.0000 1.5216 1.6260 3.6643 -6.1867 2.2465 24.6537 1.5708 0.9998
Car 0.0000 0.0000 0.0000 660.0000 178.0000 714.0000 220.0000 1.5126 1.6236 3.8455 2.9708 1.6806 28.0992 1.5644 0.9994
Car 0.0000 0.0000 0.0000 432.0000 190.0000 490.0000 230.0000 1.5100 1.6176 3.8861 -6.1237 2.1948 30.0750 1.5635 0.9988
Car 0.0000 0.0000 0.0000 86.0000 204.0000 174.0000 245.0000 1.5326 1.6525 3.9566 -20.8200 2.8965 31.4366 1.4298 0.9983
Car 0.0000 0.0000 0.0000 474.0000 184.0000 518.0000 214.0000 1.5116 1.6305 3.9882 -5.9781 2.0451 38.3466 1.5708 0.9982
Car 0.0000 0.0000 0.0000 30.0000 205.0000 129.0000 245.0000 1.5106 1.6520 4.1108 -23.5543 2.9919 32.1833 1.4879 0.9951
Car 0.0000 0.0000 0.0000 534.0000 182.0000 553.0000 198.0000 1.5033 1.6289 4.0370 -6.3707 2.2883 70.9203 1.5445 0.9891
Car 0.0000 0.0000 0.0000 -24.0000 206.0000 71.0000 246.0000 1.5188 1.6104 3.6758 -26.0185 3.0069 32.0849 1.4507 0.9777
Car 0.0000 0.0000 0.0000 522.0000 190.0000 550.0000 211.0000 1.5070 1.6199 3.9128 -5.5067 2.7566 54.8695 1.5708 0.9730
Car 0.0000 0.0000 0.0000 847.0000 171.0000 881.0000 193.0000 1.5035 1.5753 3.6384 18.7069 1.3418 52.8684 -1.4476 0.9712
Car 0.0000 0.0000 0.0000 1042.0000 142.0000 1126.0000 177.0000 1.6842 1.6810 3.9685 24.5908 0.1487 37.4234 1.5447 0.9673
