Car 0.0000 0.0000 0.0000 659.0000 170.0000 725.0000 220.0000 1.5249 1.6177 3.5624 2.6456 1.4103 23.8456 1.5307 0.9998
Car 0.0000 0.0000 0.0000 543.0000 172.0000 577.0000 203.0000 1.5187 1.6236 3.7021 -2.5897 1.4454 37.6382 1.4701 0.9995
Car 0.0000 0.0000 0.0000 730.0000 181.0000 1007.0000 367.0000 1.5935 1.6617 3.9799 2.5748 1.6931 8.2993 1.5474 0.9995
Car 0.0000 0.0000 0.0000 312.0000 168.0000 491.0000 301.0000 1.5224 1.6260 3.7964 -2.7606 1.4802 10.2782 1.5198 0.9995
Car 0.0000 0.0000 0.0000 833.0000 160.0000 2770.0000 1201.0000 1.5046 1.6100 3.8617 2.3206 1.5074 2.9866 1.5617 0.9991
Car 0.0000 0.0000 0.0000 641.0000 175.0000 683.0000 207.0000 1.5152 1.6140 3.7438 2.6088 1.5725 36.4150 1.5102 0.9990
Car 0.0000 0.0000 0.0000 -152.0000 143.0000 428.0000 519.0000 1.6477 1.7083 4.4517 -2.7044 1.5315 5.4498 1.5050 0.9989
Car 0.0000 0.0000 0.0000 626.0000 168.0000 649.0000 189.0000 1.5110 1.6211 4.0016 2.1136 1.0990 53.1802 1.5708 0.9957
Car 0.0000 0.0000 0.0000 439.0000 167.0000 484.0000 198.0000 1.6075 1.6436 3.8834 -7.9943 1.2705 39.2641 1.5691 0.9869
Car 0.0000 0.0000 0.0000 558.0000 173.0000 586.0000 195.0000 1.5079 1.6152 4.0090 -2.5731 1.4773 51.5718 1.5708 0.9869
Car 0.0000 0.0000 0.0000 625.0000 174.0000 643.0000 191.0000 1.5006 1.5897 3.7538 2.2203 1.5023 63.9167 1.5708 0.9783
Car 0.0000 0.0000 0.0000 395.0000 168.0000 500.0000 208.0000 1.6550 1.6878 4.2143 -7.0863 1.3911 31.7895 -0.6780 0.9728
