Car 0.0000 0.0000 0.0000 309.0000 193.0000 438.0000 264.0000 1.5076 1.6632 4.2895 -5.8414 2.0404 18.3514 1.5708 0.9998
Car 0.0000 0.0000 0.0000 70.0000 193.0000 322.0000 327.0000 1.5433 1.6528 3.9319 -5.8817 1.8711 10.7880 1.5284 0.9998
Car 0.0000 0.0000 0.0000 729.0000 176.0000 888.0000 279.0000 1.5158 1.6130 3.6452 3.2474 1.5617 12.5634 1.5291 0.9997
Car 0.0000 0.0000 0.0000 693.0000 179.0000 799.0000 248.0000 1.5286 1.6401 3.8858 3.2738 1.6634 18.0936 1.4939 0.9997
Car 0.0000 0.0000 0.0000 456.0000 185.0000 500.0000 221.0000 1.5195 1.6620 4.1517 -6.0029 2.0257 33.2635 1.4658 0.9997
Car 0.0000 0.0000 0.0000 1151.0000 135.0000 1641.0000 269.0000 1.4898 1.6423 4.0703 9.4439 1.0835 8.9719 0.0824 0.9991
Car 0.0000 0.0000 0.0000 1025.0000 160.0000 1356.0000 272.0000 1.4807 1.6084 3.8733 9.1036 1.3203 11.6049 0.9152 0.9991
Car 0.0000 0.0000 0.0000 670.0000 180.0000 787.0000 222.0000 1.5046 1.6544 4.1937 4.4122 1.7389 27.0660 0.0981 0.9988
Car 0.0000 0.0000 0.0000 -1014.0000 202.0000 78.0000 619.0000 1.5327 1.6280 3.9074 -5.8506 1.7974 4.8762 1.5333 0.9986
Car 0.0000 0.0000 0.0000 844.0000 150.0000 967.0000 212.0000 1.5982 1.6791 4.2531 8.3828 0.9850 20.8398 1.5385 0.9982
Car 0.0000 0.0000 0.0000 919.0000 165.0000 1171.0000 248.0000 1.4956 1.6103 3.8790 8.3075 1.3674 14.0755 0.1537 0.9973
Car 0.0000 0.0000 0.0000 645.0000 171.0000 675.0000 199.0000 1.5188 1.6379 4.1054 2.9526 1.3863 42.4346 1.5708 0.9956
Car 0.0000 0.0000 0.0000 401.0000 189.0000 482.0000 240.0000 1.4969 1.6046 3.8277 -5.5563 2.0451 24.2129 1.5708 0.9905
Car 0.0000 0.0000 0.0000 659.0000 179.0000 695.0000 213.0000 1.5102 1.5994 3.7892 3.1410 1.7437 33.6296 1.5708 0.9885
Car 0.0000 0.0000 0.0000 -112.0000 190.0000 62.0000 246.0000 1.4771 1.5895 3.6973 -18.9960 2.0120 21.7319 -0.4877 0.9879
Car 0.0000 0.0000 0.0000 591.0000 175.0000 611.0000 191.0000 1.5320 1.6334 3.8944 -0.6756 1.6577 71.3338 1.5708 0.9876
Car 0.0000 0.0000 0.0000 347.0000 175.0000 404.0000 209.0000 1.4992 1.5803 3.6855 -11.0656 1.5808 34.3194 1.5455 0.9819
Car 0.0000 0.0000 0.0000 159.0000 180.0000 245.0000 226.0000 1.4957 1.5815 3.7278 -14.2920 1.7154 25.4640 1.3632 0.9810
Car 0.0000 0.0000 0.0000 380.0000 176.0000 424.0000 209.0000 1.6645 1.6916 4.3218 -11.0959 1.7918 38.8980 1.4346 0.9774
Car 0.0000 0.0000 0.0000 -19.0000 195.0000 41.0000 222.0000 1.5138 1.6074 3.7976 -36.7291 2.8500 44.2546 1.2466 0.9663
