Car 0.0000 0.0000 0.0000 876.0000 187.0000 1289.0000 317.0000 1.5175 1.7111 4.3633 6.0557 1.7289 9.6337 0.0074 0.9999
Car 0.0000 0.0000 0.0000 -323.0000 176.0000 115.0000 395.0000 1.5315 1.6391 3.9368 -6.5489 1.5781 7.2081 1.2190 0.9999
Car 0.0000 0.0000 0.0000 874.0000 174.0000 1165.0000 267.0000 1.4575 1.6390 4.0290 6.8441 1.4808 12.3580 0.0272 0.9998
Car 0.0000 0.0000 0.0000 743.0000 176.0000 920.0000 236.0000 1.5588 1.7127 4.4516 6.1295 1.6494 20.2539 0.0185 0.9998
Car 0.0000 0.0000 0.0000 168.0000 142.0000 393.0000 217.0000 1.5523 1.6819 4.3126 -7.3098 0.9163 16.1648 0.0872 0.9997
Car 0.0000 0.0000 0.0000 644.0000 172.0000 691.0000 215.0000 1.6518 1.7048 4.4033 2.3432 1.5869 29.6954 1.5708 0.9997
Car 0.0000 0.0000 0.0000 372.0000 173.0000 497.0000 218.0000 1.5088 1.6476 4.0612 -6.2314 1.5112 25.9370 0.0433 0.9996
Car 0.0000 0.0000 0.0000 473.0000 171.0000 520.0000 210.0000 1.6327 1.6494 3.8111 -5.0918 1.5087 32.1610 1.3082 0.9983
Car 0.0000 0.0000 0.0000 1033.0000 192.0000 6221.0000 2827.0000 1.5106 1.5836 3.5155 2.8705 1.6098 2.3066 -1.3752 0.9980
Car 0.0000 0.0000 0.0000 394.0000 151.0000 436.0000 182.0000 1.5252 1.5916 3.5678 -10.1147 0.3993 37.6525 1.4562 0.9975
Car 0.0000 0.0000 0.0000 254.0000 170.0000 435.0000 234.0000 1.5565 1.6584 4.1412 -6.8791 1.4891 18.8941 0.0564 0.9954
Car 0.0000 0.0000 0.0000 423.0000 155.0000 461.0000 182.0000 1.5384 1.6283 4.0434 -9.9133 0.4605 42.9263 1.4854 0.9826
Car 0.0000 0.0000 0.0000 322.0000 156.0000 403.0000 197.0000 1.7824 1.7121 4.3507 -11.4421 0.9985 33.6854 -1.4020 0.9819
Car 0.0000 0.0000 0.0000 127.0000 169.0000 371.0000 253.0000 1.5246 1.6335 4.0116 -7.0007 1.4542 14.1696 0.0449 0.9787
