Car 0.0000 0.0000 0.0000 596.0000 178.0000 625.0000 203.0000 1.5078 1.6421 4.1152 0.0701 1.7894 45.7523 1.5255 0.9993
Car 0.0000 0.0000 0.0000 386.0000 185.0000 445.0000 222.0000 1.5032 1.6114 3.8058 -8.5274 2.0188 31.9983 1.5708 0.9992
Car 0.0000 0.0000 0.0000 483.0000 180.0000 512.0000 201.0000 1.5138 1.6326 4.0313 -8.6634 2.0042 56.1806 1.5708 0.9985
Car 0.0000 0.0000 0.0000 323.0000 187.0000 389.0000 222.0000 1.5050 1.6452 4.2900 -11.8569 2.1383 34.0024 1.5495 0.9978
Car 0.0000 0.0000 0.0000 -35.0000 201.0000 93.0000 251.0000 1.5058 1.5923 3.6496 -19.9583 2.4864 24.9169 1.5489 0.9958
Car 0.0000 0.0000 0.0000 840.0000 177.0000 865.0000 196.0000 1.4863 1.6003 3.8871 19.3143 1.7265 57.1860 -1.3170 0.9915
Car 0.0000 0.0000 0.0000 642.0000 169.0000 662.0000 187.0000 1.5074 1.5937 3.7648 3.7609 1.1066 62.5418 1.5708 0.9874
Car 0.0000 0.0000 0.0000 199.0000 188.0000 242.0000 210.0000 1.4995 1.5967 3.8136 -29.5333 2.6179 54.9104 1.4569 0.9860
Car 0.0000 0.0000 0.0000 368.0000 184.0000 410.0000 208.0000 1.4980 1.6113 3.9482 -14.6469 2.1986 48.1463 1.5691 0.9809
Car 0.0000 0.0000 0.0000 670.0000 174.0000 698.0000 198.0000 1.4960 1.5979 3.8109 5.0158 1.5355 47.6328 -1.4107 0.9663
