Car 0.0000 0.0000 0.0000 32.0000 195.0000 144.0000 258.0000 1.5336 1.6240 3.5807 -14.7936 2.1787 20.6064 1.2332 0.9997
Car 0.0000 0.0000 0.0000 580.0000 179.0000 606.0000 205.0000 1.5177 1.6124 3.6110 -0.9948 1.8699 45.7129 1.5491 0.9995
Car 0.0000 0.0000 0.0000 555.0000 179.0000 578.0000 199.0000 1.5171 1.6311 3.9116 -3.2624 1.8765 55.9906 1.5453 0.9995
Car 0.0000 0.0000 0.0000 643.0000 178.0000 700.0000 222.0000 1.5152 1.6064 3.6888 2.2555 1.6696 26.9386 1.5110 0.9993
Car 0.0000 0.0000 0.0000 444.0000 180.0000 492.0000 220.0000 1.5152 1.6191 3.7591 -5.7167 1.7575 29.4597 1.4658 0.9993
Car 0.0000 0.0000 0.0000 613.0000 177.0000 656.0000 211.0000 1.5085 1.6042 3.6814 1.1280 1.6638 33.8410 1.4919 0.9990
Car 0.0000 0.0000 0.0000 686.0000 178.0000 779.0000 248.0000 1.5251 1.6287 3.9565 2.9087 1.6282 17.8202 1.5708 0.9983
Car 0.0000 0.0000 0.0000 706.0000 171.0000 868.0000 276.0000 1.5187 1.6570 4.2448 2.8547 1.4990 12.6214 1.5425 0.9981
Car 0.0000 0.0000 0.0000 534.0000 180.0000 554.0000 196.0000 1.5246 1.6407 4.0148 -6.2915 2.0876 71.0019 1.5621 0.9884
Car 0.0000 0.0000 0.0000 439.0000 178.0000 461.0000 196.0000 1.5066 1.6120 3.9994 -13.9442 1.8764 63.4112 1.4350 0.9663
