Car 0.0000 0.0000 0.0000 212.0000 207.0000 275.0000 262.0000 1.5396 1.6416 3.5988 -12.3018 2.7358 24.3679 1.1731 0.9998
Car 0.0000 0.0000 0.0000 508.0000 211.0000 795.0000 376.0000 1.5359 1.6760 4.1591 0.2791 2.1169 9.6681 0.9837 0.9997
Car 0.0000 0.0000 0.0000 437.0000 202.0000 528.0000 272.0000 1.5349 1.6219 3.4913 -3.4145 2.3218 18.8515 1.1813 0.9996
Car 0.0000 0.0000 0.0000 649.0000 196.0000 1218.0000 556.0000 1.5427 1.6247 3.5942 1.7942 1.7446 5.2311 1.1576 0.9995
Car 0.0000 0.0000 0.0000 489.0000 201.0000 632.0000 299.0000 1.5137 1.6381 3.9283 -1.1340 2.1032 14.1473 1.1824 0.9994
Car 0.0000 0.0000 0.0000 -167.0000 203.0000 221.0000 405.0000 1.5148 1.6440 4.0471 -5.9941 1.9138 8.0639 1.3944 0.9993
Car 0.0000 0.0000 0.0000 267.0000 205.0000 312.0000 233.0000 1.5254 1.6617 3.9386 -19.9577 3.5527 45.1196 1.4124 0.9978
Car 0.0000 0.0000 0.0000 84.0000 217.0000 257.0000 318.0000 1.5121 1.6329 3.9023 -8.5541 2.4803 14.3923 1.3994 0.9977
Car 0.0000 0.0000 0.0000 370.0000 202.0000 408.0000 229.0000 1.5162 1.6354 3.9329 -14.0108 3.3553 46.0969 1.4626 0.9869
Car 0.0000 0.0000 0.0000 378.0000 210.0000 435.0000 254.0000 1.5215 1.6468 3.9973 -8.4077 3.1143 30.1336 1.4540 0.9831
Car 0.0000 0.0000 0.0000 377.0000 204.0000 472.0000 268.0000 1.5093 1.6314 3.9524 -5.1789 2.4513 20.6206 1.5708 0.9701
