Car 0.0000 0.0000 0.0000 658.0000 179.0000 756.0000 252.0000 1.5282 1.6015 3.4000 2.1652 1.6605 16.9361 1.5030 0.9998
Car 0.0000 0.0000 0.0000 539.0000 177.0000 567.0000 202.0000 1.5172 1.6246 3.7462 -3.5464 1.7489 45.9668 1.5345 0.9997
Car 0.0000 0.0000 0.0000 343.0000 184.0000 419.0000 248.0000 1.5163 1.6332 3.8386 -6.0781 1.8008 19.4594 1.3457 0.9996
Car 0.0000 0.0000 0.0000 562.0000 180.0000 603.0000 213.0000 1.5264 1.6314 3.7807 -1.3669 1.8349 35.6337 1.4358 0.9996
Car 0.0000 0.0000 0.0000 610.0000 177.0000 677.0000 228.0000 1.5202 1.6247 3.7504 1.0436 1.6414 23.8102 1.4544 0.9996
Car 0.0000 0.0000 0.0000 755.0000 184.0000 1088.0000 387.0000 1.5814 1.6773 4.3570 2.9043 1.7079 7.9328 1.5498 0.9990
Car 0.0000 0.0000 0.0000 908.0000 142.0000 2921.0000 1129.0000 1.5197 1.6152 3.7901 2.7617 1.4922 3.0275 1.5708 0.9983
Car 0.0000 0.0000 0.0000 418.0000 182.0000 464.0000 211.0000 1.4998 1.6150 3.9746 -9.3756 1.9731 40.4861 1.5708 0.9963
Car 0.0000 0.0000 0.0000 398.0000 173.0000 432.0000 195.0000 1.5003 1.5990 3.8754 -13.9130 1.4679 51.7856 1.5154 0.9808
Car 0.0000 0.0000 0.0000 415.0000 194.0000 453.0000 220.0000 1.5022 1.6172 3.8987 -11.0317 2.8086 45.5813 1.5236 0.9747
Car 0.0000 0.0000 0.0000 649.0000 171.0000 683.0000 203.0000 1.5040 1.5880 3.7369 2.9421 1.3929 36.6863 -1.4707 0.9695
