Car 0.0000 0.0000 0.0000 458.0000 171.0000 522.0000 229.0000 1.7129 1.7434 4.4908 -3.8577 1.6452 23.8595 1.4795 0.9998
Car 0.0000 0.0000 0.0000 543.0000 169.0000 732.0000 345.0000 1.5093 1.6310 3.8657 0.1317 1.4857 8.1676 1.5308 0.9996
Car 0.0000 0.0000 0.0000 235.0000 125.0000 462.0000 326.0000 2.1969 1.8806 4.7798 -3.4011 1.6783 10.3688 1.4903 0.9992
Car 0.0000 0.0000 0.0000 697.0000 174.0000 759.0000 220.0000 1.5228 1.6146 3.7102 4.2165 1.5491 26.0573 1.5708 0.9992
Car 0.0000 0.0000 0.0000 680.0000 170.0000 718.0000 207.0000 1.6150 1.6658 4.0294 4.2519 1.4554 34.0775 -1.4386 0.9991
Car 0.0000 0.0000 0.0000 394.0000 178.0000 494.0000 253.0000 1.5281 1.6160 3.9290 -3.7061 1.6237 16.6486 1.5080 0.9979
Car 0.0000 0.0000 0.0000 578.0000 178.0000 649.0000 245.0000 1.5262 1.6168 3.8025 0.1370 1.6281 18.3176 1.5708 0.9965
Car 0.0000 0.0000 0.0000 753.0000 179.0000 951.0000 310.0000 1.5119 1.5797 3.5226 3.1539 1.5893 10.1603 1.5695 0.9888
Car 0.0000 0.0000 0.0000 151.0000 181.0000 184.0000 199.0000 1.5014 1.5946 3.8144 -38.1831 2.0962 62.4026 1.2676 0.9748
Car 0.0000 0.0000 0.0000 738.0000 162.0000 871.0000 256.0000 1.5604 1.6070 3.7442 3.5623 1.3753 13.8643 1.5708 0.9732
