Car 0.0000 0.0000 0.0000 -143.0000 204.0000 254.0000 393.0000 1.5275 1.6555 4.0446 -5.9912 1.9563 8.4607 1.5394 0.9997
Car 0.0000 0.0000 0.0000 447.0000 186.0000 497.0000 224.0000 1.5146 1.6255 3.7808 -5.9885 2.0802 31.7538 1.5193 0.9996
Car 0.0000 0.0000 0.0000 199.0000 198.0000 363.0000 298.0000 1.5159 1.6248 3.7205 -5.9891 2.0168 13.5335 1.4959 0.9995
Car 0.0000 0.0000 0.0000 310.0000 191.0000 425.0000 261.0000 1.5192 1.6176 3.7945 -6.0461 2.0014 18.3766 1.5708 0.9995
Car 0.0000 0.0000 0.0000 398.0000 184.0000 468.0000 234.0000 1.5195 1.6344 3.9556 -5.9095 1.8865 24.5320 1.5120 0.9993
Car 0.0000 0.0000 0.0000 664.0000 172.0000 721.0000 217.0000 1.5133 1.6237 3.8766 2.9549 1.4755 26.3394 1.5708 0.9989
Car 0.0000 0.0000 0.0000 839.0000 158.0000 1019.0000 217.0000 1.5679 1.6928 4.3757 8.9806 1.1557 20.5358 0.0984 0.9976
Car 0.0000 0.0000 0.0000 654.0000 175.0000 699.0000 211.0000 1.5053 1.5845 3.5650 2.9123 1.5533 31.7664 1.5574 0.9975
Car 0.0000 0.0000 0.0000 807.0000 165.0000 897.0000 211.0000 1.4788 1.6203 4.0339 8.6497 1.1947 25.4400 -0.8680 0.9965
Car 0.0000 0.0000 0.0000 301.0000 168.0000 382.0000 222.0000 2.1409 1.8393 4.7760 -11.4436 1.9100 31.1544 1.5471 0.9914
Car 0.0000 0.0000 0.0000 758.0000 173.0000 867.0000 214.0000 1.5433 1.6358 4.0090 7.9367 1.5297 28.3674 0.2206 0.9901
Car 0.0000 0.0000 0.0000 841.0000 154.0000 983.0000 203.0000 1.4585 1.6139 3.9586 9.4594 0.8916 22.8046 0.2708 0.9884
