Car 0.0000 0.0000 0.0000 635.0000 184.0000 684.0000 229.0000 1.5108 1.6368 3.9225 1.7861 1.8852 26.3573 1.5708 0.9998
Car 0.0000 0.0000 0.0000 242.0000 185.0000 467.0000 336.0000 1.5460 1.6050 3.3220 -3.0453 1.7062 9.2105 1.5708 0.9998
Car 0.0000 0.0000 0.0000 555.0000 180.0000 578.0000 201.0000 1.5079 1.6353 4.0744 -3.0862 1.9596 53.3207 1.5337 0.9992
Car 0.0000 0.0000 0.0000 526.0000 181.0000 567.0000 206.0000 1.4995 1.6132 3.8394 -3.8522 1.9229 44.8928 -1.4061 0.9989
Car 0.0000 0.0000 0.0000 624.0000 177.0000 652.0000 203.0000 1.5142 1.6328 4.0149 1.7690 1.7080 44.5435 1.5708 0.9988
Car 0.0000 0.0000 0.0000 -268.0000 -1532.0000 3637.0000 579.0000 1.5018 1.6145 3.9550 -2.8798 1.7222 1.1907 1.4933 0.9962
Car 0.0000 0.0000 0.0000 490.0000 182.0000 522.0000 210.0000 1.5035 1.6165 3.9062 -5.9266 1.9934 41.7083 1.4845 0.9943
Car 0.0000 0.0000 0.0000 52.0000 182.0000 218.0000 293.0000 1.5266 1.6393 3.9765 -7.7967 1.6652 12.1624 1.1733 0.9865
Car 0.0000 0.0000 0.0000 750.0000 178.0000 797.0000 210.0000 1.4855 1.5937 3.8115 8.0299 1.6964 35.4334 1.5708 0.9719
Car 0.0000 0.0000 0.0000 655.0000 174.0000 679.0000 197.0000 1.5234 1.6089 3.9101 4.1971 1.5727 51.2399 -1.4689 0.9625
