Car 0.0000 0.0000 0.0000 686.0000 180.0000 787.0000 259.0000 1.5871 1.6649 3.7558 2.7444 1.7255 16.3989 1.5708 0.9999
Car 0.0000 0.0000 0.0000 343.0000 178.0000 481.0000 224.0000 1.5498 1.7157 4.4581 -7.0554 1.7186 25.9906 0.0353 0.9997
Car 0.0000 0.0000 0.0000 660.0000 181.0000 738.0000 236.0000 1.5380 1.6502 3.9383 2.6793 1.7824 22.4921 1.4930 0.9997
Car 0.0000 0.0000 0.0000 246.0000 185.0000 445.0000 256.0000 1.5406 1.6498 4.0538 -6.0896 1.8279 16.8123 0.0639 0.9996
Car 0.0000 0.0000 0.0000 804.0000 188.0000 1303.0000 488.0000 1.5294 1.6151 3.6494 2.8010 1.6646 5.6257 1.5680 0.9996
Car 0.0000 0.0000 0.0000 473.0000 179.0000 549.0000 205.0000 1.5245 1.6637 4.2039 -5.8245 1.8251 43.0524 0.0801 0.9995
Car 0.0000 0.0000 0.0000 178.0000 190.0000 417.0000 275.0000 1.5076 1.6249 3.9193 -5.9458 1.8479 13.9072 0.0657 0.9995
Car 0.0000 0.0000 0.0000 -106.0000 198.0000 303.0000 337.0000 1.5024 1.6350 3.9982 -6.2086 1.8483 8.9829 0.0324 0.9994
Car 0.0000 0.0000 0.0000 634.0000 178.0000 661.0000 203.0000 1.5019 1.6037 3.7555 2.4228 1.7763 45.4313 1.5708 0.9987
Car 0.0000 0.0000 0.0000 458.0000 168.0000 502.0000 203.0000 1.6591 1.6637 3.8765 -6.4392 1.3834 36.2185 1.5235 0.9987
Car 0.0000 0.0000 0.0000 84.0000 202.0000 350.0000 305.0000 1.4648 1.5775 3.6483 -6.3495 1.9563 11.7233 0.1999 0.9970
Car 0.0000 0.0000 0.0000 680.0000 177.0000 706.0000 199.0000 1.4999 1.5977 3.7338 5.9553 1.7398 51.3513 1.5708 0.9941
Car 0.0000 0.0000 0.0000 652.0000 177.0000 690.0000 213.0000 1.5112 1.5856 3.6250 2.7691 1.6408 31.6414 -1.4566 0.9832
