Car 0.0000 0.0000 0.0000 400.0000 179.0000 499.0000 252.0000 1.5508 1.6172 3.3753 -3.7211 1.6883 17.1844 1.5626 0.9999
Car 0.0000 0.0000 0.0000 580.0000 179.0000 620.0000 217.0000 1.5377 1.6045 3.3219 -0.3383 1.7725 31.0334 1.5708 0.9998
Car 0.0000 0.0000 0.0000 496.0000 141.0000 539.0000 181.0000 1.5487 1.6652 4.0319 -3.7496 0.2879 29.9384 1.4739 0.9998
Car 0.0000 0.0000 0.0000 355.0000 178.0000 426.0000 223.0000 1.5114 1.6200 3.7472 -7.9027 1.6825 26.3256 1.5194 0.9996
Car 0.0000 0.0000 0.0000 254.0000 180.0000 366.0000 247.0000 1.6144 1.6440 3.6855 -7.9351 1.7893 19.4077 1.5164 0.9995
Car 0.0000 0.0000 0.0000 19.0000 184.0000 242.0000 286.0000 1.5277 1.6322 3.8802 -8.4284 1.7289 13.0818 1.5143 0.9995
Car 0.0000 0.0000 0.0000 462.0000 178.0000 493.0000 204.0000 1.5105 1.6253 3.8243 -8.0893 1.7944 44.2242 1.3262 0.9994
Car 0.0000 0.0000 0.0000 -824.0000 211.0000 347.0000 852.0000 1.5043 1.6146 3.8904 -3.1229 1.7980 3.8914 -1.4833 0.9987
Car 0.0000 0.0000 0.0000 137.0000 184.0000 262.0000 240.0000 1.5111 1.6187 3.9869 -12.2030 1.8191 21.7235 1.5371 0.9953
Car 0.0000 0.0000 0.0000 -203.0000 189.0000 84.0000 289.0000 1.4873 1.5976 3.9704 -11.8777 1.7962 13.1606 1.5586 0.9864
Car 0.0000 0.0000 0.0000 538.0000 172.0000 563.0000 197.0000 2.0433 1.8241 4.6619 -4.9780 1.8939 61.9232 1.5487 0.9848
Car 0.0000 0.0000 0.0000 451.0000 179.0000 479.0000 198.0000 1.5023 1.5944 3.8027 -11.9062 1.9428 59.9137 1.5454 0.9810
Car 0.0000 0.0000 0.0000 674.0000 177.0000 706.0000 200.0000 1.4933 1.5905 3.7647 5.6826 1.7238 50.0941 -1.2843 0.9706
