Car 0.0000 0.0000 0.0000 268.0000 169.0000 461.0000 233.0000 1.5782 1.7203 4.5246 -6.4192 1.4807 19.0907 0.0521 0.9998
Car 0.0000 0.0000 0.0000 726.0000 174.0000 857.0000 228.0000 1.5997 1.6816 4.1102 5.9070 1.6355 23.7766 0.9718 0.9996
Car 0.0000 0.0000 0.0000 634.0000 174.0000 669.0000 206.0000 1.5188 1.5937 3.4622 2.0767 1.5233 35.8937 1.5708 0.9995
Car 0.0000 0.0000 0.0000 124.0000 179.0000 376.0000 263.0000 1.5710 1.6914 4.3074 -7.2202 1.7039 14.6754 0.0312 0.9995
Car 0.0000 0.0000 0.0000 609.0000 173.0000 636.0000 199.0000 1.5041 1.6085 3.7727 0.8831 1.4824 45.2163 1.5708 0.9991
Car 0.0000 0.0000 0.0000 394.0000 178.0000 497.0000 215.0000 1.5462 1.6452 4.0522 -7.0608 1.7245 31.2918 0.0632 0.9988
Car 0.0000 0.0000 0.0000 -291.0000 182.0000 191.0000 350.0000 1.5194 1.6138 3.8449 -6.7633 1.6215 7.5357 0.1181 0.9988
Car 0.0000 0.0000 0.0000 -451.0000 203.0000 178.0000 478.0000 1.4852 1.5970 3.7663 -5.4201 1.7335 5.2982 0.2613 0.9984
Car 0.0000 0.0000 0.0000 220.0000 182.0000 409.0000 250.0000 1.4845 1.6136 3.7744 -6.8572 1.6940 16.8967 0.0563 0.9968
Car 0.0000 0.0000 0.0000 395.0000 185.0000 469.0000 231.0000 1.4943 1.5789 3.7299 -6.2999 1.9130 25.9193 1.5708 0.9723
