Car 0.0000 0.0000 0.0000 245.0000 184.0000 443.0000 252.0000 1.4883 1.6628 4.1287 -6.2794 1.7635 17.2566 0.0219 0.9999
Car 0.0000 0.0000 0.0000 642.0000 173.0000 724.0000 234.0000 1.5248 1.6688 4.1407 1.9624 1.5357 20.4180 1.5142 0.9999
Car 0.0000 0.0000 0.0000 139.0000 176.0000 389.0000 259.0000 1.5376 1.6801 4.2475 -6.8858 1.6082 14.5679 0.0239 0.9998
Car 0.0000 0.0000 0.0000 955.0000 160.0000 1541.0000 342.0000 1.4689 1.6492 4.0357 5.6486 1.3774 6.7895 0.0040 0.9997
Car 0.0000 0.0000 0.0000 629.0000 175.0000 664.0000 207.0000 1.5062 1.6215 3.8875 1.9303 1.5704 35.7125 1.5708 0.9992
Car 0.0000 0.0000 0.0000 1079.0000 169.0000 2125.0000 470.0000 1.4305 1.5999 3.8125 5.3757 1.4329 4.4919 0.1516 0.9991
Car 0.0000 0.0000 0.0000 288.0000 165.0000 439.0000 218.0000 1.5465 1.6480 4.1022 -7.5118 1.3078 22.1723 0.0609 0.9971
Car 0.0000 0.0000 0.0000 375.0000 164.0000 491.0000 205.0000 1.5167 1.6540 4.1351 -6.8827 1.1713 28.3277 0.0743 0.9962
Car 0.0000 0.0000 0.0000 481.0000 172.0000 523.0000 198.0000 1.5773 1.6387 4.1077 -6.6738 1.4659 45.3912 -1.4729 0.9937
Car 0.0000 0.0000 0.0000 480.0000 171.0000 525.0000 200.0000 1.5005 1.5896 3.7258 -5.8258 1.3728 39.6531 -1.4791 0.9865
Car 0.0000 0.0000 0.0000 492.0000 163.0000 525.0000 187.0000 1.5536 1.6569 4.2597 -6.9530 0.8600 50.3181 1.5708 0.9848
