Car 0.0000 0.0000 0.0000 677.0000 179.0000 764.0000 243.0000 1.5284 1.5936 3.3683 2.8195 1.6723 19.0075 1.5195 0.9998
Car 0.0000 0.0000 0.0000 200.0000 185.0000 428.0000 329.0000 1.5326 1.6415 3.8718 -3.7643 1.6999 9.8474 1.5343 0.9997
Car 0.0000 0.0000 0.0000 492.0000 180.0000 536.0000 213.0000 1.5228 1.6291 3.6743 -4.5764 1.8092 35.1081 1.5708 0.9996
Car 0.0000 0.0000 0.0000 586.0000 180.0000 616.0000 207.0000 1.5197 1.6384 3.9066 -0.4533 1.8627 42.4067 1.5662 0.9996
Car 0.0000 0.0000 0.0000 62.0000 184.0000 254.0000 281.0000 1.5256 1.6263 3.7244 -8.2391 1.7300 13.4995 1.4508 0.9996
Car 0.0000 0.0000 0.0000 428.0000 180.0000 501.0000 234.0000 1.5182 1.6070 3.5390 -4.4252 1.7257 22.3810 1.5601 0.9995
Car 0.0000 0.0000 0.0000 379.0000 171.0000 439.0000 209.0000 1.5774 1.6488 3.8538 -8.8821 1.4645 32.2024 1.5531 0.9994
Car 0.0000 0.0000 0.0000 629.0000 178.0000 661.0000 203.0000 1.5016 1.6237 3.9223 2.2578 1.7733 46.3085 1.5127 0.9992
Car 0.0000 0.0000 0.0000 532.0000 178.0000 561.0000 203.0000 1.4993 1.5996 3.7996 -3.9543 1.7879 46.0291 1.5438 0.9975
Car 0.0000 0.0000 0.0000 -63326.0000 217.0000 151.0000 27329.0000 1.4889 1.6074 4.0023 -3.3884 1.7255 2.0770 1.5265 0.9967
Car 0.0000 0.0000 0.0000 576.0000 178.0000 602.0000 200.0000 1.4971 1.5874 3.7431 -1.3638 1.7687 50.4575 1.5708 0.9888
Car 0.0000 0.0000 0.0000 476.0000 175.0000 508.0000 198.0000 1.5146 1.6286 4.1270 -8.1811 1.6025 50.6486 1.5625 0.9662
Car 0.0000 0.0000 0.0000 301.0000 181.0000 396.0000 234.0000 1.4978 1.6118 3.9788 -8.2055 1.7469 22.9869 1.5703 0.9615
