Car 0.0000 0.0000 0.0000 338.0000 183.0000 439.0000 217.0000 1.4853 1.6593 4.1600 -10.1812 1.9323 33.3637 0.0155 0.9998
Car 0.0000 0.0000 0.0000 748.0000 180.0000 849.0000 244.0000 1.5157 1.6136 3.6484 4.8275 1.6748 18.8968 1.5544 0.9996
Car 0.0000 0.0000 0.0000 170.0000 191.0000 221.0000 234.0000 1.5150 1.6500 4.0804 -16.5473 2.2289 28.8814 1.0734 0.9996
Car 0.0000 0.0000 0.0000 265.0000 199.0000 401.0000 272.0000 1.5030 1.6172 3.8094 -6.7759 2.1401 17.4161 0.7770 0.9994
Car 0.0000 0.0000 0.0000 403.0000 190.0000 631.0000 320.0000 1.5822 1.6903 4.2582 -1.6708 1.8555 11.2409 0.9461 0.9988
Car 0.0000 0.0000 0.0000 264.0000 184.0000 355.0000 215.0000 1.5284 1.6505 4.0584 -15.6372 2.0848 37.6536 0.0640 0.9984
Car 0.0000 0.0000 0.0000 93.0000 189.0000 128.0000 210.0000 1.5182 1.6187 3.8170 -38.1964 2.7082 55.2637 1.1216 0.9959
Car 0.0000 0.0000 0.0000 122.0000 186.0000 192.0000 221.0000 1.4919 1.5899 3.8002 -20.5413 2.0409 32.8406 1.3247 0.9925
Car 0.0000 0.0000 0.0000 665.0000 180.0000 730.0000 240.0000 1.5546 1.6119 3.8136 2.5997 1.7339 20.6336 -1.3853 0.9922
Car 0.0000 0.0000 0.0000 456.0000 172.0000 488.0000 197.0000 1.4836 1.5939 3.9753 -8.4824 1.3732 44.7329 1.4755 0.9920
Car 0.0000 0.0000 0.0000 317.0000 177.0000 358.0000 199.0000 1.4919 1.5857 3.7864 -19.1357 1.6962 50.9533 1.5267 0.9905
Car 0.0000 0.0000 0.0000 1177.0000 142.0000 1276.0000 189.0000 1.5717 1.6385 3.9604 22.3720 0.5129 26.2648 -1.1534 0.9884
Car 0.0000 0.0000 0.0000 554.0000 153.0000 584.0000 176.0000 1.5534 1.6177 3.8375 -2.8113 0.1372 52.0347 -1.4835 0.9742
Car 0.0000 0.0000 0.0000 1164.0000 147.0000 1319.0000 205.0000 1.4961 1.5976 3.7918 17.8771 0.8221 20.6001 -1.3869 0.9693
