Car 0.0000 0.0000 0.0000 329.0000 181.0000 388.0000 212.0000 1.5208 1.6398 3.9564 -13.2088 1.8974 38.2202 1.5708 0.9995
Car 0.0000 0.0000 0.0000 563.0000 173.0000 603.0000 200.0000 1.5023 1.6174 3.8932 -1.4837 1.4549 42.6927 -1.4110 0.9991
Car 0.0000 0.0000 0.0000 378.0000 168.0000 510.0000 217.0000 1.5395 1.6385 4.0698 -5.5744 1.3410 24.4500 -0.6408 0.9989
Car 0.0000 0.0000 0.0000 49.0000 182.0000 224.0000 242.0000 1.4901 1.5949 3.8501 -12.9753 1.7476 19.9952 -0.4121 0.9983
Car 0.0000 0.0000 0.0000 484.0000 180.0000 511.0000 200.0000 1.4995 1.6226 4.0944 -8.9259 1.9996 58.0115 1.5500 0.9965
Car 0.0000 0.0000 0.0000 524.0000 180.0000 548.0000 200.0000 1.4984 1.6212 4.0904 -5.7393 1.9805 57.1895 1.5517 0.9946
Car 0.0000 0.0000 0.0000 555.0000 175.0000 580.0000 195.0000 1.4912 1.5865 3.7672 -3.1067 1.5587 55.0867 1.5708 0.9933
Car 0.0000 0.0000 0.0000 591.0000 170.0000 610.0000 187.0000 1.5089 1.6059 3.8872 -0.6825 1.1777 65.4950 1.5708 0.9869
Car 0.0000 0.0000 0.0000 656.0000 179.0000 681.0000 200.0000 1.4906 1.6032 3.8704 4.6127 1.9072 55.1233 -1.4199 0.9800
Car 0.0000 0.0000 0.0000 519.0000 183.0000 551.0000 206.0000 1.4924 1.5918 3.8131 -4.9772 2.1158 49.0582 1.5708 0.9701
