Car 0.0000 0.0000 0.0000 691.0000 180.0000 809.0000 261.0000 1.5354 1.6631 4.0829 2.8977 1.6738 15.7894 1.5426 0.9998
Car 0.0000 0.0000 0.0000 -72.0000 203.0000 263.0000 366.0000 1.5149 1.6343 3.8480 -6.2075 1.9636 9.2613 1.5457 0.9998
Car 0.0000 0.0000 0.0000 936.0000 154.0000 1289.0000 261.0000 1.5894 1.7139 4.4260 7.9243 1.3199 11.7496 0.1038 0.9998
Car 0.0000 0.0000 0.0000 441.0000 181.0000 495.0000 219.0000 1.5102 1.6366 3.9377 -6.0837 1.8378 31.3502 1.5471 0.9997
Car 0.0000 0.0000 0.0000 281.0000 194.0000 401.0000 272.0000 1.5206 1.6250 3.6755 -6.1245 2.0300 16.7833 1.5122 0.9996
Car 0.0000 0.0000 0.0000 827.0000 164.0000 1045.0000 234.0000 1.6191 1.7394 4.5681 7.9303 1.4036 17.8318 0.0399 0.9996
Car 0.0000 0.0000 0.0000 336.0000 185.0000 433.0000 246.0000 1.5143 1.6354 3.9793 -6.2312 1.8378 20.3183 1.5333 0.9994
Car 0.0000 0.0000 0.0000 1055.0000 150.0000 1566.0000 300.0000 1.5357 1.6744 4.2195 7.8210 1.3174 8.3953 0.0361 0.9989
Car 0.0000 0.0000 0.0000 408.0000 171.0000 454.0000 200.0000 1.5522 1.6583 4.0181 -10.0323 1.4286 40.8954 1.5636 0.9972
Car 0.0000 0.0000 0.0000 487.0000 178.0000 530.0000 206.0000 1.5144 1.6184 4.0358 -5.7891 1.7596 42.0257 1.5708 0.9829
Car 0.0000 0.0000 0.0000 520.0000 179.0000 546.0000 199.0000 1.5003 1.6022 3.9267 -5.7430 1.8585 54.9484 1.5494 0.9702
