Car 0.0000 0.0000 0.0000 940.0000 184.0000 986.0000 207.0000 1.4972 1.6131 3.8943 24.6215 2.2311 50.1507 -1.4670 0.9980
Car 0.0000 0.0000 0.0000 673.0000 169.0000 698.0000 192.0000 1.6057 1.6551 4.0612 5.7153 1.2747 53.2869 -1.4314 0.9954
Car 0.0000 0.0000 0.0000 256.0000 196.0000 315.0000 228.0000 1.5013 1.6240 3.9935 -16.8491 2.6782 37.6469 1.4775 0.9938
Car 0.0000 0.0000 0.0000 460.0000 189.0000 494.0000 212.0000 1.4951 1.5973 3.8286 -9.5006 2.6389 52.1799 1.5708 0.9851
Car 0.0000 0.0000 0.0000 844.0000 189.0000 889.0000 213.0000 1.5123 1.6351 4.0119 17.6525 2.5760 49.4504 1.5708 0.9821
Car 0.0000 0.0000 0.0000 158.0000 197.0000 248.0000 239.0000 1.5157 1.6323 3.9826 -16.6988 2.5111 29.7899 1.5260 0.9800
Car 0.0000 0.0000 0.0000 655.0000 171.0000 676.0000 189.0000 1.5205 1.6072 3.8774 4.9676 1.3047 63.2094 1.5708 0.9758
Car 0.0000 0.0000 0.0000 436.0000 188.0000 480.0000 214.0000 1.4900 1.6165 4.0572 -9.4427 2.4283 45.3274 -1.4833 0.9723
Car 0.0000 0.0000 0.0000 294.0000 190.0000 349.0000 217.0000 1.4891 1.6167 4.0456 -17.0580 2.4599 42.9386 1.5708 0.9719
Car 0.0000 0.0000 0.0000 412.0000 191.0000 458.0000 221.0000 1.4940 1.6205 4.0136 -9.6413 2.4938 40.1482 1.5708 0.9702
Car 0.0000 0.0000 0.0000 742.0000 177.0000 761.0000 194.0000 1.4921 1.5787 3.7318 12.7709 1.7624 64.1755 -1.3732 0.9620
Car 0.0000 0.0000 0.0000 373.0000 184.0000 408.0000 203.0000 1.5056 1.6082 3.8989 -17.6601 2.2991 58.4595 1.5708 0.9619
