Car 0.0000 0.0000 0.0000 518.0000 183.0000 555.0000 216.0000 1.5153 1.6504 4.0058 -3.6020 2.0077 36.3751 1.5161 0.9998
Car 0.0000 0.0000 0.0000 629.0000 177.0000 662.0000 205.0000 1.5169 1.6425 3.8611 2.1025 1.7224 41.8996 1.5625 0.9998
Car 0.0000 0.0000 0.0000 692.0000 187.0000 865.0000 306.0000 1.5369 1.6337 3.7504 2.4653 1.7774 11.5458 1.4981 0.9997
Car 0.0000 0.0000 0.0000 769.0000 188.0000 1205.0000 458.0000 1.5334 1.6438 3.8845 2.6434 1.6910 6.2230 1.5478 0.9996
Car 0.0000 0.0000 0.0000 400.0000 190.0000 516.0000 278.0000 1.5187 1.6258 3.7909 -3.0091 1.8772 14.9143 1.5578 0.9996
Car 0.0000 0.0000 0.0000 555.0000 182.0000 580.0000 204.0000 1.5181 1.6419 4.0008 -3.0783 2.1785 54.7719 1.5708 0.9994
Car 0.0000 0.0000 0.0000 -8249.0000 -7441.0000 1355.0000 524.0000 1.5068 1.5839 3.5596 2.4298 1.5940 1.5638 1.5708 0.9979
Car 0.0000 0.0000 0.0000 281.0000 196.0000 480.0000 342.0000 1.6874 1.7400 4.7032 -3.3148 2.1012 11.3478 1.5474 0.9699
Car 0.0000 0.0000 0.0000 564.0000 182.0000 588.0000 199.0000 1.4919 1.5850 3.8235 -2.9334 2.2250 65.6530 -1.4658 0.9623
Car 0.0000 0.0000 0.0000 -135736.0000 -12515.0000 33974.0000 97539.0000 1.4993 1.6055 3.9840 -3.3851 1.7302 1.9417 1.5019 0.9623
