Car 0.0000 0.0000 0.0000 839.0000 186.0000 1190.0000 299.0000 1.5358 1.6992 4.3420 5.9106 1.7431 10.9316 0.0176 0.9999
Car 0.0000 0.0000 0.0000 776.0000 185.0000 966.0000 248.0000 1.5095 1.6882 4.2821 6.6484 1.8181 18.6382 0.0013 0.9999
Car 0.0000 0.0000 0.0000 132.0000 189.0000 393.0000 276.0000 1.4660 1.6525 4.0485 -6.3420 1.7722 13.3780 0.0303 0.9998
Car 0.0000 0.0000 0.0000 -518.0000 141.0000 277.0000 405.0000 1.7286 1.7767 4.8528 -5.5216 1.5438 5.7690 0.0781 0.9998
Car 0.0000 0.0000 0.0000 336.0000 185.0000 501.0000 244.0000 1.5357 1.6732 4.1871 -5.3121 1.8804 20.2652 0.0660 0.9998
Car 0.0000 0.0000 0.0000 244.0000 188.0000 449.0000 262.0000 1.4887 1.6282 3.8925 -5.7069 1.8316 15.8321 0.0582 0.9998
Car 0.0000 0.0000 0.0000 643.0000 182.0000 672.0000 208.0000 1.5120 1.6299 3.8339 3.0060 2.0202 44.8981 1.5708 0.9997
Car 0.0000 0.0000 0.0000 695.0000 185.0000 804.0000 224.0000 1.5568 1.6948 4.3383 5.9221 2.0653 30.6668 0.0378 0.9994
Car 0.0000 0.0000 0.0000 759.0000 183.0000 921.0000 239.0000 1.5217 1.6681 4.1696 6.6022 1.7972 20.9342 0.0258 0.9994
Car 0.0000 0.0000 0.0000 1051.0000 190.0000 1718.0000 386.0000 1.4946 1.6502 4.0837 6.6129 1.6756 6.6090 0.0981 0.9990
Car 0.0000 0.0000 0.0000 461.0000 187.0000 541.0000 217.0000 1.5418 1.6282 3.9211 -5.7902 2.2642 38.8452 0.1629 0.9931
Car 0.0000 0.0000 0.0000 1003.0000 196.0000 6280.0000 2648.0000 1.4992 1.5861 3.7480 2.9774 1.6240 2.3961 1.5708 0.9890
Car 0.0000 0.0000 0.0000 385.0000 181.0000 499.0000 226.0000 1.4928 1.5806 3.6926 -5.9461 1.7788 25.5334 0.4031 0.9812
