Car 0.0000 0.0000 0.0000 713.0000 180.0000 854.0000 273.0000 1.5404 1.6444 3.8499 3.1950 1.6707 14.0539 1.5234 0.9998
Car 0.0000 0.0000 0.0000 144.0000 191.0000 446.0000 357.0000 1.5355 1.6561 3.9756 -3.6082 1.7968 9.0669 -1.4359 0.9997
Car 0.0000 0.0000 0.0000 756.0000 184.0000 1048.0000 369.0000 1.5155 1.6204 3.6921 2.8153 1.6492 7.9181 1.5475 0.9996
Car 0.0000 0.0000 0.0000 687.0000 178.0000 768.0000 239.0000 1.5176 1.6145 3.7368 3.1485 1.6499 19.9502 1.5708 0.9994
Car 0.0000 0.0000 0.0000 431.0000 185.0000 513.0000 249.0000 1.5208 1.6407 4.0239 -3.6439 1.8389 19.5928 1.5214 0.9992
Car 0.0000 0.0000 0.0000 -749.0000 204.0000 288.0000 765.0000 1.5180 1.5866 3.5231 -3.3340 1.7531 3.9094 1.5411 0.9991
Car 0.0000 0.0000 0.0000 602.0000 177.0000 623.0000 197.0000 1.4957 1.6115 3.9065 0.3011 1.7730 56.2066 1.5708 0.9988
Car 0.0000 0.0000 0.0000 956.0000 83.0000 5081.0000 1926.0000 1.5106 1.6056 3.7131 2.8287 1.4573 2.4552 1.5708 0.9988
Car 0.0000 0.0000 0.0000 647.0000 181.0000 685.0000 209.0000 1.5037 1.6154 3.8621 3.2293 1.9411 41.4699 1.4973 0.9985
Car 0.0000 0.0000 0.0000 358.0000 187.0000 484.0000 274.0000 1.5090 1.5902 3.6182 -3.7145 1.8088 14.7328 1.5708 0.9981
Car 0.0000 0.0000 0.0000 481.0000 165.0000 530.0000 202.0000 1.4973 1.5941 3.8560 -4.5025 1.1637 31.7725 1.5708 0.9842
Car 0.0000 0.0000 0.0000 725.0000 178.0000 795.0000 212.0000 1.4994 1.6106 4.0320 7.1815 1.7129 34.6529 1.3094 0.9834
