Car 0.0000 0.0000 0.0000 987.0000 197.0000 1335.0000 442.0000 1.5131 1.6292 3.7925 4.6862 1.7877 6.8122 -1.1918 0.9996
Car 0.0000 0.0000 0.0000 665.0000 176.0000 779.0000 259.0000 1.5166 1.5973 3.5267 2.4247 1.5616 14.9512 -1.1902 0.9995
Car 0.0000 0.0000 0.0000 -371.0000 178.0000 514.0000 697.0000 1.5006 1.6112 3.8061 -2.2795 1.5362 4.1555 -1.1687 0.9995
Car 0.0000 0.0000 0.0000 432.0000 182.0000 684.0000 347.0000 1.4974 1.6047 3.7948 -0.3946 1.6184 8.7226 -1.2118 0.9995
Car 0.0000 0.0000 0.0000 942.0000 187.0000 1017.0000 248.0000 1.5006 1.5913 3.5932 10.3771 1.9095 20.3705 -1.1724 0.9988
Car 0.0000 0.0000 0.0000 804.0000 181.0000 845.0000 216.0000 1.4865 1.6310 4.2416 9.9154 1.8404 33.3434 -1.3255 0.9984
Car 0.0000 0.0000 0.0000 906.0000 185.0000 989.0000 233.0000 1.5012 1.6095 3.8275 11.5736 1.8904 24.8901 -1.4067 0.9962
Car 0.0000 0.0000 0.0000 924.0000 178.0000 950.0000 199.0000 1.4956 1.5859 3.6423 24.6512 1.7994 53.9973 -1.1043 0.9949
Car 0.0000 0.0000 0.0000 830.0000 175.0000 873.0000 203.0000 1.4932 1.5800 3.6663 13.4756 1.5714 40.1429 -1.4423 0.9930
Car 0.0000 0.0000 0.0000 703.0000 161.0000 756.0000 204.0000 1.6071 1.6407 4.1109 4.8619 1.1332 29.5321 1.5708 0.9823
Car 0.0000 0.0000 0.0000 971.0000 171.0000 1015.0000 195.0000 1.6701 1.6989 4.2448 27.1207 1.4449 50.7229 -0.8107 0.9723
