Car 0.0000 0.0000 0.0000 427.0000 190.0000 485.0000 234.0000 1.5236 1.6205 3.6181 -5.9719 2.2023 28.3492 1.5331 0.9998
Car 0.0000 0.0000 0.0000 21.0000 201.0000 297.0000 349.0000 1.5494 1.6508 3.8789 -6.0432 2.0063 10.2007 1.5156 0.9997
Car 0.0000 0.0000 0.0000 677.0000 176.0000 746.0000 228.0000 1.5137 1.6325 3.9307 3.1499 1.5871 22.9056 1.5708 0.9996
Car 0.0000 0.0000 0.0000 349.0000 189.0000 448.0000 250.0000 1.5317 1.6478 3.9677 -6.0414 2.0178 21.0293 1.5708 0.9996
Car 0.0000 0.0000 0.0000 243.0000 198.0000 394.0000 287.0000 1.5259 1.6341 3.8585 -5.9601 2.0940 15.1830 1.5699 0.9995
Car 0.0000 0.0000 0.0000 -1060.0000 217.0000 89.0000 663.0000 1.5147 1.6466 4.1229 -5.8682 1.9298 4.9155 1.5373 0.9994
Car 0.0000 0.0000 0.0000 661.0000 176.0000 710.0000 218.0000 1.5242 1.6169 3.6760 2.9251 1.6105 28.2887 1.5708 0.9994
Car 0.0000 0.0000 0.0000 885.0000 140.0000 1099.0000 210.0000 1.5555 1.6593 4.1547 8.9344 0.8177 17.1323 0.0898 0.9993
Car 0.0000 0.0000 0.0000 822.0000 163.0000 964.0000 214.0000 1.4554 1.5930 3.8769 8.6659 1.1417 22.0617 -0.3083 0.9980
Car 0.0000 0.0000 0.0000 777.0000 164.0000 911.0000 211.0000 1.5208 1.6398 4.0890 7.9800 1.2213 24.7433 0.0868 0.9948
Car 0.0000 0.0000 0.0000 258.0000 173.0000 343.0000 224.0000 1.7915 1.7280 4.3378 -11.6991 1.7722 27.5714 1.4773 0.9870
Car 0.0000 0.0000 0.0000 882.0000 154.0000 1062.0000 214.0000 1.5019 1.6139 3.9786 9.5750 1.0233 19.2763 0.0837 0.9830
Car 0.0000 0.0000 0.0000 473.0000 194.0000 524.0000 230.0000 1.4985 1.6101 3.8535 -5.0711 2.4695 33.5157 1.5708 0.9688
