Car 0.0000 0.0000 0.0000 440.0000 173.0000 511.0000 233.0000 1.7667 1.7771 4.7868 -4.3418 1.7646 23.9652 1.4985 0.9998
Car 0.0000 0.0000 0.0000 299.0000 192.0000 457.0000 300.0000 1.5268 1.6077 3.5491 -3.8584 1.8782 12.4922 1.5666 0.9997
Car 0.0000 0.0000 0.0000 -188.0000 190.0000 332.0000 495.0000 1.5420 1.6383 3.7204 -3.6369 1.7049 5.7358 1.4757 0.9997
Car 0.0000 0.0000 0.0000 685.0000 176.0000 791.0000 258.0000 1.5231 1.5967 3.4027 2.5947 1.5885 15.3379 1.5598 0.9997
Car 0.0000 0.0000 0.0000 854.0000 187.0000 1584.0000 557.0000 1.5220 1.6531 4.1270 3.2933 1.6456 5.1566 1.5501 0.9996
Car 0.0000 0.0000 0.0000 753.0000 184.0000 962.0000 320.0000 1.5206 1.6169 3.7647 3.2069 1.6904 10.1800 1.5674 0.9995
Car 0.0000 0.0000 0.0000 631.0000 180.0000 678.0000 222.0000 1.5137 1.6285 3.9172 1.6936 1.7400 28.0727 1.5708 0.9994
Car 0.0000 0.0000 0.0000 504.0000 175.0000 540.0000 200.0000 1.5127 1.6364 4.0477 -5.4280 1.5925 45.3999 1.5708 0.9986
Car 0.0000 0.0000 0.0000 604.0000 178.0000 634.0000 204.0000 1.4995 1.6033 3.8741 0.6636 1.7543 44.5737 1.5708 0.9781
Car 0.0000 0.0000 0.0000 686.0000 163.0000 729.0000 199.0000 1.6502 1.6585 3.9418 4.7191 1.1564 34.9251 1.5708 0.9761
Car 0.0000 0.0000 0.0000 621.0000 176.0000 665.0000 210.0000 1.4934 1.5922 3.8165 1.6347 1.5873 33.8143 -1.4000 0.9727
