Car 0.0000 0.0000 0.0000 -210.0000 180.0000 353.0000 500.0000 1.5043 1.6550 4.2158 -3.3865 1.5612 5.6123 1.4485 0.9997
Car 0.0000 0.0000 0.0000 694.0000 177.0000 748.0000 218.0000 1.5175 1.6225 3.7942 4.4584 1.6568 29.1585 1.5708 0.9996
Car 0.0000 0.0000 0.0000 483.0000 173.0000 532.0000 218.0000 1.5073 1.6180 3.8183 -3.6918 1.4907 26.4899 1.4681 0.9993
Car 0.0000 0.0000 0.0000 550.0000 177.0000 710.0000 328.0000 1.5146 1.6099 3.6657 0.1702 1.5702 9.1602 1.5695 0.9992
Car 0.0000 0.0000 0.0000 436.0000 181.0000 515.0000 243.0000 1.5219 1.6227 3.8283 -3.5745 1.7156 19.6948 1.5154 0.9985
Car 0.0000 0.0000 0.0000 673.0000 167.0000 711.0000 204.0000 1.7734 1.7373 4.4006 4.2454 1.4650 37.4167 1.5708 0.9984
Car 0.0000 0.0000 0.0000 796.0000 176.0000 1070.0000 348.0000 1.5138 1.6203 3.8572 3.3326 1.5556 8.3228 1.5708 0.9978
Car 0.0000 0.0000 0.0000 332.0000 132.0000 505.0000 285.0000 2.2651 1.9064 5.0813 -3.2561 1.6677 13.3396 1.5562 0.9966
Car 0.0000 0.0000 0.0000 216.0000 190.0000 258.0000 211.0000 1.4957 1.6092 3.8788 -29.2943 2.7909 56.8221 1.4864 0.9951
Car 0.0000 0.0000 0.0000 101.0000 198.0000 165.0000 232.0000 1.5045 1.6105 3.8354 -24.2095 2.7847 36.7431 1.3020 0.9897
Car 0.0000 0.0000 0.0000 217.0000 185.0000 253.0000 203.0000 1.4978 1.5969 3.8651 -33.2807 2.5353 64.2103 1.4250 0.9894
Car 0.0000 0.0000 0.0000 -6.0000 187.0000 67.0000 218.0000 1.5040 1.5954 3.6866 -30.5703 2.2147 38.1537 1.3501 0.9892
Car 0.0000 0.0000 0.0000 733.0000 148.0000 906.0000 267.0000 1.6298 1.6431 3.7998 3.2041 1.2953 11.8519 1.5505 0.9865
Car 0.0000 0.0000 0.0000 275.0000 185.0000 308.0000 204.0000 1.4965 1.5942 3.8483 -27.1630 2.4948 61.7715 1.4258 0.9864
Car 0.0000 0.0000 0.0000 586.0000 180.0000 651.0000 241.0000 1.5214 1.6204 3.9107 0.2754 1.6976 19.9929 1.5708 0.9845
Car 0.0000 0.0000 0.0000 248.0000 186.0000 285.0000 209.0000 1.4964 1.6178 3.9509 -24.3594 2.3771 51.2902 1.3270 0.9686
