Car 0.0000 0.0000 0.0000 411.0000 181.0000 483.0000 234.0000 1.5245 1.6464 3.7998 -5.0431 1.7502 22.7466 1.4985 0.9999
Car 0.0000 0.0000 0.0000 108.0000 188.0000 384.0000 339.0000 1.5378 1.6862 4.3499 -4.6091 1.7721 9.8969 1.5479 0.9999
Car 0.0000 0.0000 0.0000 582.0000 175.0000 631.0000 222.0000 1.5314 1.6140 3.5434 -0.1655 1.6013 25.9065 1.5322 0.9997
Car 0.0000 0.0000 0.0000 364.0000 180.0000 409.0000 207.0000 1.5124 1.6328 3.8471 -13.4606 1.8938 43.7848 1.5328 0.9997
Car 0.0000 0.0000 0.0000 486.0000 180.0000 533.0000 216.0000 1.5182 1.6752 4.4668 -4.5798 1.8198 33.5067 1.5422 0.9995
Car 0.0000 0.0000 0.0000 396.0000 179.0000 448.0000 211.0000 1.5013 1.6243 3.9339 -9.1118 1.7405 35.3779 1.5437 0.9993
Car 0.0000 0.0000 0.0000 -92.0000 190.0000 133.0000 274.0000 1.5153 1.6352 4.0297 -12.6162 1.9144 15.7578 1.5708 0.9992
Car 0.0000 0.0000 0.0000 -491.0000 195.0000 63.0000 384.0000 1.5122 1.6317 3.9350 -8.5906 1.8035 8.1044 1.5708 0.9988
Car 0.0000 0.0000 0.0000 528.0000 176.0000 563.0000 201.0000 1.4983 1.6106 3.9472 -3.9462 1.6262 45.3704 1.5708 0.9960
Car 0.0000 0.0000 0.0000 568.0000 175.0000 595.0000 197.0000 1.4990 1.6058 3.9267 -1.8683 1.5724 50.0514 1.5708 0.9948
