Car 0.0000 0.0000 0.0000 174.0000 191.0000 396.0000 313.0000 1.5235 1.6566 4.1416 -4.9054 1.8366 11.5121 1.5708 0.9997
Car 0.0000 0.0000 0.0000 573.0000 180.0000 603.0000 208.0000 1.5214 1.6241 3.6978 -1.1966 1.8759 41.1731 1.5297 0.9996
Car 0.0000 0.0000 0.0000 175.0000 184.0000 287.0000 240.0000 1.5146 1.6281 3.7891 -11.4122 1.8545 21.9598 1.5066 0.9996
Car 0.0000 0.0000 0.0000 -33.0000 183.0000 215.0000 288.0000 1.5195 1.6199 3.7956 -8.6958 1.6842 12.4681 1.5557 0.9993
Car 0.0000 0.0000 0.0000 434.0000 158.0000 513.0000 225.0000 2.0095 1.8050 4.5361 -4.4393 1.5575 24.1298 1.5622 0.9990
Car 0.0000 0.0000 0.0000 362.0000 180.0000 437.0000 222.0000 1.4993 1.6097 3.8606 -8.0008 1.7206 27.7807 1.5708 0.9988
Car 0.0000 0.0000 0.0000 284.0000 183.0000 389.0000 239.0000 1.5154 1.6386 4.0545 -8.1850 1.7988 21.9460 1.5690 0.9986
Car 0.0000 0.0000 0.0000 493.0000 180.0000 534.0000 212.0000 1.4920 1.5927 3.8553 -4.7591 1.8103 36.1470 1.5531 0.9953
Car 0.0000 0.0000 0.0000 518.0000 184.0000 544.0000 208.0000 1.4997 1.6035 3.8550 -5.1370 2.1749 47.6902 1.4927 0.9933
Car 0.0000 0.0000 0.0000 351.0000 200.0000 397.0000 225.0000 1.5093 1.6545 4.1960 -16.3392 3.4079 50.3565 1.5708 0.9924
