Car 0.0000 0.0000 0.0000 825.0000 154.0000 870.0000 182.0000 1.5231 1.6123 3.8695 13.3619 0.4487 40.5189 -1.4613 0.9951
Car 0.0000 0.0000 0.0000 1189.0000 154.0000 1405.0000 226.0000 1.4995 1.5859 3.7948 15.9564 1.1048 17.0199 1.5708 0.9930
Car 0.0000 0.0000 0.0000 777.0000 160.0000 812.0000 183.0000 1.5247 1.6086 3.8517 13.0842 0.5894 50.9724 1.5708 0.9806
Car 0.0000 0.0000 0.0000 30.0000 200.0000 168.0000 254.0000 1.5017 1.6223 3.9088 -16.3920 2.3942 23.3607 1.5708 0.9803
Car 0.0000 0.0000 0.0000 802.0000 171.0000 843.0000 193.0000 1.5054 1.6094 3.9398 15.1154 1.2930 51.1585 1.5399 0.9681
Car 0.0000 0.0000 0.0000 722.0000 171.0000 746.0000 187.0000 1.5560 1.6735 4.3063 12.5819 1.2927 72.4337 1.5708 0.9637
Car 0.0000 0.0000 0.0000 399.0000 175.0000 428.0000 191.0000 1.5560 1.6735 4.3063 -19.5771 1.6372 72.4400 1.5708 0.9637
Car 0.0000 0.0000 0.0000 691.0000 171.0000 713.0000 188.0000 1.5560 1.6735 4.3063 9.3660 1.3272 72.4343 1.5708 0.9637
Car 0.0000 0.0000 0.0000 440.0000 174.0000 467.0000 190.0000 1.5560 1.6735 4.3063 -15.5572 1.5942 72.4392 1.5708 0.9637
Car 0.0000 0.0000 0.0000 588.0000 173.0000 606.0000 189.0000 1.5560 1.6735 4.3063 -1.0857 1.4391 72.4364 1.5708 0.9637
Car 0.0000 0.0000 0.0000 572.0000 173.0000 591.0000 189.0000 1.5560 1.6735 4.3063 -2.6936 1.4564 72.4367 1.5708 0.9637
Car 0.0000 0.0000 0.0000 555.0000 173.0000 575.0000 189.0000 1.5560 1.6735 4.3063 -4.3016 1.4736 72.4370 1.5708 0.9637
Car 0.0000 0.0000 0.0000 539.0000 173.0000 560.0000 189.0000 1.5560 1.6735 4.3063 -5.9095 1.4908 72.4373 1.5708 0.9637
Car 0.0000 0.0000 0.0000 523.0000 173.0000 544.0000 189.0000 1.5560 1.6735 4.3063 -7.5175 1.5080 72.4376 1.5708 0.9637
Car 0.0000 0.0000 0.0000 506.0000 173.0000 529.0000 190.0000 1.5560 1.6735 4.3063 -9.1254 1.5253 72.4380 1.5708 0.9637
Car 0.0000 0.0000 0.0000 490.0000 174.0000 513.0000 190.0000 1.5560 1.6735 4.3063 -10.7334 1.5425 72.4383 1.5708 0.9637
Car 0.0000 0.0000 0.0000 457.0000 174.0000 482.0000 190.0000 1.5560 1.6735 4.3063 -13.9492 1.5770 72.4389 1.5708 0.9637
Car 0.0000 0.0000 0.0000 473.0000 174.0000 498.0000 190.0000 1.5560 1.6735 4.3063 -12.3413 1.5597 72.4386 1.5708 0.9637
Car 0.0000 0.0000 0.0000 660.0000 172.0000 680.0000 188.0000 1.5560 1.6735 4.3063 6.1501 1.3616 72.4350 1.5708 0.9637
Car 0.0000 0.0000 0.0000 706.0000 171.0000 729.0000 187.0000 1.5560 1.6735 4.3063 10.9739 1.3099 72.4340 1.5708 0.9637
