Car 0.0000 0.0000 0.0000 674.0000 183.0000 793.0000 271.0000 1.5384 1.6381 3.7736 2.3702 1.7354 14.7536 1.5339 0.9998
Car 0.0000 0.0000 0.0000 432.0000 183.0000 496.0000 233.0000 1.5160 1.6378 3.8655 -4.7850 1.8318 24.0931 1.4959 0.9998
Car 0.0000 0.0000 0.0000 598.0000 176.0000 637.0000 206.0000 1.5153 1.6243 3.7944 0.5241 1.6244 38.7845 -1.4293 0.9996
Car 0.0000 0.0000 0.0000 -219.0000 111.0000 380.0000 538.0000 1.9418 1.8074 4.5727 -3.2145 1.6668 5.6525 1.4438 0.9995
Car 0.0000 0.0000 0.0000 652.0000 179.0000 719.0000 236.0000 1.5134 1.6008 3.5517 2.1272 1.6583 21.0207 1.5708 0.9993
Car 0.0000 0.0000 0.0000 616.0000 179.0000 743.0000 226.0000 1.5349 1.6541 4.2139 2.4080 1.7165 24.8119 0.1129 0.9973
Car 0.0000 0.0000 0.0000 571.0000 179.0000 595.0000 197.0000 1.4997 1.6044 3.8341 -2.2205 1.9684 63.4407 1.5708 0.9964
Car 0.0000 0.0000 0.0000 466.0000 155.0000 511.0000 208.0000 2.2580 1.9070 5.1933 -5.5064 1.4733 33.3463 1.4331 0.9964
Car 0.0000 0.0000 0.0000 78.0000 89.0000 245.0000 167.0000 1.5480 1.6711 4.0016 -10.3991 -0.2225 17.0667 1.5041 0.9789
Car 0.0000 0.0000 0.0000 -411.0000 -23.0000 225.0000 266.0000 1.5919 1.6931 4.1534 -5.0478 0.5161 6.0981 1.4520 0.9760
