Car 0.0000 0.0000 0.0000 180.0000 162.0000 431.0000 242.0000 1.5768 1.7497 4.6628 -6.4253 1.3708 15.4709 0.0391 0.9998
Car 0.0000 0.0000 0.0000 736.0000 179.0000 1006.0000 344.0000 1.5183 1.6403 4.0001 2.7718 1.5922 8.7236 1.5261 0.9998
Car 0.0000 0.0000 0.0000 698.0000 180.0000 828.0000 269.0000 1.5265 1.6276 3.8320 2.8797 1.6462 14.3797 1.5312 0.9996
Car 0.0000 0.0000 0.0000 651.0000 173.0000 695.0000 210.0000 1.5134 1.6091 3.6793 2.8901 1.5042 31.9477 -1.3896 0.9994
Car 0.0000 0.0000 0.0000 672.0000 175.0000 764.0000 237.0000 1.5257 1.6342 3.9515 2.8702 1.5653 19.9406 1.4878 0.9992
Car 0.0000 0.0000 0.0000 400.0000 175.0000 505.0000 213.0000 1.5333 1.6360 3.9932 -6.5262 1.6029 30.2286 0.1154 0.9992
Car 0.0000 0.0000 0.0000 -137.0000 183.0000 267.0000 335.0000 1.4931 1.6072 3.8129 -6.2108 1.6197 8.2975 0.2057 0.9990
Car 0.0000 0.0000 0.0000 340.0000 173.0000 487.0000 227.0000 1.5879 1.6563 4.1265 -6.0620 1.5841 22.4847 0.0817 0.9983
Car 0.0000 0.0000 0.0000 127.0000 185.0000 381.0000 274.0000 1.4943 1.6107 3.8464 -6.3849 1.7121 13.1364 0.0251 0.9979
Car 0.0000 0.0000 0.0000 248.0000 163.0000 434.0000 230.0000 1.5763 1.6420 4.0479 -6.6525 1.3407 18.0121 0.0815 0.9976
Car 0.0000 0.0000 0.0000 635.0000 172.0000 668.0000 199.0000 1.5035 1.5983 3.7222 2.4848 1.4332 42.7339 1.5285 0.9975
Car 0.0000 0.0000 0.0000 -393.0000 191.0000 163.0000 432.0000 1.5296 1.6188 3.8893 -5.9951 1.6987 5.9903 0.2867 0.9962
Car 0.0000 0.0000 0.0000 509.0000 169.0000 540.0000 195.0000 1.5273 1.6166 3.8382 -5.0997 1.2355 44.0427 1.5243 0.9943
Car 0.0000 0.0000 0.0000 535.0000 166.0000 560.0000 190.0000 1.6681 1.6619 3.8939 -4.4730 1.1345 52.9593 1.5235 0.9894
Car 0.0000 0.0000 0.0000 291.0000 180.0000 452.0000 240.0000 1.5433 1.6235 3.9462 -6.5589 1.7303 19.8991 0.2145 0.9791
Car 0.0000 0.0000 0.0000 441.0000 167.0000 529.0000 199.0000 1.4830 1.6261 3.9500 -6.1269 1.1899 35.5054 0.2862 0.9759
Car 0.0000 0.0000 0.0000 5.0000 182.0000 326.0000 294.0000 1.5112 1.6349 3.9832 -6.6125 1.6601 10.8726 0.1205 0.9722
