Car 0.0000 0.0000 0.0000 -239.0000 188.0000 226.0000 363.0000 1.5155 1.6610 4.0868 -6.4644 1.6944 7.6190 0.2327 0.9999
Car 0.0000 0.0000 0.0000 106.0000 190.0000 384.0000 281.0000 1.5067 1.6816 4.2470 -6.5387 1.8255 13.1679 0.0280 0.9998
Car 0.0000 0.0000 0.0000 679.0000 182.0000 750.0000 235.0000 1.5202 1.6196 3.6373 3.2494 1.7990 22.8893 1.5540 0.9998
Car 0.0000 0.0000 0.0000 261.0000 181.0000 452.0000 247.0000 1.4979 1.6505 4.0908 -6.1016 1.6933 17.6219 0.0313 0.9998
Car 0.0000 0.0000 0.0000 428.0000 163.0000 523.0000 196.0000 1.6144 1.7104 4.4816 -6.7549 1.0951 36.7636 0.0436 0.9995
Car 0.0000 0.0000 0.0000 764.0000 178.0000 1004.0000 328.0000 1.5264 1.6246 3.7439 3.1895 1.5858 9.2609 1.5641 0.9994
Car 0.0000 0.0000 0.0000 862.0000 193.0000 1818.0000 686.0000 1.5041 1.6204 3.9189 3.0790 1.6599 4.3212 1.5131 0.9991
Car 0.0000 0.0000 0.0000 388.0000 178.0000 507.0000 221.0000 1.5891 1.6610 4.1496 -6.1718 1.7538 27.6317 0.0845 0.9987
Car 0.0000 0.0000 0.0000 715.0000 181.0000 820.0000 218.0000 1.4924 1.6507 4.0815 6.5300 1.7888 30.0089 0.0657 0.9974
Car 0.0000 0.0000 0.0000 808.0000 145.0000 914.0000 208.0000 1.5114 1.5998 3.7502 6.5718 0.8316 19.2369 1.5708 0.9952
Car 0.0000 0.0000 0.0000 322.0000 183.0000 479.0000 242.0000 1.5257 1.6151 3.8686 -5.7598 1.8126 20.0285 0.0930 0.9948
Car 0.0000 0.0000 0.0000 718.0000 171.0000 817.0000 206.0000 1.5332 1.6618 4.1782 7.1399 1.4071 32.7804 0.0818 0.9929
Car 0.0000 0.0000 0.0000 517.0000 172.0000 547.0000 198.0000 1.6609 1.6715 4.1250 -5.0542 1.5281 47.5522 1.5374 0.9898
Car 0.0000 0.0000 0.0000 195.0000 178.0000 420.0000 256.0000 1.5268 1.6512 4.0753 -6.3159 1.6367 15.2602 0.0367 0.9840
