Car 0.0000 0.0000 0.0000 582.0000 175.0000 646.0000 235.0000 1.5313 1.6224 3.5404 0.0555 1.5752 20.2391 1.5396 0.9998
Car 0.0000 0.0000 0.0000 369.0000 180.0000 489.0000 259.0000 1.5407 1.6419 3.8294 -3.8670 1.6741 15.9817 1.5708 0.9997
Car 0.0000 0.0000 0.0000 464.0000 179.0000 518.0000 222.0000 1.5224 1.6033 3.4970 -4.4855 1.7306 27.6930 1.5438 0.9997
Car 0.0000 0.0000 0.0000 243.0000 185.0000 354.0000 250.0000 1.5272 1.5986 3.4811 -8.1474 1.8351 19.1545 1.5228 0.9995
Car 0.0000 0.0000 0.0000 -593.0000 35.0000 306.0000 552.0000 2.2112 1.9066 4.9888 -4.3341 1.6280 5.6011 1.5341 0.9994
Car 0.0000 0.0000 0.0000 521.0000 179.0000 554.0000 203.0000 1.4938 1.6084 3.8957 -4.6407 1.8049 47.4183 1.5708 0.9988
Car 0.0000 0.0000 0.0000 341.0000 179.0000 412.0000 221.0000 1.4966 1.6220 3.9855 -8.9526 1.6970 27.9779 1.5247 0.9983
Car 0.0000 0.0000 0.0000 311.0000 179.0000 366.0000 212.0000 1.5048 1.5929 3.7215 -12.9249 1.7500 34.5813 1.4570 0.9931
Car 0.0000 0.0000 0.0000 496.0000 180.0000 534.0000 209.0000 1.4969 1.5921 3.8387 -5.0622 1.8323 39.0184 1.5613 0.9827
Car 0.0000 0.0000 0.0000 572.0000 181.0000 619.0000 222.0000 1.4960 1.6054 3.8619 -0.4915 1.8062 29.0710 1.5708 0.9793
