Car 0.0000 0.0000 0.0000 573.0000 180.0000 605.0000 209.0000 1.5095 1.6283 3.8472 -1.0404 1.8310 39.5850 1.5708 0.9996
Car 0.0000 0.0000 0.0000 400.0000 180.0000 481.0000 236.0000 1.5198 1.6388 4.0061 -4.9752 1.7107 21.6753 1.5346 0.9996
Car 0.0000 0.0000 0.0000 309.0000 182.0000 388.0000 231.0000 1.5213 1.6144 3.6417 -8.8378 1.8097 24.6663 1.4979 0.9993
Car 0.0000 0.0000 0.0000 204.0000 183.0000 341.0000 256.0000 1.5212 1.6287 3.8832 -7.9050 1.7473 17.2277 1.5186 0.9992
Car 0.0000 0.0000 0.0000 369.0000 179.0000 409.0000 205.0000 1.5077 1.6347 3.9769 -13.6371 1.8456 44.8467 1.4579 0.9991
Car 0.0000 0.0000 0.0000 -46.0000 133.0000 377.0000 400.0000 1.6708 1.6686 3.7791 -3.4598 1.4274 6.4546 1.5039 0.9990
Car 0.0000 0.0000 0.0000 492.0000 164.0000 531.0000 200.0000 1.6729 1.7313 4.6091 -4.7702 1.2273 35.7176 1.4756 0.9987
Car 0.0000 0.0000 0.0000 582.0000 175.0000 602.0000 192.0000 1.5020 1.6077 3.8608 -1.4723 1.5806 63.7582 1.5708 0.9971
Car 0.0000 0.0000 0.0000 110.0000 184.0000 209.0000 241.0000 1.5037 1.6075 3.8339 -13.1832 1.8044 21.3100 1.2551 0.9966
Car 0.0000 0.0000 0.0000 -418.0000 188.0000 100.0000 388.0000 1.4980 1.6007 3.8615 -7.4494 1.6712 7.6006 1.4716 0.9960
Car 0.0000 0.0000 0.0000 399.0000 177.0000 449.0000 211.0000 1.4996 1.6018 3.7523 -8.7485 1.6628 34.2392 1.5198 0.9653
