Car 0.0000 0.0000 0.0000 626.0000 182.0000 656.0000 205.0000 1.5262 1.6577 3.8932 2.1915 2.0711 49.9299 1.5197 0.9999
Car 0.0000 0.0000 0.0000 714.0000 186.0000 911.0000 330.0000 1.5224 1.5958 3.4373 2.4318 1.7024 9.5448 1.5651 0.9998
Car 0.0000 0.0000 0.0000 540.0000 185.0000 568.0000 212.0000 1.5186 1.6486 3.9740 -3.3635 2.2267 44.6471 1.5182 0.9997
Car 0.0000 0.0000 0.0000 691.0000 185.0000 798.0000 274.0000 1.5164 1.6185 3.7739 2.5626 1.7667 14.4981 1.5708 0.9996
Car 0.0000 0.0000 0.0000 292.0000 187.0000 484.0000 337.0000 1.5149 1.6136 3.6642 -2.6861 1.7174 9.4373 1.5007 0.9996
Car 0.0000 0.0000 0.0000 657.0000 184.0000 750.0000 249.0000 1.5572 1.6621 4.0926 2.4579 1.8598 19.8682 1.4775 0.9994
Car 0.0000 0.0000 0.0000 484.0000 186.0000 547.0000 239.0000 1.5116 1.5953 3.6356 -2.9344 1.9103 23.0702 1.5469 0.9988
Car 0.0000 0.0000 0.0000 445.0000 197.0000 526.0000 266.0000 1.5162 1.6577 4.3268 -3.2228 2.2066 19.3341 1.5158 0.9967
Car 0.0000 0.0000 0.0000 425.0000 179.0000 484.0000 217.0000 1.4952 1.5988 3.8756 -6.4739 1.7000 30.4917 1.5708 0.9869
Car 0.0000 0.0000 0.0000 465.0000 182.0000 510.0000 212.0000 1.5131 1.6157 3.9348 -6.5590 1.9710 39.1177 1.5708 0.9847
Car 0.0000 0.0000 0.0000 564.0000 186.0000 583.0000 204.0000 1.5157 1.6295 3.9681 -3.0272 2.5624 62.8858 1.5299 0.9697
