Car 0.0000 0.0000 0.0000 696.0000 179.0000 805.0000 258.0000 1.5296 1.6011 3.3873 2.9285 1.6431 15.6711 1.5437 0.9998
Car 0.0000 0.0000 0.0000 256.0000 177.0000 438.0000 306.0000 1.5489 1.5869 3.1532 -3.6107 1.6077 10.3765 1.5266 0.9997
Car 0.0000 0.0000 0.0000 642.0000 176.0000 684.0000 207.0000 1.5080 1.6264 3.8602 2.7975 1.6483 37.9575 1.5020 0.9995
Car 0.0000 0.0000 0.0000 400.0000 180.0000 503.0000 249.0000 1.5257 1.6398 3.9826 -3.8655 1.6968 18.1718 1.5708 0.9994
Car 0.0000 0.0000 0.0000 -40.0000 186.0000 226.0000 306.0000 1.5268 1.6196 3.6848 -7.8039 1.7408 11.2904 1.5420 0.9994
Car 0.0000 0.0000 0.0000 588.0000 176.0000 614.0000 200.0000 1.5142 1.6204 3.7554 -0.4725 1.6692 47.6501 1.5708 0.9993
Car 0.0000 0.0000 0.0000 481.0000 175.0000 531.0000 215.0000 1.5253 1.6103 3.6400 -4.1913 1.5960 29.6676 1.5585 0.9992
Car 0.0000 0.0000 0.0000 516.0000 177.0000 554.0000 204.0000 1.5012 1.5957 3.6804 -4.2545 1.6988 41.9092 1.5708 0.9977
Car 0.0000 0.0000 0.0000 376.0000 174.0000 434.0000 213.0000 1.4968 1.5828 3.6946 -8.3811 1.5265 29.8039 1.4970 0.9957
Car 0.0000 0.0000 0.0000 265.0000 177.0000 351.0000 234.0000 1.5048 1.5835 3.6845 -8.8080 1.6115 21.2830 1.3902 0.9891
