Car 0.0000 0.0000 0.0000 817.0000 207.0000 1226.0000 431.0000 1.5166 1.6755 4.3553 3.7461 1.9563 7.6587 1.5257 0.9998
Car 0.0000 0.0000 0.0000 529.0000 182.0000 572.0000 220.0000 1.5216 1.6314 3.7191 -2.5005 1.8632 31.1987 1.5517 0.9998
Car 0.0000 0.0000 0.0000 746.0000 189.0000 892.0000 292.0000 1.5675 1.6793 4.3044 3.6941 1.8819 13.5444 1.5708 0.9998
Car 0.0000 0.0000 0.0000 281.0000 144.0000 508.0000 330.0000 1.8871 1.7820 4.4350 -2.5365 1.6011 9.5648 1.5490 0.9995
Car 0.0000 0.0000 0.0000 725.0000 189.0000 813.0000 256.0000 1.5229 1.6097 3.6065 4.0378 1.9485 18.7662 1.5708 0.9995
Car 0.0000 0.0000 0.0000 464.0000 192.0000 495.0000 215.0000 1.5028 1.6329 3.9506 -9.3683 2.8472 52.4482 1.5326 0.9986
Car 0.0000 0.0000 0.0000 417.0000 182.0000 537.0000 266.0000 1.5078 1.6212 3.9103 -2.6616 1.7040 15.1742 1.5708 0.9983
Car 0.0000 0.0000 0.0000 504.0000 196.0000 530.0000 219.0000 1.5049 1.6142 3.7489 -6.6554 3.1785 52.7148 1.5217 0.9977
Car 0.0000 0.0000 0.0000 680.0000 184.0000 733.0000 223.0000 1.5059 1.6091 3.7986 3.9729 1.9300 29.9657 1.5539 0.9938
Car 0.0000 0.0000 0.0000 694.0000 189.0000 760.0000 236.0000 1.4920 1.6093 3.9427 4.0882 2.0417 25.6262 1.5502 0.9854
