Car 0.0000 0.0000 0.0000 469.0000 183.0000 539.0000 243.0000 1.5319 1.6076 3.3893 -2.9482 1.8210 20.6207 1.5442 0.9998
Car 0.0000 0.0000 0.0000 142.0000 189.0000 447.0000 381.0000 1.5226 1.6274 3.7689 -3.0717 1.7207 7.8261 1.5708 0.9997
Car 0.0000 0.0000 0.0000 559.0000 178.0000 581.0000 197.0000 1.5117 1.6301 3.8433 -3.1025 1.8072 58.3579 1.5381 0.9996
Car 0.0000 0.0000 0.0000 740.0000 173.0000 1043.0000 358.0000 1.4997 1.6413 4.0857 2.6706 1.5201 7.9805 1.5439 0.9996
Car 0.0000 0.0000 0.0000 700.0000 184.0000 858.0000 285.0000 1.5363 1.6261 3.6897 2.8690 1.7351 13.1079 1.4586 0.9995
Car 0.0000 0.0000 0.0000 667.0000 177.0000 760.0000 245.0000 1.5412 1.6062 3.4474 2.5301 1.6354 18.3686 1.4892 0.9994
Car 0.0000 0.0000 0.0000 651.0000 181.0000 730.0000 234.0000 1.5211 1.6171 3.7531 2.5017 1.7543 23.0811 1.4418 0.9993
Car 0.0000 0.0000 0.0000 638.0000 178.0000 667.0000 206.0000 1.5190 1.6202 3.7557 2.4793 1.7468 41.5664 1.5708 0.9992
Car 0.0000 0.0000 0.0000 524.0000 175.0000 572.0000 212.0000 1.5106 1.6295 4.0461 -2.6330 1.5604 31.6778 1.5708 0.9978
Car 0.0000 0.0000 0.0000 -15984.0000 -86113.0000 1803466.0000 13084.0000 1.4920 1.6182 4.0555 -2.9066 1.5184 2.0564 1.5113 0.9977
