Car 0.0000 0.0000 0.0000 99.0000 191.0000 390.0000 287.0000 1.4971 1.6856 4.2530 -6.2426 1.8299 12.5559 0.0373 1.0000
Car 0.0000 0.0000 0.0000 664.0000 182.0000 745.0000 242.0000 1.5244 1.6372 3.8872 2.6018 1.7758 20.5831 1.5343 0.9996
Car 0.0000 0.0000 0.0000 369.0000 179.0000 519.0000 230.0000 1.6175 1.7465 4.6523 -5.5590 1.8159 24.4590 0.0513 0.9995
Car 0.0000 0.0000 0.0000 723.0000 181.0000 857.0000 227.0000 1.5362 1.6988 4.3745 6.3300 1.8120 25.6009 0.0859 0.9995
Car 0.0000 0.0000 0.0000 357.0000 183.0000 502.0000 236.0000 1.4883 1.6339 3.9620 -5.3885 1.8011 21.8204 0.0288 0.9995
Car 0.0000 0.0000 0.0000 -343.0000 193.0000 220.0000 382.0000 1.5401 1.6406 4.0154 -6.2100 1.7570 6.9036 0.0546 0.9989
Car 0.0000 0.0000 0.0000 800.0000 -555.0000 2914.0000 1103.0000 2.5343 1.9817 5.3462 2.5760 1.4381 3.8058 1.5708 0.9989
Car 0.0000 0.0000 0.0000 258.0000 177.0000 417.0000 235.0000 1.4951 1.6019 3.7166 -7.3815 1.5983 19.6644 0.0927 0.9986
Car 0.0000 0.0000 0.0000 238.0000 185.0000 426.0000 250.0000 1.4575 1.6196 3.9029 -6.5901 1.7337 17.2051 0.1522 0.9980
Car 0.0000 0.0000 0.0000 164.0000 179.0000 380.0000 256.0000 1.4908 1.6009 3.7760 -6.9882 1.6227 15.0626 0.0637 0.9976
Car 0.0000 0.0000 0.0000 496.0000 179.0000 535.0000 211.0000 1.5108 1.5984 3.6938 -4.5808 1.7443 35.6204 1.5236 0.9942
Car 0.0000 0.0000 0.0000 517.0000 180.0000 551.0000 209.0000 1.4920 1.6019 3.9249 -4.1677 1.8636 40.3015 1.5384 0.9941
Car 0.0000 0.0000 0.0000 664.0000 179.0000 690.0000 204.0000 1.6547 1.6385 3.7905 4.7805 2.0346 50.5703 1.5708 0.9705
