Car 0.0000 0.0000 0.0000 342.0000 179.0000 484.0000 276.0000 1.5452 1.6702 4.0299 -3.5392 1.6468 13.6333 1.5473 0.9998
Car 0.0000 0.0000 0.0000 728.0000 176.0000 891.0000 276.0000 1.5329 1.6628 4.1609 3.4198 1.5828 13.2067 1.5303 0.9996
Car 0.0000 0.0000 0.0000 683.0000 163.0000 781.0000 228.0000 1.5279 1.6633 4.1740 3.1148 1.2901 19.1563 1.5152 0.9996
Car 0.0000 0.0000 0.0000 -762.0000 179.0000 317.0000 731.0000 1.6571 1.7118 4.4654 -3.5035 1.7000 4.4619 1.5087 0.9994
Car 0.0000 0.0000 0.0000 505.0000 175.0000 542.0000 200.0000 1.5082 1.6333 3.9870 -5.4099 1.6014 45.5309 1.2764 0.9994
Car 0.0000 0.0000 0.0000 434.0000 179.0000 514.0000 248.0000 1.5657 1.6271 3.7459 -3.3902 1.7022 18.4719 1.4889 0.9989
Car 0.0000 0.0000 0.0000 444.0000 161.0000 475.0000 185.0000 1.5396 1.6151 3.7808 -9.6957 0.7212 46.8613 1.4533 0.9875
Car 0.0000 0.0000 0.0000 510.0000 178.0000 565.0000 221.0000 1.4985 1.5925 3.7586 -2.5952 1.6442 26.7681 1.5708 0.9874
Car 0.0000 0.0000 0.0000 625.0000 163.0000 647.0000 182.0000 1.5443 1.6279 4.0100 2.3371 0.6607 62.8663 1.5376 0.9783
Car 0.0000 0.0000 0.0000 1020.0000 105.0000 1394.0000 259.0000 1.7543 1.7119 4.3889 8.1067 0.9796 10.4797 1.5502 0.9676
