Car 0.0000 0.0000 0.0000 343.0000 182.0000 476.0000 272.0000 1.5182 1.6282 3.7579 -3.7954 1.6798 14.1992 1.5535 0.9998
Car 0.0000 0.0000 0.0000 443.0000 180.0000 485.0000 213.0000 1.5297 1.6102 3.4850 -7.0303 1.8159 35.2290 1.4860 0.9998
Car 0.0000 0.0000 0.0000 20.0000 190.0000 163.0000 246.0000 1.5259 1.6726 4.3552 -16.2811 2.0660 22.9201 1.5036 0.9996
Car 0.0000 0.0000 0.0000 540.0000 180.0000 569.0000 204.0000 1.5021 1.6299 3.9856 -3.5453 1.8756 47.3882 1.5520 0.9993
Car 0.0000 0.0000 0.0000 904.0000 200.0000 993.0000 228.0000 1.5764 1.7204 4.5276 20.6175 3.2186 43.7847 0.0728 0.9943
Car 0.0000 0.0000 0.0000 213.0000 188.0000 255.0000 210.0000 1.4909 1.5949 3.8494 -27.7569 2.5411 53.3902 1.4195 0.9897
Car 0.0000 0.0000 0.0000 -3.0000 196.0000 47.0000 226.0000 1.4937 1.6035 3.8352 -33.6216 2.8278 41.2717 1.0649 0.9867
Car 0.0000 0.0000 0.0000 331.0000 163.0000 364.0000 183.0000 1.5387 1.6170 3.8594 -21.1615 0.7136 58.4325 1.4506 0.9864
Car 0.0000 0.0000 0.0000 10.0000 191.0000 86.0000 221.0000 1.4928 1.5913 3.8360 -30.8032 2.4749 39.6395 1.4297 0.9863
Car 0.0000 0.0000 0.0000 570.0000 179.0000 591.0000 200.0000 1.7388 1.7320 4.5804 -2.4074 2.1374 62.0358 1.5352 0.9815
Car 0.0000 0.0000 0.0000 270.0000 189.0000 321.0000 216.0000 1.5019 1.6021 3.8521 -19.1204 2.4404 44.1058 1.5133 0.9791
Car 0.0000 0.0000 0.0000 192.0000 189.0000 245.0000 216.0000 1.5015 1.6107 3.9594 -23.4841 2.4086 43.4351 1.4124 0.9667
