Car 0.0000 0.0000 0.0000 338.0000 184.0000 423.0000 236.0000 1.5112 1.6132 3.7224 -7.2929 1.8566 23.2490 1.5593 0.9996
Car 0.0000 0.0000 0.0000 580.0000 174.0000 599.0000 192.0000 1.5632 1.6631 4.1660 -1.7696 1.6174 66.7193 1.5644 0.9992
Car 0.0000 0.0000 0.0000 -41.0000 223.0000 71.0000 268.0000 1.5183 1.6573 3.9665 -25.0334 3.7087 30.4896 1.5247 0.9985
Car 0.0000 0.0000 0.0000 417.0000 184.0000 450.0000 206.0000 1.4874 1.5938 3.8862 -13.0785 2.2811 53.9670 1.5528 0.9937
Car 0.0000 0.0000 0.0000 439.0000 183.0000 468.0000 201.0000 1.4948 1.6070 3.9232 -13.3714 2.2820 62.3139 1.5708 0.9936
Car 0.0000 0.0000 0.0000 510.0000 182.0000 539.0000 203.0000 1.5002 1.6107 3.8553 -6.4140 2.1239 55.3364 1.5708 0.9922
Car 0.0000 0.0000 0.0000 401.0000 175.0000 439.0000 198.0000 1.5068 1.6075 3.9662 -12.6146 1.5684 48.2621 1.5365 0.9862
Car 0.0000 0.0000 0.0000 486.0000 184.0000 525.0000 212.0000 1.4937 1.5966 3.8972 -5.9070 2.0601 41.3811 1.5708 0.9844
Car 0.0000 0.0000 0.0000 414.0000 184.0000 459.0000 212.0000 1.5000 1.6125 3.9355 -9.7411 2.0856 40.9757 1.5708 0.9742
Car 0.0000 0.0000 0.0000 143.0000 191.0000 205.0000 222.0000 1.5007 1.5771 3.5347 -22.9324 2.4221 38.1035 1.4248 0.9741
Car 0.0000 0.0000 0.0000 347.0000 169.0000 405.0000 207.0000 1.4985 1.5875 3.8446 -9.9372 1.3393 30.8720 1.4666 0.9674
Car 0.0000 0.0000 0.0000 611.0000 180.0000 632.0000 200.0000 1.4937 1.6010 3.8538 1.0140 1.9837 56.0859 1.5708 0.9651
Car 0.0000 0.0000 0.0000 916.0000 169.0000 952.0000 185.0000 1.5560 1.6735 4.3063 32.6812 1.0774 72.4298 1.5708 0.9637
Car 0.0000 0.0000 0.0000 292.0000 176.0000 327.0000 192.0000 1.5560 1.6735 4.3063 -30.0287 1.7492 72.4421 1.5708 0.9637
Car 0.0000 0.0000 0.0000 714.0000 171.0000 737.0000 187.0000 1.5560 1.6735 4.3063 11.7779 1.3013 72.4339 1.5708 0.9637
Car 0.0000 0.0000 0.0000 276.0000 176.0000 312.0000 192.0000 1.5560 1.6735 4.3063 -31.6367 1.7665 72.4424 1.5708 0.9637
Car 0.0000 0.0000 0.0000 900.0000 169.0000 935.0000 185.0000 1.5560 1.6735 4.3063 31.0733 1.0946 72.4301 1.5708 0.9637
Car 0.0000 0.0000 0.0000 885.0000 169.0000 919.0000 185.0000 1.5560 1.6735 4.3063 29.4653 1.1118 72.4304 1.5708 0.9637
Car 0.0000 0.0000 0.0000 730.0000 171.0000 754.0000 187.0000 1.5560 1.6735 4.3063 13.3858 1.2841 72.4335 1.5708 0.9637
Car 0.0000 0.0000 0.0000 823.0000 170.0000 853.0000 186.0000 1.5560 1.6735 4.3063 23.0335 1.1807 72.4316 1.5708 0.9637
