Car 0.0000 0.0000 0.0000 -162.0000 180.0000 312.0000 334.0000 1.5143 1.6691 4.1704 -5.8083 1.6090 8.0746 0.0568 0.9999
Car 0.0000 0.0000 0.0000 664.0000 180.0000 725.0000 231.0000 1.5357 1.5926 3.2890 2.6994 1.7234 23.3911 1.5708 0.9998
Car 0.0000 0.0000 0.0000 630.0000 175.0000 652.0000 195.0000 1.5115 1.6297 3.8656 2.5537 1.6208 57.3006 1.5708 0.9996
Car 0.0000 0.0000 0.0000 731.0000 170.0000 941.0000 312.0000 1.5302 1.6087 3.5491 2.7377 1.5058 9.6019 1.5517 0.9995
Car 0.0000 0.0000 0.0000 60.0000 184.0000 368.0000 291.0000 1.4688 1.6252 3.9160 -5.9831 1.6558 11.0504 0.1105 0.9994
Car 0.0000 0.0000 0.0000 287.0000 180.0000 469.0000 242.0000 1.5470 1.6714 4.2462 -6.0330 1.7194 18.9225 0.1169 0.9991
Car 0.0000 0.0000 0.0000 88.0000 151.0000 368.0000 245.0000 1.5707 1.6763 4.2628 -6.8686 1.2144 13.1511 0.0606 0.9990
Car 0.0000 0.0000 0.0000 712.0000 176.0000 829.0000 217.0000 1.5291 1.6790 4.2470 6.3130 1.6379 28.4815 0.0329 0.9989
Car 0.0000 0.0000 0.0000 319.0000 178.0000 489.0000 236.0000 1.5631 1.7082 4.4321 -5.8700 1.6985 20.8359 0.0440 0.9982
Car 0.0000 0.0000 0.0000 189.0000 180.0000 402.0000 255.0000 1.5678 1.6481 4.0847 -6.9786 1.7296 16.1740 0.0623 0.9978
Car 0.0000 0.0000 0.0000 414.0000 175.0000 515.0000 212.0000 1.5383 1.6250 3.9214 -6.1917 1.5884 30.9620 0.1749 0.9974
Car 0.0000 0.0000 0.0000 372.0000 164.0000 489.0000 206.0000 1.5711 1.6529 4.1579 -7.0240 1.2251 28.4893 0.0686 0.9962
Car 0.0000 0.0000 0.0000 366.0000 164.0000 495.0000 210.0000 1.5814 1.6681 4.2586 -6.5121 1.2536 26.3633 0.0949 0.9922
Car 0.0000 0.0000 0.0000 492.0000 171.0000 553.0000 193.0000 1.5422 1.6406 4.0787 -6.1762 1.3548 51.9383 0.1773 0.9901
Car 0.0000 0.0000 0.0000 450.0000 163.0000 530.0000 192.0000 1.5437 1.6470 4.1181 -6.6198 0.9477 40.2181 0.1122 0.9745
