Car 0.0000 0.0000 0.0000 437.0000 182.0000 510.0000 238.0000 1.5271 1.6264 3.6424 -4.0543 1.7742 21.8887 1.5397 0.9998
Car 0.0000 0.0000 0.0000 73.0000 176.0000 258.0000 271.0000 1.5388 1.6265 3.5388 -8.1829 1.5970 13.6024 1.4612 0.9998
Car 0.0000 0.0000 0.0000 570.0000 182.0000 612.0000 222.0000 1.5355 1.6184 3.4276 -0.7832 1.8611 29.7938 1.5219 0.9998
Car 0.0000 0.0000 0.0000 140.0000 188.0000 434.0000 380.0000 1.5445 1.6687 4.1764 -3.2620 1.7342 8.1652 1.5141 0.9997
Car 0.0000 0.0000 0.0000 500.0000 149.0000 542.0000 183.0000 1.5373 1.6439 3.9668 -4.2912 0.4019 34.7190 1.3546 0.9993
Car 0.0000 0.0000 0.0000 -163.0000 197.0000 90.0000 291.0000 1.5147 1.6161 3.8343 -12.5952 2.0297 14.3650 1.5708 0.9987
Car 0.0000 0.0000 0.0000 340.0000 181.0000 418.0000 227.0000 1.5179 1.6232 3.9337 -8.2122 1.7657 25.9899 1.5581 0.9986
Car 0.0000 0.0000 0.0000 402.0000 178.0000 457.0000 213.0000 1.5013 1.5991 3.7420 -8.0886 1.6870 32.7735 1.5600 0.9985
Car 0.0000 0.0000 0.0000 320.0000 180.0000 385.0000 213.0000 1.4987 1.5965 3.7906 -12.3104 1.7979 34.7320 1.5708 0.9948
Car 0.0000 0.0000 0.0000 87.0000 189.0000 235.0000 250.0000 1.4971 1.5780 3.5706 -12.3559 1.9468 20.0819 -1.4357 0.9872
Car 0.0000 0.0000 0.0000 233.0000 182.0000 316.0000 225.0000 1.5030 1.5840 3.6307 -12.6843 1.8168 27.4769 1.5415 0.9845
Car 0.0000 0.0000 0.0000 501.0000 180.0000 523.0000 196.0000 1.5083 1.6118 3.9099 -9.4730 2.0940 70.6762 1.5708 0.9722
Car 0.0000 0.0000 0.0000 150.0000 168.0000 241.0000 208.0000 1.5132 1.5897 3.7016 -16.6800 1.2979 29.2103 1.5695 0.9707
