Car 0.0000 0.0000 0.0000 327.0000 184.0000 417.0000 238.0000 1.5174 1.6228 3.6987 -7.4023 1.8559 22.7678 1.5680 0.9998
Car 0.0000 0.0000 0.0000 47.0000 176.0000 401.0000 380.0000 1.5366 1.6084 3.4689 -3.4805 1.5761 7.2046 1.5708 0.9997
Car 0.0000 0.0000 0.0000 586.0000 179.0000 622.0000 212.0000 1.5221 1.6030 3.4826 -0.2258 1.7635 34.7355 1.5708 0.9997
Car 0.0000 0.0000 0.0000 411.0000 181.0000 464.0000 217.0000 1.5308 1.6247 3.6750 -7.6999 1.8467 32.5830 1.5460 0.9997
Car 0.0000 0.0000 0.0000 443.0000 133.0000 522.0000 198.0000 1.5831 1.6809 4.0377 -3.3843 0.5956 19.7846 1.5076 0.9996
Car 0.0000 0.0000 0.0000 296.0000 182.0000 364.0000 219.0000 1.5074 1.6306 3.9164 -12.2992 1.8951 31.9120 1.5295 0.9995
Car 0.0000 0.0000 0.0000 492.0000 181.0000 534.0000 215.0000 1.4986 1.6243 4.1008 -4.5763 1.8691 34.8475 1.5345 0.9967
Car 0.0000 0.0000 0.0000 44.0000 184.0000 279.0000 289.0000 1.5114 1.6098 3.8194 -7.5290 1.7099 12.5391 1.5708 0.9962
Car 0.0000 0.0000 0.0000 477.0000 180.0000 509.0000 202.0000 1.4974 1.6028 3.8310 -8.1790 1.9121 51.1892 1.5708 0.9959
Car 0.0000 0.0000 0.0000 -81.0000 192.0000 159.0000 284.0000 1.5228 1.6483 4.1436 -11.3936 1.9410 14.7615 1.5700 0.9948
Car 0.0000 0.0000 0.0000 530.0000 168.0000 560.0000 201.0000 2.1989 1.8883 4.8418 -4.4399 1.8169 50.9131 1.5166 0.9884
