Car 0.0000 0.0000 0.0000 396.0000 182.0000 497.0000 216.0000 1.4867 1.6788 4.2634 -7.4515 1.8665 33.2021 0.0482 0.9998
Car 0.0000 0.0000 0.0000 234.0000 183.0000 281.0000 224.0000 1.5222 1.6112 3.6014 -14.2514 1.9144 29.1973 1.1178 0.9994
Car 0.0000 0.0000 0.0000 821.0000 175.0000 941.0000 244.0000 1.5066 1.6051 3.7042 6.4952 1.5451 17.6594 1.5708 0.9993
Car 0.0000 0.0000 0.0000 179.0000 186.0000 205.0000 206.0000 1.5187 1.6118 3.6760 -33.2292 2.4853 57.4374 1.1036 0.9990
Car 0.0000 0.0000 0.0000 320.0000 194.0000 461.0000 268.0000 1.5056 1.6048 3.6990 -5.2600 1.9973 16.9984 0.7726 0.9990
Car 0.0000 0.0000 0.0000 -28.0000 195.0000 15.0000 228.0000 1.4819 1.5671 3.5388 -30.7862 2.5808 35.9556 0.8336 0.9985
Car 0.0000 0.0000 0.0000 499.0000 185.0000 734.0000 315.0000 1.5240 1.6096 3.5899 -0.0922 1.7030 10.5401 0.9447 0.9985
Car 0.0000 0.0000 0.0000 738.0000 176.0000 806.0000 239.0000 1.5009 1.5916 3.7075 4.2668 1.5773 19.3081 -1.3822 0.9944
Car 0.0000 0.0000 0.0000 513.0000 172.0000 553.0000 198.0000 1.4854 1.6045 4.0378 -4.6281 1.3940 44.4130 -1.4630 0.9917
Car 0.0000 0.0000 0.0000 192.0000 182.0000 254.0000 216.0000 1.5003 1.5998 3.7981 -17.8634 1.8611 33.4765 1.3494 0.9914
Car 0.0000 0.0000 0.0000 363.0000 182.0000 411.0000 212.0000 1.5086 1.6219 3.9460 -11.9820 1.9444 39.0628 1.5011 0.9873
Car 0.0000 0.0000 0.0000 103.0000 179.0000 211.0000 221.0000 1.5008 1.6201 4.0522 -17.5334 1.7060 28.1243 1.5708 0.9652
