Car 0.0000 0.0000 0.0000 539.0000 178.0000 603.0000 237.0000 1.5453 1.6370 3.5728 -1.0534 1.6782 20.9359 1.5708 0.9999
Car 0.0000 0.0000 0.0000 431.0000 180.0000 492.0000 233.0000 1.5278 1.6064 3.4923 -4.5990 1.7231 22.7218 1.4503 0.9997
Car 0.0000 0.0000 0.0000 505.0000 184.0000 530.0000 204.0000 1.5338 1.6619 4.0925 -7.4326 2.3815 59.0747 1.5260 0.9996
Car 0.0000 0.0000 0.0000 212.0000 182.0000 325.0000 249.0000 1.5285 1.6236 3.7079 -8.6835 1.7374 18.6045 1.4222 0.9996
Car 0.0000 0.0000 0.0000 -55.0000 184.0000 221.0000 324.0000 1.5169 1.6315 3.8091 -6.9755 1.6761 10.0105 1.3822 0.9996
Car 0.0000 0.0000 0.0000 328.0000 182.0000 396.0000 221.0000 1.5051 1.6420 4.0214 -10.2929 1.8353 30.2478 1.5163 0.9994
Car 0.0000 0.0000 0.0000 94.0000 183.0000 231.0000 245.0000 1.5164 1.6262 3.9724 -12.2884 1.7861 20.0685 1.4860 0.9987
Car 0.0000 0.0000 0.0000 294.0000 179.0000 346.0000 207.0000 1.4996 1.6078 3.8315 -16.4869 1.8010 41.3034 1.5220 0.9987
Car 0.0000 0.0000 0.0000 370.0000 182.0000 416.0000 211.0000 1.5020 1.6110 3.8715 -11.7152 1.9360 39.2377 1.4990 0.9982
Car 0.0000 0.0000 0.0000 152.0000 182.0000 264.0000 224.0000 1.4900 1.6249 3.8927 -15.4104 1.8154 27.8660 -1.3736 0.9924
Car 0.0000 0.0000 0.0000 319.0000 181.0000 361.0000 203.0000 1.4996 1.6024 3.8869 -19.4611 2.0364 52.2819 1.5623 0.9852
Car 0.0000 0.0000 0.0000 416.0000 181.0000 441.0000 202.0000 1.5047 1.5966 3.8522 -13.5426 2.0248 54.2123 1.3975 0.9779
Car 0.0000 0.0000 0.0000 471.0000 187.0000 499.0000 207.0000 1.5072 1.6286 3.9596 -10.2658 2.6550 59.9362 1.5693 0.9729
