Car 0.0000 0.0000 0.0000 -857.0000 186.0000 313.0000 785.0000 1.5091 1.6163 3.9021 -3.1759 1.6034 3.8647 1.5226 0.9990
Car 0.0000 0.0000 0.0000 388.0000 183.0000 420.0000 204.0000 1.5047 1.6127 3.8816 -16.1537 2.2708 57.0626 1.5157 0.9981
Car 0.0000 0.0000 0.0000 435.0000 179.0000 492.0000 215.0000 1.5149 1.6297 3.9784 -6.5327 1.7346 32.6646 1.5708 0.9944
Car 0.0000 0.0000 0.0000 594.0000 178.0000 618.0000 197.0000 1.4942 1.6109 3.9758 -0.1935 1.8113 58.2082 1.5708 0.9921
Car 0.0000 0.0000 0.0000 507.0000 172.0000 528.0000 190.0000 1.5196 1.6007 3.7175 -7.9697 1.3530 62.6747 1.4024 0.9820
Car 0.0000 0.0000 0.0000 521.0000 178.0000 551.0000 197.0000 1.4894 1.5984 3.9011 -5.8651 1.8359 58.4673 -1.4533 0.9789
Car 0.0000 0.0000 0.0000 1177.0000 170.0000 1306.0000 207.0000 1.5000 1.6440 4.0190 27.2605 1.3646 31.1165 0.0496 0.9773
Car 0.0000 0.0000 0.0000 -29.0000 190.0000 47.0000 221.0000 1.4990 1.5917 3.8388 -31.8318 2.3800 38.2889 1.3347 0.9728
Car 0.0000 0.0000 0.0000 494.0000 179.0000 527.0000 205.0000 1.5059 1.6232 3.9238 -6.1161 1.8301 45.0115 1.5365 0.9709
Car 0.0000 0.0000 0.0000 731.0000 173.0000 753.0000 193.0000 1.4947 1.6020 3.8867 10.6848 1.4623 57.5447 -1.3723 0.9667
Car 0.0000 0.0000 0.0000 299.0000 185.0000 342.0000 206.0000 1.5004 1.6133 3.9295 -21.8214 2.3376 54.7146 1.5708 0.9630
