Car 0.0000 0.0000 0.0000 -20.0000 201.0000 354.0000 328.0000 1.4709 1.6536 4.0900 -5.8073 1.8766 9.6482 0.0822 0.9999
Car 0.0000 0.0000 0.0000 781.0000 191.0000 1303.0000 499.0000 1.5352 1.6547 3.9591 2.7271 1.7069 5.7716 1.5260 0.9997
Car 0.0000 0.0000 0.0000 702.0000 183.0000 814.0000 260.0000 1.5312 1.6338 3.8772 3.2775 1.7688 16.7216 1.5298 0.9997
Car 0.0000 0.0000 0.0000 663.0000 177.0000 700.0000 209.0000 1.5081 1.6184 3.7908 3.5779 1.6585 35.9487 1.5708 0.9996
Car 0.0000 0.0000 0.0000 95.0000 177.0000 370.0000 271.0000 1.4554 1.6089 3.8127 -6.2816 1.5264 12.2264 0.0028 0.9994
Car 0.0000 0.0000 0.0000 181.0000 178.0000 407.0000 258.0000 1.5157 1.6245 3.8906 -6.3199 1.6187 14.6209 0.0718 0.9989
Car 0.0000 0.0000 0.0000 452.0000 180.0000 544.0000 214.0000 1.5147 1.6265 3.9561 -5.1150 1.8221 33.4073 0.0527 0.9974
Car 0.0000 0.0000 0.0000 478.0000 172.0000 552.0000 199.0000 1.5359 1.6488 4.1515 -5.5900 1.4349 43.0066 0.0543 0.9960
Car 0.0000 0.0000 0.0000 683.0000 181.0000 751.0000 234.0000 1.5065 1.6015 3.8156 3.3075 1.7337 22.8022 1.5708 0.9914
Car 0.0000 0.0000 0.0000 464.0000 182.0000 511.0000 227.0000 1.5020 1.5916 3.7233 -4.5146 1.8200 26.4671 1.3824 0.9909
