Car 0.0000 0.0000 0.0000 592.0000 185.0000 649.0000 236.0000 1.5362 1.6348 3.7066 0.3018 1.9457 24.5278 1.5130 0.9997
Car 0.0000 0.0000 0.0000 695.0000 198.0000 959.0000 362.0000 1.5377 1.6588 4.0126 2.4821 1.9142 9.4071 1.4007 0.9997
Car 0.0000 0.0000 0.0000 401.0000 193.0000 452.0000 224.0000 1.5111 1.6568 4.1066 -9.8583 2.5828 39.2257 1.5708 0.9997
Car 0.0000 0.0000 0.0000 -43.0000 206.0000 269.0000 369.0000 1.5317 1.6299 3.7993 -6.0997 2.0271 9.3854 1.5093 0.9993
Car 0.0000 0.0000 0.0000 560.0000 180.0000 583.0000 201.0000 1.5931 1.6569 3.9848 -3.0049 2.1203 58.6529 1.5591 0.9981
Car 0.0000 0.0000 0.0000 1138.0000 172.0000 1317.0000 274.0000 1.5314 1.6453 4.0854 11.0332 1.5072 12.7735 -0.6707 0.9954
Car 0.0000 0.0000 0.0000 1045.0000 155.0000 4818.0000 1653.0000 1.5000 1.5816 3.6780 3.4354 1.5031 2.5670 1.5672 0.9950
Car 0.0000 0.0000 0.0000 -1217.0000 212.0000 101.0000 758.0000 1.4969 1.6062 3.9412 -5.1107 1.8204 4.2675 1.4735 0.9945
Car 0.0000 0.0000 0.0000 422.0000 191.0000 461.0000 218.0000 1.4946 1.5947 3.8187 -10.3250 2.5895 44.5477 1.5490 0.9915
Car 0.0000 0.0000 0.0000 769.0000 175.0000 887.0000 216.0000 1.5391 1.6570 4.1538 8.4122 1.5940 28.0004 0.1394 0.9897
Car 0.0000 0.0000 0.0000 571.0000 181.0000 618.0000 220.0000 1.5033 1.5992 3.8094 -0.5677 1.8156 30.0758 1.5708 0.9615
