Car 0.0000 0.0000 0.0000 784.0000 180.0000 995.0000 305.0000 1.5286 1.6048 3.4215 3.8917 1.6300 10.6973 1.5009 0.9998
Car 0.0000 0.0000 0.0000 411.0000 184.0000 503.0000 243.0000 1.5147 1.6148 3.6710 -4.2742 1.8209 20.6704 1.5708 0.9997
Car 0.0000 0.0000 0.0000 744.0000 179.0000 853.0000 259.0000 1.5280 1.6326 3.7823 3.9632 1.6412 15.7394 1.5708 0.9997
Car 0.0000 0.0000 0.0000 550.0000 180.0000 581.0000 204.0000 1.5114 1.6188 3.7603 -2.8413 1.9048 47.8482 1.5708 0.9997
Car 0.0000 0.0000 0.0000 940.0000 192.0000 1819.0000 596.0000 1.5158 1.6289 3.9018 3.9451 1.6794 4.8206 1.5410 0.9996
Car 0.0000 0.0000 0.0000 716.0000 177.0000 796.0000 234.0000 1.5325 1.6181 3.6151 4.2012 1.6273 21.1703 1.5708 0.9994
Car 0.0000 0.0000 0.0000 327.0000 172.0000 438.0000 210.0000 1.5312 1.6582 4.1741 -9.6115 1.4642 30.6589 0.0803 0.9982
Car 0.0000 0.0000 0.0000 698.0000 175.0000 751.0000 219.0000 1.5033 1.6120 3.8623 4.1506 1.5469 26.3309 -1.4813 0.9975
Car 0.0000 0.0000 0.0000 463.0000 177.0000 531.0000 221.0000 1.4923 1.6036 3.9212 -4.0427 1.5995 26.4265 1.5708 0.9957
Car 0.0000 0.0000 0.0000 517.0000 183.0000 561.0000 220.0000 1.4926 1.5802 3.6699 -3.0312 1.8927 31.5647 1.5655 0.9943
Car 0.0000 0.0000 0.0000 924.0000 174.0000 975.0000 201.0000 1.5006 1.5929 3.7866 19.7442 1.5199 41.8947 -1.4392 0.9638
