Car 0.0000 0.0000 0.0000 722.0000 180.0000 915.0000 308.0000 1.5489 1.6324 3.5600 2.8179 1.6434 10.6153 1.5169 0.9998
Car 0.0000 0.0000 0.0000 352.0000 182.0000 446.0000 252.0000 1.5486 1.6091 3.3785 -5.1447 1.7587 17.9357 1.4881 0.9997
Car 0.0000 0.0000 0.0000 32.0000 183.0000 339.0000 354.0000 1.5209 1.6142 3.5836 -4.5873 1.6421 8.3847 1.5198 0.9996
Car 0.0000 0.0000 0.0000 601.0000 182.0000 625.0000 203.0000 1.5363 1.6716 4.2165 0.2990 2.1346 54.5171 1.5511 0.9996
Car 0.0000 0.0000 0.0000 563.0000 178.0000 603.0000 217.0000 1.5287 1.6150 3.6116 -1.1117 1.7081 30.6502 1.5388 0.9995
Car 0.0000 0.0000 0.0000 487.0000 178.0000 525.0000 204.0000 1.5029 1.6236 3.8954 -6.3967 1.7814 45.0178 1.5708 0.9995
Car 0.0000 0.0000 0.0000 -20.0000 164.0000 193.0000 267.0000 1.5252 1.5869 3.3831 -8.8657 1.4001 12.5071 1.4386 0.9992
Car 0.0000 0.0000 0.0000 353.0000 180.0000 417.0000 218.0000 1.5030 1.6211 3.8830 -9.4671 1.7518 30.6627 1.5349 0.9992
Car 0.0000 0.0000 0.0000 436.0000 179.0000 468.0000 200.0000 1.4981 1.6122 3.8753 -11.9431 1.9218 55.0359 1.5577 0.9989
Car 0.0000 0.0000 0.0000 544.0000 182.0000 584.0000 212.0000 1.5056 1.6319 4.0272 -2.4578 1.9926 39.9691 1.5708 0.9987
Car 0.0000 0.0000 0.0000 439.0000 182.0000 510.0000 230.0000 1.5036 1.6075 3.8842 -4.5468 1.7883 24.6678 1.5708 0.9975
Car 0.0000 0.0000 0.0000 400.0000 177.0000 438.0000 205.0000 1.5001 1.5982 3.7690 -10.7110 1.6756 40.6959 1.4401 0.9963
Car 0.0000 0.0000 0.0000 228.0000 183.0000 344.0000 241.0000 1.5043 1.6100 3.8576 -9.2224 1.7787 20.8396 1.5706 0.9953
Car 0.0000 0.0000 0.0000 550.0000 166.0000 579.0000 192.0000 1.9597 1.8300 4.8948 -3.3950 1.3780 55.9722 1.5708 0.9843
Car 0.0000 0.0000 0.0000 450.0000 187.0000 499.0000 224.0000 1.5012 1.6130 3.9139 -5.9286 2.0884 32.0245 1.5153 0.9829
