Car 0.0000 0.0000 0.0000 415.0000 181.0000 489.0000 239.0000 1.5277 1.6171 3.5514 -4.5658 1.7539 21.2646 1.5000 0.9998
Car 0.0000 0.0000 0.0000 530.0000 181.0000 591.0000 237.0000 1.5441 1.5997 3.2455 -1.5411 1.7490 21.6109 1.4422 0.9998
Car 0.0000 0.0000 0.0000 502.0000 183.0000 529.0000 202.0000 1.5374 1.6494 3.9275 -7.6626 2.2542 59.2855 1.5708 0.9998
Car 0.0000 0.0000 0.0000 49.0000 185.0000 198.0000 253.0000 1.5145 1.6301 3.8653 -12.2577 1.8165 18.4435 1.4302 0.9997
Car 0.0000 0.0000 0.0000 146.0000 185.0000 299.0000 264.0000 1.5283 1.6885 4.4865 -8.6787 1.7918 16.5665 1.4180 0.9996
Car 0.0000 0.0000 0.0000 311.0000 181.0000 382.0000 223.0000 1.5149 1.6251 3.7307 -10.1236 1.7947 27.9837 1.4943 0.9996
Car 0.0000 0.0000 0.0000 356.0000 181.0000 405.0000 212.0000 1.5063 1.6094 3.7507 -11.6555 1.8610 36.9255 1.4892 0.9990
Car 0.0000 0.0000 0.0000 -334.0000 186.0000 168.0000 399.0000 1.6422 1.6910 4.2812 -6.9357 1.8060 7.9542 1.4841 0.9985
Car 0.0000 0.0000 0.0000 274.0000 181.0000 332.0000 210.0000 1.4994 1.6079 3.8597 -16.5792 1.8756 39.1895 1.5386 0.9964
Car 0.0000 0.0000 0.0000 463.0000 195.0000 489.0000 215.0000 1.5040 1.6283 3.9337 -10.5648 3.1932 57.5373 1.5075 0.9960
Car 0.0000 0.0000 0.0000 403.0000 180.0000 438.0000 204.0000 1.6135 1.6654 4.0942 -13.5044 2.0616 51.8990 1.5070 0.9955
Car 0.0000 0.0000 0.0000 178.0000 160.0000 275.0000 205.0000 1.5703 1.6606 4.2256 -14.5707 1.1009 27.6702 1.5221 0.9694
