Car 0.0000 0.0000 0.0000 262.0000 179.0000 327.0000 207.0000 1.4930 1.6154 3.9509 -17.9225 1.7894 41.2523 -1.4462 0.9985
Car 0.0000 0.0000 0.0000 564.0000 176.0000 584.0000 194.0000 1.4982 1.6097 3.8691 -2.9172 1.6676 60.5473 1.5338 0.9979
Car 0.0000 0.0000 0.0000 907.0000 184.0000 1015.0000 218.0000 1.4957 1.6620 4.1735 16.1504 1.9820 33.1946 0.2161 0.9975
Car 0.0000 0.0000 0.0000 528.0000 177.0000 549.0000 196.0000 1.5048 1.6195 3.9897 -5.8110 1.7859 59.9565 1.5100 0.9954
Car 0.0000 0.0000 0.0000 672.0000 182.0000 716.0000 218.0000 1.5032 1.6274 4.0845 3.7954 1.8715 32.7357 1.5708 0.9887
Car 0.0000 0.0000 0.0000 646.0000 172.0000 674.0000 197.0000 1.6330 1.6827 4.2862 3.4147 1.5093 48.4438 1.5708 0.9846
Car 0.0000 0.0000 0.0000 220.0000 186.0000 257.0000 207.0000 1.4998 1.6198 3.9885 -29.1502 2.4895 56.7320 1.3484 0.9797
Car 0.0000 0.0000 0.0000 96.0000 184.0000 164.0000 214.0000 1.4975 1.5860 3.7936 -25.7434 2.0698 38.8230 1.4142 0.9781
Car 0.0000 0.0000 0.0000 360.0000 185.0000 397.0000 211.0000 1.5035 1.6293 4.0387 -14.4516 2.2253 45.2965 1.4189 0.9780
Car 0.0000 0.0000 0.0000 642.0000 171.0000 664.0000 191.0000 1.4995 1.5829 3.7476 3.3718 1.2700 55.1550 1.5708 0.9765
Car 0.0000 0.0000 0.0000 852.0000 163.0000 896.0000 187.0000 1.7220 1.7276 4.3574 20.2275 0.9233 55.0136 1.5544 0.9758
Car 0.0000 0.0000 0.0000 250.0000 183.0000 294.0000 204.0000 1.5002 1.6372 4.1894 -26.4137 2.2523 56.5504 1.5223 0.9754
Car 0.0000 0.0000 0.0000 965.0000 170.0000 999.0000 188.0000 1.4989 1.5887 3.7737 31.4888 1.1785 60.7681 -1.3532 0.9627
Car 0.0000 0.0000 0.0000 747.0000 179.0000 780.0000 205.0000 1.4955 1.6052 3.9460 9.5360 1.8442 44.6114 -1.4582 0.9615
