Car 0.0000 0.0000 0.0000 1.0000 183.0000 373.0000 306.0000 1.5249 1.6778 4.2426 -5.7460 1.6822 10.0651 0.0286 0.9998
Car 0.0000 0.0000 0.0000 191.0000 183.0000 431.0000 263.0000 1.5098 1.6730 4.2010 -5.9928 1.7124 14.7006 0.0398 0.9998
Car 0.0000 0.0000 0.0000 -229.0000 185.0000 258.0000 346.0000 1.5209 1.6469 4.0158 -6.2509 1.6633 7.7905 0.0545 0.9998
Car 0.0000 0.0000 0.0000 713.0000 188.0000 846.0000 235.0000 1.5156 1.6777 4.2194 5.8318 2.0240 25.0009 0.0208 0.9997
Car 0.0000 0.0000 0.0000 842.0000 186.0000 1128.0000 279.0000 1.5093 1.6879 4.2639 6.5792 1.7536 12.9737 0.0040 0.9997
Car 0.0000 0.0000 0.0000 424.0000 182.0000 522.0000 217.0000 1.5547 1.6628 4.1538 -6.2616 1.9570 33.3257 0.1510 0.9996
Car 0.0000 0.0000 0.0000 645.0000 185.0000 677.0000 215.0000 1.5074 1.6258 3.8921 2.8311 2.1362 39.4770 1.5708 0.9996
Car 0.0000 0.0000 0.0000 300.0000 176.0000 454.0000 238.0000 1.4936 1.6144 3.8199 -6.2400 1.5661 19.6474 -0.9648 0.9996
Car 0.0000 0.0000 0.0000 1046.0000 208.0000 1850.0000 449.0000 1.4188 1.6090 3.8969 5.7650 1.7211 5.4799 0.1291 0.9995
Car 0.0000 0.0000 0.0000 566.0000 181.0000 585.0000 199.0000 1.5167 1.6313 3.8496 -2.9535 2.1651 63.7640 1.5270 0.9992
Car 0.0000 0.0000 0.0000 820.0000 182.0000 1039.0000 264.0000 1.5122 1.6356 4.0266 6.6799 1.7114 15.2003 0.5227 0.9990
Car 0.0000 0.0000 0.0000 447.0000 176.0000 536.0000 208.0000 1.5676 1.6568 4.1541 -5.8801 1.6779 36.1830 0.0682 0.9881
Car 0.0000 0.0000 0.0000 482.0000 179.0000 520.0000 207.0000 1.4994 1.5922 3.7639 -6.1652 1.7946 41.4645 1.5708 0.9838
Car 0.0000 0.0000 0.0000 368.0000 180.0000 499.0000 227.0000 1.5512 1.6519 4.0861 -6.0486 1.7859 24.9504 0.0783 0.9711
