Car 0.0000 0.0000 0.0000 472.0000 179.0000 518.0000 222.0000 1.5382 1.6295 3.5082 -4.3970 1.7424 27.9353 1.4343 0.9999
Car 0.0000 0.0000 0.0000 727.0000 185.0000 1369.0000 520.0000 1.6274 1.7162 4.2959 2.7853 1.7312 5.8734 1.1990 0.9997
Car 0.0000 0.0000 0.0000 564.0000 186.0000 708.0000 283.0000 1.5303 1.6277 3.6433 0.3233 1.7702 13.5658 1.2886 0.9994
Car 0.0000 0.0000 0.0000 15.0000 202.0000 218.0000 323.0000 1.5445 1.6650 3.9899 -8.0182 2.0769 12.1045 1.2847 0.9994
Car 0.0000 0.0000 0.0000 -272.0000 205.0000 131.0000 446.0000 1.5239 1.6533 4.0092 -6.2134 1.9088 7.1659 1.1643 0.9992
Car 0.0000 0.0000 0.0000 284.0000 191.0000 326.0000 220.0000 1.5060 1.6348 3.9948 -17.0780 2.4860 40.5958 1.3167 0.9992
Car 0.0000 0.0000 0.0000 437.0000 179.0000 461.0000 198.0000 1.5266 1.6447 4.0644 -13.4964 1.9775 61.0600 1.4284 0.9966
Car 0.0000 0.0000 0.0000 441.0000 179.0000 488.0000 214.0000 1.4941 1.6017 3.9164 -6.6278 1.7356 33.3040 1.5054 0.9908
Car 0.0000 0.0000 0.0000 635.0000 172.0000 746.0000 211.0000 1.5068 1.6774 4.2346 3.3647 1.4710 29.6675 0.3839 0.9789
Car 0.0000 0.0000 0.0000 307.0000 180.0000 358.0000 204.0000 1.4855 1.5840 3.7703 -17.6430 1.8652 46.1063 1.5708 0.9742
