Car 0.0000 0.0000 0.0000 616.0000 180.0000 718.0000 259.0000 1.5520 1.6141 3.3247 1.1538 1.7018 16.0620 1.4530 0.9998
Car 0.0000 0.0000 0.0000 503.0000 182.0000 549.0000 225.0000 1.5247 1.6204 3.5967 -3.1461 1.8475 27.6847 1.4850 0.9997
Car 0.0000 0.0000 0.0000 550.0000 180.0000 571.0000 200.0000 1.5201 1.6199 3.6553 -3.8226 1.9841 57.4364 1.5233 0.9995
Car 0.0000 0.0000 0.0000 153.0000 184.0000 338.0000 294.0000 1.5359 1.6209 3.6616 -5.9802 1.7318 12.2558 1.4614 0.9995
Car 0.0000 0.0000 0.0000 461.0000 183.0000 486.0000 201.0000 1.5146 1.6274 3.7718 -11.7543 2.2842 62.6838 1.5292 0.9994
Car 0.0000 0.0000 0.0000 -1157.0000 219.0000 97.0000 740.0000 1.5308 1.6384 3.8319 -5.2929 1.9213 4.3800 1.5298 0.9993
Car 0.0000 0.0000 0.0000 310.0000 181.0000 413.0000 247.0000 1.5151 1.5994 3.5421 -6.2477 1.7058 18.4655 1.5063 0.9992
Car 0.0000 0.0000 0.0000 267.0000 181.0000 353.0000 226.0000 1.5033 1.6189 3.8525 -10.9284 1.7670 26.5502 1.5635 0.9992
Car 0.0000 0.0000 0.0000 372.0000 182.0000 421.0000 226.0000 1.5080 1.5919 3.6193 -7.7643 1.7958 26.4333 1.3100 0.9985
Car 0.0000 0.0000 0.0000 481.0000 179.0000 520.0000 210.0000 1.4961 1.6061 3.8482 -5.5111 1.7442 36.9035 1.5038 0.9980
Car 0.0000 0.0000 0.0000 69.0000 183.0000 228.0000 257.0000 1.5062 1.6145 3.9268 -10.6073 1.7206 16.8836 1.4497 0.9975
Car 0.0000 0.0000 0.0000 325.0000 173.0000 378.0000 205.0000 1.5009 1.6122 3.9173 -12.8562 1.4685 36.1773 1.4714 0.9974
Car 0.0000 0.0000 0.0000 502.0000 162.0000 530.0000 191.0000 1.9610 1.8265 4.8504 -6.7028 1.1810 52.4273 1.4839 0.9953
Car 0.0000 0.0000 0.0000 416.0000 182.0000 455.0000 212.0000 1.5051 1.6216 3.9860 -9.3831 1.9580 38.7341 1.2212 0.9951
Car 0.0000 0.0000 0.0000 209.0000 176.0000 278.0000 213.0000 1.5146 1.5842 3.5923 -16.1608 1.6273 31.9545 1.4509 0.9818
Car 0.0000 0.0000 0.0000 617.0000 174.0000 648.0000 203.0000 1.4993 1.6057 3.8657 1.3030 1.5187 39.5340 1.5708 0.9786
