Car 0.0000 0.0000 0.0000 775.0000 188.0000 1189.0000 439.0000 1.5338 1.6486 3.9895 2.7997 1.6926 6.5817 1.5532 0.9998
Car 0.0000 0.0000 0.0000 718.0000 183.0000 870.0000 287.0000 1.5144 1.6592 4.2095 3.0490 1.7000 12.8393 1.5708 0.9998
Car 0.0000 0.0000 0.0000 44.0000 195.0000 418.0000 403.0000 1.5218 1.6513 4.0830 -3.5323 1.7916 7.6226 1.5708 0.9997
Car 0.0000 0.0000 0.0000 645.0000 177.0000 686.0000 206.0000 1.5017 1.6418 4.0884 3.1086 1.6935 40.1452 1.5039 0.9995
Car 0.0000 0.0000 0.0000 692.0000 178.0000 783.0000 245.0000 1.5348 1.6180 3.6106 3.1467 1.6490 18.4551 1.5564 0.9995
Car 0.0000 0.0000 0.0000 598.0000 174.0000 628.0000 195.0000 1.5060 1.6323 3.9934 0.3206 1.5345 54.8485 1.4096 0.9992
Car 0.0000 0.0000 0.0000 408.0000 185.0000 508.0000 255.0000 1.5198 1.6337 3.9162 -3.6610 1.8112 18.0184 1.5708 0.9992
Car 0.0000 0.0000 0.0000 330.0000 188.0000 472.0000 287.0000 1.5196 1.5866 3.4602 -3.6943 1.8092 13.2553 1.5708 0.9991
Car 0.0000 0.0000 0.0000 -7944.0000 222.0000 178.0000 3947.0000 1.5026 1.6088 3.9088 -3.3599 1.7840 2.3203 1.5313 0.9986
Car 0.0000 0.0000 0.0000 746.0000 178.0000 808.0000 213.0000 1.5095 1.6050 3.8386 7.6559 1.6852 33.0879 1.4741 0.9961
