Car 0.0000 0.0000 0.0000 733.0000 173.0000 871.0000 220.0000 1.4784 1.6803 4.2585 6.3864 1.4783 24.2510 0.1053 0.9999
Car 0.0000 0.0000 0.0000 -886.0000 187.0000 306.0000 796.0000 1.5138 1.6161 3.8680 -3.2003 1.6087 3.8224 1.5189 0.9990
Car 0.0000 0.0000 0.0000 446.0000 180.0000 483.0000 204.0000 1.5085 1.6267 4.0172 -9.2127 1.8808 46.3014 1.5599 0.9984
Car 0.0000 0.0000 0.0000 1161.0000 171.0000 1282.0000 205.0000 1.3864 1.6112 3.8492 26.5014 1.2895 31.2003 -0.0012 0.9981
Car 0.0000 0.0000 0.0000 596.0000 178.0000 617.0000 198.0000 1.4973 1.6117 3.9810 -0.1872 1.8373 58.1223 1.5583 0.9946
Car 0.0000 0.0000 0.0000 505.0000 174.0000 529.0000 192.0000 1.5039 1.5978 3.8196 -7.9436 1.5555 62.7003 1.5573 0.9893
Car 0.0000 0.0000 0.0000 317.0000 179.0000 373.0000 208.0000 1.4917 1.5896 3.8138 -14.4296 1.7636 39.5377 1.5708 0.9865
Car 0.0000 0.0000 0.0000 657.0000 182.0000 691.0000 213.0000 1.5062 1.6166 3.9752 3.4249 1.9236 37.2476 -1.4506 0.9850
Car 0.0000 0.0000 0.0000 1121.0000 161.0000 1248.0000 196.0000 1.5544 1.7134 4.4434 26.8414 0.9999 33.6661 0.0649 0.9849
Car 0.0000 0.0000 0.0000 521.0000 177.0000 543.0000 193.0000 1.5359 1.6423 3.9809 -7.5635 1.8612 71.6372 1.5708 0.9833
Car 0.0000 0.0000 0.0000 -28.0000 187.0000 49.0000 218.0000 1.4997 1.5887 3.8020 -31.7399 2.2315 38.2744 1.3662 0.9796
Car 0.0000 0.0000 0.0000 489.0000 179.0000 522.0000 201.0000 1.4975 1.6153 3.9622 -7.0335 1.8142 49.3772 1.5708 0.9793
Car 0.0000 0.0000 0.0000 518.0000 179.0000 546.0000 198.0000 1.4962 1.6124 3.9466 -6.1690 1.8976 58.3081 1.5708 0.9792
Car 0.0000 0.0000 0.0000 634.0000 174.0000 659.0000 194.0000 1.5067 1.6306 4.0965 2.9994 1.5396 57.4382 1.5526 0.9761
Car 0.0000 0.0000 0.0000 -42.0000 184.0000 85.0000 230.0000 1.5093 1.6001 3.8255 -21.0362 1.8888 25.9373 1.5205 0.9742
Car 0.0000 0.0000 0.0000 578.0000 175.0000 597.0000 193.0000 1.4961 1.6026 3.9539 -1.8026 1.6243 63.2827 1.5654 0.9718
