Car 0.0000 0.0000 0.0000 579.0000 186.0000 603.0000 208.0000 1.5584 1.6736 4.0836 -1.2650 2.4501 53.3461 1.5706 0.9998
Car 0.0000 0.0000 0.0000 609.0000 181.0000 644.0000 209.0000 1.5107 1.6196 3.8073 0.9612 1.9143 41.2348 1.5017 0.9993
Car 0.0000 0.0000 0.0000 675.0000 170.0000 756.0000 232.0000 1.5255 1.6179 3.7226 2.8022 1.4456 19.7730 1.5668 0.9992
Car 0.0000 0.0000 0.0000 474.0000 184.0000 515.0000 216.0000 1.5026 1.6162 3.8691 -5.8279 2.0509 36.8760 1.5329 0.9991
Car 0.0000 0.0000 0.0000 832.0000 184.0000 1558.0000 558.0000 1.5167 1.6338 4.0220 3.0813 1.6061 5.0454 1.5098 0.9987
Car 0.0000 0.0000 0.0000 669.0000 181.0000 727.0000 227.0000 1.5025 1.6002 3.7682 3.0469 1.7426 25.3259 1.5708 0.9947
Car 0.0000 0.0000 0.0000 641.0000 170.0000 668.0000 194.0000 1.5123 1.6043 3.8573 3.0499 1.2764 48.4177 1.5708 0.9840
Car 0.0000 0.0000 0.0000 595.0000 185.0000 623.0000 210.0000 1.5069 1.6124 3.8439 0.0342 2.2408 46.6571 1.5708 0.9839
Car 0.0000 0.0000 0.0000 244.0000 191.0000 350.0000 233.0000 1.5345 1.5992 3.7813 -12.0984 2.2033 27.8782 0.3940 0.9729
Car 0.0000 0.0000 0.0000 633.0000 180.0000 673.0000 213.0000 1.4801 1.5657 3.6356 2.1489 1.7770 34.1493 -1.4228 0.9660
