Car 0.0000 0.0000 0.0000 10.0000 186.0000 321.0000 348.0000 1.5311 1.6228 3.6522 -5.1074 1.7056 8.8521 1.5511 0.9997
Car 0.0000 0.0000 0.0000 424.0000 165.0000 503.0000 240.0000 1.9666 1.7953 4.4342 -4.1644 1.7476 21.1340 1.4814 0.9996
Car 0.0000 0.0000 0.0000 577.0000 175.0000 617.0000 213.0000 1.5071 1.6219 3.8121 -0.4931 1.5888 31.3190 1.5708 0.9994
Car 0.0000 0.0000 0.0000 306.0000 181.0000 387.0000 230.0000 1.5108 1.6232 3.8354 -8.8298 1.7507 24.4688 1.4870 0.9994
Car 0.0000 0.0000 0.0000 174.0000 159.0000 329.0000 233.0000 1.5673 1.6548 4.1063 -8.5084 1.2702 17.5070 1.5708 0.9988
Car 0.0000 0.0000 0.0000 490.0000 174.0000 525.0000 206.0000 1.4985 1.6157 3.9167 -5.0803 1.5365 36.0617 1.4320 0.9978
Car 0.0000 0.0000 0.0000 345.0000 181.0000 387.0000 210.0000 1.5018 1.5997 3.8581 -13.6808 1.9169 40.7263 1.4295 0.9861
Car 0.0000 0.0000 0.0000 281.0000 183.0000 335.0000 219.0000 1.4931 1.5874 3.8250 -13.2614 1.8906 31.8473 1.3371 0.9850
Car 0.0000 0.0000 0.0000 360.0000 159.0000 472.0000 261.0000 2.0527 1.7858 4.2044 -4.3542 1.7715 16.7497 1.4883 0.9806
Car 0.0000 0.0000 0.0000 526.0000 182.0000 551.0000 206.0000 1.4991 1.6139 3.9556 -4.6954 2.0367 48.1516 1.4809 0.9657
