Car 0.0000 0.0000 0.0000 180.0000 182.0000 216.0000 204.0000 1.4951 1.5984 3.8564 -29.3947 2.0836 51.6138 1.2317 0.9970
Car 0.0000 0.0000 0.0000 868.0000 158.0000 919.0000 187.0000 1.9941 1.8303 4.8035 20.6430 0.9085 52.4037 1.5708 0.9945
Car 0.0000 0.0000 0.0000 825.0000 167.0000 853.0000 183.0000 1.5378 1.6359 3.9880 22.5775 0.8642 70.6673 1.5708 0.9936
Car 0.0000 0.0000 0.0000 282.0000 181.0000 337.0000 210.0000 1.4895 1.6052 3.9730 -16.3140 1.8795 39.3897 1.5038 0.9935
Car 0.0000 0.0000 0.0000 543.0000 174.0000 567.0000 193.0000 1.5072 1.6235 4.0629 -4.2599 1.5102 57.9701 1.5708 0.9879
Car 0.0000 0.0000 0.0000 7.0000 185.0000 69.0000 220.0000 1.4945 1.5741 3.6619 -26.3146 2.0004 33.2717 1.0883 0.9828
Car 0.0000 0.0000 0.0000 995.0000 164.0000 1028.0000 180.0000 1.5064 1.5982 3.9006 38.5026 0.5608 68.8343 -1.3917 0.9730
Car 0.0000 0.0000 0.0000 222.0000 182.0000 272.0000 204.0000 1.5067 1.6336 4.1233 -26.3386 2.0800 52.5557 1.5392 0.9655
Car 0.0000 0.0000 0.0000 501.0000 175.0000 529.0000 195.0000 1.5026 1.6068 3.9235 -7.3766 1.6150 57.0345 1.5708 0.9646
Car 0.0000 0.0000 0.0000 321.0000 181.0000 362.0000 203.0000 1.5043 1.6284 3.9755 -19.5044 2.0149 52.7024 1.5376 0.9641
Car 0.0000 0.0000 0.0000 376.0000 175.0000 407.0000 197.0000 1.5489 1.6308 3.9645 -16.3530 1.6627 54.3743 1.4454 0.9627
