Car 0.0000 0.0000 0.0000 891.0000 161.0000 944.0000 186.0000 1.5603 1.6727 4.1760 20.2441 0.7824 47.3693 1.5708 0.9996
Car 0.0000 0.0000 0.0000 81.0000 186.0000 188.0000 227.0000 1.5000 1.6032 3.7650 -18.8835 2.0102 28.8248 -1.4834 0.9994
Car 0.0000 0.0000 0.0000 492.0000 179.0000 519.0000 200.0000 1.4972 1.6222 4.0038 -7.5448 1.8461 52.4755 1.3561 0.9985
Car 0.0000 0.0000 0.0000 243.0000 186.0000 296.0000 212.0000 1.5071 1.6272 4.0706 -21.1214 2.2658 44.9777 1.4989 0.9981
Car 0.0000 0.0000 0.0000 1013.0000 172.0000 1055.0000 189.0000 1.5027 1.6210 4.0105 38.1059 1.3158 64.5804 1.5708 0.9976
Car 0.0000 0.0000 0.0000 448.0000 181.0000 484.0000 203.0000 1.4953 1.6052 3.8927 -10.1934 1.9902 51.6201 1.5708 0.9966
Car 0.0000 0.0000 0.0000 1128.0000 146.0000 1277.0000 190.0000 1.4852 1.5994 3.8820 21.1726 0.5306 25.8120 0.0801 0.9958
Car 0.0000 0.0000 0.0000 999.0000 169.0000 1030.0000 187.0000 1.4850 1.5892 3.8213 35.3959 1.0736 62.8379 -1.2459 0.9952
Car 0.0000 0.0000 0.0000 91.0000 179.0000 150.0000 205.0000 1.5198 1.6319 4.1269 -29.6061 1.8146 43.7959 1.3307 0.9944
Car 0.0000 0.0000 0.0000 292.0000 182.0000 332.0000 211.0000 1.4924 1.5922 3.8322 -16.4313 1.9707 39.9117 1.3030 0.9927
Car 0.0000 0.0000 0.0000 477.0000 170.0000 501.0000 190.0000 1.5086 1.6057 3.8322 -9.6618 1.2433 58.2991 1.4814 0.9909
Car 0.0000 0.0000 0.0000 563.0000 180.0000 589.0000 199.0000 1.4925 1.6021 3.9595 -2.6367 1.9861 59.0374 -1.4753 0.9902
Car 0.0000 0.0000 0.0000 977.0000 178.0000 1022.0000 202.0000 1.4839 1.6138 3.9500 25.0623 1.7190 46.2659 -1.3240 0.9765
Car 0.0000 0.0000 0.0000 1141.0000 183.0000 1220.0000 213.0000 1.4860 1.6224 3.9357 30.2357 1.9729 38.2156 -1.3931 0.9671
Car 0.0000 0.0000 0.0000 634.0000 166.0000 658.0000 186.0000 1.5310 1.6287 4.0011 2.9921 0.9172 56.9690 -1.4603 0.9664
