Car 0.0000 0.0000 0.0000 10.0000 191.0000 251.0000 302.0000 1.5394 1.6455 3.8788 -8.0366 1.8806 12.5216 1.5635 0.9998
Car 0.0000 0.0000 0.0000 496.0000 183.0000 524.0000 202.0000 1.4933 1.6199 4.0108 -8.0038 2.2045 58.6192 1.5708 0.9984
Car 0.0000 0.0000 0.0000 250.0000 196.0000 298.0000 222.0000 1.5082 1.6308 3.9728 -22.2646 3.0542 48.0081 1.5026 0.9948
Car 0.0000 0.0000 0.0000 190.0000 185.0000 286.0000 227.0000 1.4979 1.6203 4.0236 -14.5378 1.9607 28.4509 1.5708 0.9925
Car 0.0000 0.0000 0.0000 450.0000 183.0000 477.0000 200.0000 1.5035 1.6273 4.0116 -13.6345 2.3416 67.8317 1.5708 0.9923
Car 0.0000 0.0000 0.0000 291.0000 199.0000 334.0000 222.0000 1.4981 1.6241 3.9200 -22.3396 3.4806 54.4246 1.5708 0.9915
Car 0.0000 0.0000 0.0000 508.0000 182.0000 539.0000 205.0000 1.4930 1.6072 3.9489 -5.8078 2.0789 49.4492 1.5708 0.9912
Car 0.0000 0.0000 0.0000 -100.0000 189.0000 109.0000 261.0000 1.5123 1.6033 3.8018 -14.5311 1.9057 17.5519 -1.4116 0.9910
Car 0.0000 0.0000 0.0000 490.0000 177.0000 514.0000 194.0000 1.5139 1.6254 3.9292 -9.9726 1.7901 67.6859 1.5663 0.9905
Car 0.0000 0.0000 0.0000 80.0000 159.0000 174.0000 203.0000 1.5132 1.5932 3.7258 -17.7743 0.9977 26.7228 1.3765 0.9785
Car 0.0000 0.0000 0.0000 539.0000 175.0000 563.0000 195.0000 1.5044 1.6258 4.0733 -4.6347 1.6268 58.2813 1.5548 0.9781
Car 0.0000 0.0000 0.0000 410.0000 177.0000 443.0000 197.0000 1.5047 1.6266 4.0726 -14.2841 1.7179 56.6787 1.5549 0.9748
Car 0.0000 0.0000 0.0000 613.0000 173.0000 631.0000 189.0000 1.5289 1.6337 4.0222 1.3270 1.4386 71.3734 1.5688 0.9683
Car 0.0000 0.0000 0.0000 480.0000 175.0000 509.0000 200.0000 1.5224 1.6312 4.1146 -7.4838 1.6295 47.4380 1.4802 0.9623
