Car 0.0000 0.0000 0.0000 844.0000 163.0000 1090.0000 239.0000 1.6236 1.7642 4.7705 8.0949 1.4154 16.6827 0.0540 0.9999
Car 0.0000 0.0000 0.0000 803.0000 151.0000 1001.0000 213.0000 1.6082 1.7557 4.7187 7.9469 1.0273 19.9019 0.0479 0.9999
Car 0.0000 0.0000 0.0000 383.0000 196.0000 455.0000 248.0000 1.5280 1.6265 3.5764 -6.4685 2.3495 24.7547 1.5367 0.9998
Car 0.0000 0.0000 0.0000 659.0000 179.0000 721.0000 229.0000 1.5175 1.6137 3.6083 2.6014 1.6972 23.8728 1.5681 0.9997
Car 0.0000 0.0000 0.0000 82.0000 195.0000 386.0000 377.0000 1.5187 1.6056 3.5474 -3.9270 1.8084 8.1689 1.5680 0.9997
Car 0.0000 0.0000 0.0000 410.0000 191.0000 469.0000 234.0000 1.5059 1.6355 4.0312 -6.5920 2.2054 28.3282 1.4979 0.9992
Car 0.0000 0.0000 0.0000 763.0000 164.0000 896.0000 210.0000 1.5596 1.6879 4.3156 7.9234 1.2454 26.1440 0.0523 0.9984
Car 0.0000 0.0000 0.0000 468.0000 183.0000 509.0000 212.0000 1.4940 1.5981 3.8121 -6.5385 1.9946 39.4544 1.5641 0.9981
Car 0.0000 0.0000 0.0000 289.0000 194.0000 406.0000 265.0000 1.5066 1.6014 3.7365 -6.3825 2.0421 17.9180 1.5557 0.9961
Car 0.0000 0.0000 0.0000 1000.0000 159.0000 1102.0000 190.0000 1.4913 1.6210 4.0047 21.9740 0.7852 35.9216 0.2260 0.9937
Car 0.0000 0.0000 0.0000 1143.0000 152.0000 1307.0000 198.0000 1.5639 1.6833 4.2986 21.8981 0.8267 25.7241 0.0675 0.9917
Car 0.0000 0.0000 0.0000 1098.0000 146.0000 1229.0000 185.0000 1.4826 1.6020 3.9176 22.3973 0.4309 29.2252 0.9192 0.9734
Car 0.0000 0.0000 0.0000 1041.0000 147.0000 1146.0000 185.0000 1.6068 1.6583 4.1073 21.9291 0.4638 32.7734 1.4481 0.9650
