Car 0.0000 0.0000 0.0000 593.0000 179.0000 670.0000 253.0000 1.5472 1.6062 3.2527 0.4312 1.6629 16.7281 1.5603 0.9999
Car 0.0000 0.0000 0.0000 344.0000 184.0000 468.0000 266.0000 1.5165 1.6452 3.9927 -4.2669 1.7531 15.6203 1.5445 0.9996
Car 0.0000 0.0000 0.0000 -95.0000 192.0000 313.0000 404.0000 1.5272 1.6218 3.7307 -4.6119 1.7481 7.3322 1.5537 0.9996
Car 0.0000 0.0000 0.0000 188.0000 180.0000 293.0000 230.0000 1.5045 1.6285 3.9301 -12.2835 1.7256 24.2466 1.5334 0.9995
Car 0.0000 0.0000 0.0000 290.0000 177.0000 361.0000 216.0000 1.5734 1.6586 4.0544 -12.2322 1.7069 31.3197 1.5245 0.9991
Car 0.0000 0.0000 0.0000 177.0000 182.0000 217.0000 204.0000 1.5761 1.6582 4.1051 -30.5354 2.1585 53.4659 1.2941 0.9985
Car 0.0000 0.0000 0.0000 314.0000 179.0000 380.0000 228.0000 1.4969 1.6138 3.9256 -8.8107 1.6758 24.4125 1.3450 0.9969
Car 0.0000 0.0000 0.0000 -41.0000 180.0000 221.0000 289.0000 1.5059 1.5783 3.4908 -8.1942 1.6117 11.7218 1.5708 0.9917
Car 0.0000 0.0000 0.0000 457.0000 179.0000 524.0000 230.0000 1.6004 1.6809 4.3025 -4.0419 1.7814 25.0310 1.5515 0.9874
Car 0.0000 0.0000 0.0000 -146.0000 192.0000 50.0000 265.0000 1.5142 1.5819 3.6145 -15.9146 2.0025 17.6606 1.5516 0.9798
