Car 0.0000 0.0000 0.0000 222.0000 192.0000 443.0000 267.0000 1.4978 1.6693 4.2002 -5.9599 1.9242 15.7522 0.0166 0.9999
Car 0.0000 0.0000 0.0000 672.0000 189.0000 761.0000 251.0000 1.5218 1.6321 3.7426 2.8602 1.9578 20.0606 1.4912 0.9999
Car 0.0000 0.0000 0.0000 -189.0000 196.0000 265.0000 344.0000 1.5075 1.6540 4.0910 -6.5387 1.8031 8.4778 0.0299 0.9998
Car 0.0000 0.0000 0.0000 14.0000 194.0000 321.0000 302.0000 1.4809 1.6061 3.7684 -6.6619 1.8261 11.0136 0.0686 0.9993
Car 0.0000 0.0000 0.0000 641.0000 192.0000 689.0000 235.0000 1.5167 1.6619 4.3176 2.2099 2.3165 29.4673 1.5708 0.9993
Car 0.0000 0.0000 0.0000 1060.0000 234.0000 1578.0000 394.0000 1.4410 1.5827 3.9755 7.5183 2.1766 8.0217 0.1042 0.9986
Car 0.0000 0.0000 0.0000 333.0000 187.0000 469.0000 238.0000 1.5253 1.6052 3.7891 -6.5160 1.9578 22.6462 0.1101 0.9979
Car 0.0000 0.0000 0.0000 420.0000 186.0000 516.0000 223.0000 1.5838 1.6500 4.0765 -6.4770 2.1856 33.2620 0.0941 0.9979
Car 0.0000 0.0000 0.0000 297.0000 190.0000 448.0000 246.0000 1.4775 1.5964 3.7636 -6.7232 1.9657 20.5289 0.1570 0.9956
Car 0.0000 0.0000 0.0000 377.0000 187.0000 497.0000 230.0000 1.5504 1.6606 4.1704 -6.5974 2.0761 27.7164 0.0738 0.9927
Car 0.0000 0.0000 0.0000 440.0000 177.0000 521.0000 208.0000 1.5444 1.6269 3.9354 -6.7686 1.7335 38.2507 0.0808 0.9823
Car 0.0000 0.0000 0.0000 285.0000 193.0000 439.0000 264.0000 1.5472 1.6632 4.2023 -6.3070 2.0361 18.0849 0.6697 0.9723
Car 0.0000 0.0000 0.0000 628.0000 182.0000 655.0000 201.0000 1.5116 1.6003 3.6838 2.7493 2.1718 59.4505 -1.3643 0.9698
