Car 0.0000 0.0000 0.0000 355.0000 182.0000 466.0000 260.0000 1.5316 1.6184 3.4729 -4.3404 1.7313 16.1363 1.5425 0.9999
Car 0.0000 0.0000 0.0000 582.0000 175.0000 654.0000 244.0000 1.5714 1.6303 3.4741 0.1283 1.6233 18.3547 1.5298 0.9998
Car 0.0000 0.0000 0.0000 182.0000 193.0000 329.0000 269.0000 1.5389 1.6689 4.1331 -8.5467 2.0681 17.7801 1.5504 0.9998
Car 0.0000 0.0000 0.0000 456.0000 180.0000 518.0000 222.0000 1.5175 1.6080 3.5807 -4.6715 1.7597 27.9424 1.5708 0.9997
Car 0.0000 0.0000 0.0000 98.0000 186.0000 153.0000 212.0000 1.5073 1.6342 4.0251 -29.1865 2.2265 43.5819 1.2744 0.9993
Car 0.0000 0.0000 0.0000 277.0000 183.0000 334.0000 220.0000 1.5032 1.6220 3.9433 -13.3063 1.9173 31.7330 1.3636 0.9988
Car 0.0000 0.0000 0.0000 503.0000 179.0000 538.0000 211.0000 1.5043 1.6132 3.8634 -4.4515 1.7469 35.9032 1.4228 0.9985
Car 0.0000 0.0000 0.0000 -301.0000 200.0000 341.0000 569.0000 1.5186 1.6357 4.0491 -3.4614 1.7745 5.2940 1.4949 0.9980
Car 0.0000 0.0000 0.0000 450.0000 179.0000 488.0000 205.0000 1.5019 1.6066 3.8401 -8.7125 1.8401 45.2201 1.5708 0.9970
Car 0.0000 0.0000 0.0000 418.0000 170.0000 451.0000 194.0000 1.5778 1.6385 3.8943 -12.3376 1.3555 51.2004 1.5149 0.9968
Car 0.0000 0.0000 0.0000 368.0000 179.0000 434.0000 216.0000 1.4880 1.5901 3.8029 -8.9364 1.7127 31.1383 1.5708 0.9863
Car 0.0000 0.0000 0.0000 646.0000 182.0000 669.0000 201.0000 1.4976 1.6080 3.9152 4.0522 2.1643 59.6186 -1.4274 0.9817
Car 0.0000 0.0000 0.0000 174.0000 182.0000 281.0000 232.0000 1.5136 1.6106 3.9351 -12.6846 1.7989 24.1579 1.5374 0.9668
