Car 0.0000 0.0000 0.0000 -170.0000 188.0000 278.0000 330.0000 1.4912 1.6744 4.1437 -6.4646 1.6882 8.6326 0.0305 0.9999
Car 0.0000 0.0000 0.0000 277.0000 173.0000 449.0000 234.0000 1.5279 1.6412 3.9813 -6.4880 1.5227 19.0804 0.1244 0.9996
Car 0.0000 0.0000 0.0000 339.0000 175.0000 489.0000 229.0000 1.5198 1.6396 3.9912 -5.7744 1.5700 21.4681 0.0607 0.9996
Car 0.0000 0.0000 0.0000 746.0000 174.0000 1105.0000 393.0000 1.5676 1.6694 4.1423 2.6752 1.5952 7.3288 1.5257 0.9995
Car 0.0000 0.0000 0.0000 681.0000 175.0000 770.0000 207.0000 1.5212 1.6752 4.2017 5.8158 1.6138 36.2267 0.0192 0.9995
Car 0.0000 0.0000 0.0000 765.0000 174.0000 964.0000 243.0000 1.4817 1.6443 4.0488 5.8103 1.5169 16.7857 0.0289 0.9993
Car 0.0000 0.0000 0.0000 741.0000 176.0000 885.0000 225.0000 1.5465 1.6962 4.3626 6.8036 1.6518 24.3342 0.0149 0.9993
Car 0.0000 0.0000 0.0000 395.0000 172.0000 518.0000 218.0000 1.5555 1.6520 4.0467 -5.4933 1.5297 26.0506 0.0724 0.9992
Car 0.0000 0.0000 0.0000 723.0000 175.0000 845.0000 218.0000 1.5456 1.6619 4.2115 6.3740 1.5918 26.6642 0.1189 0.9947
Car 0.0000 0.0000 0.0000 519.0000 175.0000 550.0000 202.0000 1.6164 1.6362 4.0713 -4.7534 1.7229 45.5735 1.3838 0.9900
Car 0.0000 0.0000 0.0000 471.0000 166.0000 517.0000 203.0000 1.5128 1.6182 3.9606 -5.0751 1.2089 32.2055 1.5180 0.9808
Car 0.0000 0.0000 0.0000 855.0000 169.0000 1156.0000 269.0000 1.5641 1.6756 4.2452 6.5999 1.5164 12.5050 0.2032 0.9807
Car 0.0000 0.0000 0.0000 74.0000 165.0000 419.0000 281.0000 1.6364 1.7322 4.5670 -5.5358 1.5423 11.2619 0.0623 0.9798
