Car 0.0000 0.0000 0.0000 422.0000 159.0000 538.0000 266.0000 1.8638 1.7716 4.2965 -2.5135 1.6300 14.8195 1.5332 0.9998
Car 0.0000 0.0000 0.0000 721.0000 182.0000 811.0000 248.0000 1.5088 1.6446 4.0696 3.9167 1.7203 18.6440 1.5708 0.9997
Car 0.0000 0.0000 0.0000 767.0000 188.0000 951.0000 297.0000 1.5332 1.6544 4.0362 4.0984 1.8200 12.6176 1.5302 0.9996
Car 0.0000 0.0000 0.0000 711.0000 179.0000 782.0000 229.0000 1.5253 1.6102 3.6995 4.4512 1.6995 23.9075 1.5667 0.9989
Car 0.0000 0.0000 0.0000 -682.0000 206.0000 353.0000 839.0000 1.5103 1.6034 3.6824 -2.7615 1.7557 3.7740 1.5125 0.9989
Car 0.0000 0.0000 0.0000 677.0000 175.0000 719.0000 209.0000 1.5249 1.6424 4.1011 4.3030 1.6061 35.2913 1.5708 0.9985
Car 0.0000 0.0000 0.0000 963.0000 189.0000 1440.0000 494.0000 1.5054 1.5919 3.5743 3.9443 1.6556 5.6194 -1.2829 0.9979
Car 0.0000 0.0000 0.0000 552.0000 179.0000 605.0000 211.0000 1.4932 1.5968 3.7671 -1.4794 1.7793 36.2931 -1.3037 0.9979
Car 0.0000 0.0000 0.0000 691.0000 178.0000 738.0000 216.0000 1.5089 1.5975 3.6717 4.4306 1.7051 30.6266 1.5708 0.9918
Car 0.0000 0.0000 0.0000 677.0000 177.0000 707.0000 205.0000 1.4959 1.5996 3.8656 4.6981 1.6980 40.7773 -1.4623 0.9756
Car 0.0000 0.0000 0.0000 736.0000 170.0000 792.0000 191.0000 1.5470 1.6690 4.1889 12.3744 1.2984 57.4486 0.1353 0.9751
