Car 0.0000 0.0000 0.0000 587.0000 178.0000 665.0000 255.0000 1.5545 1.5971 3.1868 0.3258 1.6580 16.3494 1.5708 0.9999
Car 0.0000 0.0000 0.0000 383.0000 177.0000 486.0000 244.0000 1.5220 1.6486 3.9747 -4.4089 1.6196 18.6577 1.5708 0.9998
Car 0.0000 0.0000 0.0000 155.0000 187.0000 373.0000 321.0000 1.5339 1.6058 3.4313 -4.6951 1.7484 10.2709 1.5202 0.9998
Car 0.0000 0.0000 0.0000 109.0000 182.0000 279.0000 267.0000 1.5235 1.6269 3.6966 -8.4509 1.7037 14.9908 1.4991 0.9997
Car 0.0000 0.0000 0.0000 355.0000 180.0000 426.0000 223.0000 1.4992 1.6213 3.9411 -8.3086 1.7464 27.6812 1.5470 0.9990
Car 0.0000 0.0000 0.0000 472.0000 178.0000 530.0000 222.0000 1.5474 1.6447 4.1827 -4.0524 1.7083 27.4457 1.5461 0.9982
Car 0.0000 0.0000 0.0000 238.0000 175.0000 322.0000 218.0000 1.5042 1.5903 3.6871 -12.2832 1.5515 27.1068 1.5322 0.9956
Car 0.0000 0.0000 0.0000 -120.0000 197.0000 95.0000 285.0000 1.4984 1.6270 3.9814 -12.8419 2.0388 15.1909 1.4017 0.9955
Car 0.0000 0.0000 0.0000 664.0000 181.0000 687.0000 201.0000 1.5053 1.6037 3.7832 5.4553 2.1337 59.3708 1.5708 0.9944
Car 0.0000 0.0000 0.0000 -5.0000 187.0000 141.0000 244.0000 1.5164 1.6217 3.9949 -16.2146 1.9354 21.7943 1.5146 0.9860
Car 0.0000 0.0000 0.0000 227.0000 181.0000 265.0000 203.0000 1.5044 1.5938 3.7750 -26.9108 2.0670 53.4919 1.3515 0.9841
Car 0.0000 0.0000 0.0000 275.0000 177.0000 375.0000 212.0000 1.5394 1.6358 3.9627 -13.0053 1.7089 33.0543 0.1168 0.9807
