Car 0.0000 0.0000 0.0000 -384.0000 194.0000 114.0000 385.0000 1.5261 1.6283 3.8374 -7.6847 1.7982 8.0262 1.5608 0.9996
Car 0.0000 0.0000 0.0000 465.0000 178.0000 505.0000 205.0000 1.4999 1.6375 4.0728 -7.3600 1.7665 43.0081 1.5708 0.9995
Car 0.0000 0.0000 0.0000 579.0000 175.0000 599.0000 193.0000 1.6552 1.6799 4.0701 -1.8228 1.7662 68.8513 1.5708 0.9992
Car 0.0000 0.0000 0.0000 471.0000 174.0000 498.0000 193.0000 1.5018 1.5982 3.8245 -10.3313 1.5354 60.1282 1.5569 0.9923
Car 0.0000 0.0000 0.0000 641.0000 158.0000 660.0000 176.0000 1.5611 1.6406 3.8472 3.7061 0.1666 63.7721 1.5708 0.9920
Car 0.0000 0.0000 0.0000 269.0000 194.0000 307.0000 214.0000 1.5017 1.6217 3.8727 -25.5108 3.1176 57.3757 1.4796 0.9856
Car 0.0000 0.0000 0.0000 421.0000 183.0000 455.0000 203.0000 1.4959 1.6059 3.8653 -13.2785 2.2059 56.1387 1.5708 0.9816
Car 0.0000 0.0000 0.0000 495.0000 181.0000 530.0000 205.0000 1.4956 1.6181 4.0203 -6.4375 1.9772 48.4494 1.5708 0.9784
Car 0.0000 0.0000 0.0000 636.0000 181.0000 655.0000 197.0000 1.4888 1.6019 3.9050 3.5412 2.1455 68.4587 -1.4558 0.9654
Car 0.0000 0.0000 0.0000 683.0000 171.0000 704.0000 187.0000 1.5562 1.6732 4.3085 8.5496 1.3094 72.4133 1.5708 0.9648
Car 0.0000 0.0000 0.0000 515.0000 173.0000 535.0000 190.0000 1.5605 1.6799 4.3483 -8.3522 1.5217 72.3779 1.5338 0.9642
Car 0.0000 0.0000 0.0000 333.0000 189.0000 369.0000 209.0000 1.4885 1.6015 3.9225 -20.5797 2.7393 57.5710 1.5379 0.9639
Car 0.0000 0.0000 0.0000 391.0000 174.0000 420.0000 191.0000 1.5563 1.6735 4.3089 -20.3938 1.6195 72.4191 1.5708 0.9636
Car 0.0000 0.0000 0.0000 415.0000 174.0000 443.0000 190.0000 1.5563 1.6735 4.3089 -17.9819 1.5936 72.4187 1.5708 0.9636
Car 0.0000 0.0000 0.0000 838.0000 169.0000 869.0000 186.0000 1.5563 1.6735 4.3089 24.6287 1.1371 72.4103 1.5708 0.9636
Car 0.0000 0.0000 0.0000 784.0000 170.0000 811.0000 186.0000 1.5563 1.6735 4.3089 19.0009 1.1974 72.4114 1.5708 0.9636
Car 0.0000 0.0000 0.0000 267.0000 176.0000 304.0000 192.0000 1.5563 1.6735 4.3089 -32.4534 1.7487 72.4215 1.5708 0.9636
Car 0.0000 0.0000 0.0000 800.0000 170.0000 828.0000 186.0000 1.5563 1.6735 4.3089 20.6088 1.1802 72.4111 1.5708 0.9636
Car 0.0000 0.0000 0.0000 325.0000 175.0000 358.0000 191.0000 1.5563 1.6735 4.3089 -26.8256 1.6884 72.4204 1.5708 0.9636
Car 0.0000 0.0000 0.0000 908.0000 169.0000 943.0000 185.0000 1.5563 1.6735 4.3089 31.8644 1.0596 72.4089 1.5708 0.9636
