Car 0.0000 0.0000 0.0000 636.0000 182.0000 994.0000 374.0000 1.5332 1.6521 3.8465 1.8796 1.6326 7.9121 1.1353 0.9997
Car 0.0000 0.0000 0.0000 388.0000 181.0000 433.0000 222.0000 1.5086 1.6501 4.1600 -8.0253 1.7947 29.1796 1.3166 0.9995
Car 0.0000 0.0000 0.0000 188.0000 186.0000 231.0000 216.0000 1.5225 1.6642 4.1773 -22.0867 2.2034 39.8719 1.1646 0.9994
Car 0.0000 0.0000 0.0000 477.0000 186.0000 613.0000 271.0000 1.5155 1.6376 3.9725 -1.5258 1.7771 15.2389 1.1501 0.9991
Car 0.0000 0.0000 0.0000 -31.0000 197.0000 117.0000 309.0000 1.5399 1.6459 3.9065 -9.7566 1.9935 12.6220 1.0098 0.9991
Car 0.0000 0.0000 0.0000 1047.0000 165.0000 1250.0000 260.0000 1.4959 1.6121 3.8902 9.7446 1.3732 13.4243 -1.3326 0.9970
Car 0.0000 0.0000 0.0000 -330.0000 212.0000 87.0000 442.0000 1.5061 1.5889 3.6449 -6.8434 1.9753 7.2569 1.2074 0.9962
Car 0.0000 0.0000 0.0000 899.0000 162.0000 1062.0000 241.0000 1.5152 1.6395 4.0438 7.9256 1.3030 15.8517 1.5708 0.9953
Car 0.0000 0.0000 0.0000 361.0000 179.0000 407.0000 213.0000 1.5064 1.5968 3.7585 -10.5806 1.7570 34.0242 1.3952 0.9947
Car 0.0000 0.0000 0.0000 348.0000 179.0000 373.0000 198.0000 1.5242 1.6160 3.7260 -20.8470 1.9714 60.5667 1.3221 0.9922
Car 0.0000 0.0000 0.0000 546.0000 174.0000 651.0000 211.0000 1.5447 1.6726 4.2686 -0.4541 1.5612 31.5317 0.2933 0.9892
