Car 0.0000 0.0000 0.0000 576.0000 175.0000 621.0000 218.0000 1.5290 1.6223 3.5582 -0.4203 1.5920 28.0139 1.5542 0.9999
Car 0.0000 0.0000 0.0000 342.0000 187.0000 479.0000 277.0000 1.5097 1.6485 4.1673 -3.8961 1.8103 14.7273 1.5664 0.9990
Car 0.0000 0.0000 0.0000 32.0000 177.0000 188.0000 246.0000 1.5240 1.6142 3.7265 -12.2188 1.6148 17.8965 1.4584 0.9988
Car 0.0000 0.0000 0.0000 -295.0000 196.0000 135.0000 368.0000 1.5079 1.6042 3.7802 -7.7735 1.8288 8.6584 1.5532 0.9985
Car 0.0000 0.0000 0.0000 528.0000 174.0000 555.0000 197.0000 1.4939 1.6030 3.8646 -4.5136 1.4831 49.0019 1.5337 0.9974
Car 0.0000 0.0000 0.0000 432.0000 176.0000 462.0000 196.0000 1.4987 1.6111 3.9885 -12.6467 1.6472 56.4889 1.5128 0.9963
Car 0.0000 0.0000 0.0000 648.0000 170.0000 696.0000 215.0000 1.4906 1.6004 3.9240 2.2799 1.3638 26.0422 -1.4748 0.9953
Car 0.0000 0.0000 0.0000 615.0000 178.0000 633.0000 194.0000 1.4893 1.5876 3.8285 1.4078 1.8592 67.3214 1.5609 0.9931
Car 0.0000 0.0000 0.0000 517.0000 170.0000 554.0000 202.0000 1.5013 1.6156 4.0796 -3.5444 1.3185 35.3041 1.5161 0.9918
Car 0.0000 0.0000 0.0000 607.0000 173.0000 630.0000 194.0000 1.5035 1.5973 3.8710 0.7549 1.4529 53.7336 1.5708 0.9876
Car 0.0000 0.0000 0.0000 314.0000 173.0000 388.0000 219.0000 1.4940 1.5995 3.8992 -9.0425 1.4891 25.4722 1.4694 0.9846
Car 0.0000 0.0000 0.0000 72.0000 172.0000 117.0000 193.0000 1.5284 1.6232 3.9685 -38.9990 1.4072 54.6749 1.2767 0.9812
Car 0.0000 0.0000 0.0000 551.0000 174.0000 578.0000 196.0000 1.5056 1.6101 3.8539 -3.1425 1.5083 51.7131 1.5708 0.9777
Car 0.0000 0.0000 0.0000 -313.0000 144.0000 58.0000 268.0000 1.5121 1.6151 3.9827 -10.6180 1.1595 10.8377 1.5385 0.9740
Car 0.0000 0.0000 0.0000 110.0000 183.0000 143.0000 202.0000 1.5383 1.6773 4.1152 -41.0635 2.3175 61.3800 1.1423 0.9736
Car 0.0000 0.0000 0.0000 553.0000 172.0000 572.0000 189.0000 1.5015 1.6015 3.8994 -4.2212 1.3161 65.7167 1.4813 0.9735
Car 0.0000 0.0000 0.0000 585.0000 173.0000 603.0000 191.0000 1.5102 1.6151 3.9676 -1.3603 1.4716 65.5933 1.5406 0.9684
Car 0.0000 0.0000 0.0000 539.0000 177.0000 569.0000 204.0000 1.4933 1.6031 3.9252 -3.1905 1.6594 41.4017 1.4617 0.9669
Car 0.0000 0.0000 0.0000 615.0000 173.0000 636.0000 191.0000 1.5045 1.6001 3.8930 1.4637 1.4094 62.0850 1.5475 0.9658
Car 0.0000 0.0000 0.0000 660.0000 172.0000 680.0000 188.0000 1.5561 1.6728 4.3060 6.1378 1.3351 72.4178 1.5708 0.9643
