Car 0.0000 0.0000 0.0000 381.0000 183.0000 423.0000 207.0000 1.5107 1.6115 3.7212 -13.5561 2.1215 47.3960 1.5708 0.9996
Car 0.0000 0.0000 0.0000 1022.0000 158.0000 1748.0000 492.0000 1.6560 1.6917 4.2100 5.0767 1.5994 5.7759 -1.4214 0.9992
Car 0.0000 0.0000 0.0000 293.0000 191.0000 335.0000 217.0000 1.4996 1.6100 3.8588 -19.2733 2.6834 47.2511 1.4386 0.9975
Car 0.0000 0.0000 0.0000 817.0000 179.0000 840.0000 199.0000 1.4841 1.5975 3.8498 17.0808 1.8845 56.0580 -1.2930 0.9933
Car 0.0000 0.0000 0.0000 339.0000 190.0000 375.0000 211.0000 1.5075 1.6354 3.9969 -19.5256 2.8153 56.0197 1.5113 0.9900
Car 0.0000 0.0000 0.0000 521.0000 180.0000 552.0000 203.0000 1.4951 1.5975 3.8561 -4.9393 1.9446 49.5935 1.5708 0.9897
Car 0.0000 0.0000 0.0000 694.0000 181.0000 720.0000 200.0000 1.4884 1.6032 3.8623 7.9079 2.0305 57.6006 -1.3176 0.9870
Car 0.0000 0.0000 0.0000 188.0000 196.0000 241.0000 230.0000 1.4957 1.6038 3.8343 -19.4492 2.6153 35.6241 1.2601 0.9863
Car 0.0000 0.0000 0.0000 300.0000 191.0000 352.0000 220.0000 1.4966 1.6056 3.8379 -15.7970 2.4666 40.4137 1.5077 0.9787
Car 0.0000 0.0000 0.0000 783.0000 179.0000 805.0000 198.0000 1.4948 1.6116 3.8767 14.7595 1.8703 57.4958 -1.3418 0.9707
Car 0.0000 0.0000 0.0000 506.0000 184.0000 542.0000 211.0000 1.5021 1.6169 4.0609 -4.9923 2.1087 42.7412 1.5708 0.9686
Car 0.0000 0.0000 0.0000 1022.0000 171.0000 1244.0000 267.0000 1.5084 1.5694 3.5261 9.3645 1.4880 13.2696 1.5708 0.9657
Car 0.0000 0.0000 0.0000 893.0000 177.0000 916.0000 198.0000 1.4829 1.5948 3.8245 22.4136 1.7509 54.5000 -1.1729 0.9655
