Car 0.0000 0.0000 0.0000 274.0000 167.0000 444.0000 224.0000 1.5251 1.6814 4.2659 -7.1085 1.3536 20.6576 0.0481 0.9998
Car 0.0000 0.0000 0.0000 143.0000 189.0000 394.0000 276.0000 1.4914 1.6359 3.9694 -6.3407 1.8006 13.5689 0.0595 0.9998
Car 0.0000 0.0000 0.0000 911.0000 177.0000 1367.0000 316.0000 1.5310 1.6945 4.3242 6.2411 1.5929 8.9298 0.0477 0.9997
Car 0.0000 0.0000 0.0000 408.0000 181.0000 511.0000 217.0000 1.5108 1.6648 4.1939 -6.6023 1.8383 32.0566 0.0349 0.9997
Car 0.0000 0.0000 0.0000 631.0000 191.0000 676.0000 223.0000 1.5138 1.6657 4.1617 2.2683 2.4195 37.6673 1.4771 0.9997
Car 0.0000 0.0000 0.0000 66.0000 192.0000 277.0000 319.0000 1.5165 1.6352 3.9518 -6.5184 1.8404 11.1582 1.3446 0.9992
Car 0.0000 0.0000 0.0000 865.0000 199.0000 1085.0000 317.0000 1.4819 1.6240 3.9702 5.9486 1.9378 11.5787 -0.6683 0.9989
Car 0.0000 0.0000 0.0000 712.0000 187.0000 855.0000 239.0000 1.4805 1.6394 4.0532 5.3883 1.9053 22.4129 0.4559 0.9987
Car 0.0000 0.0000 0.0000 806.0000 183.0000 901.0000 275.0000 1.6623 1.6937 4.2464 5.3078 1.8842 15.6397 -1.2241 0.9984
Car 0.0000 0.0000 0.0000 712.0000 178.0000 840.0000 224.0000 1.4977 1.6328 4.0049 5.5890 1.6410 24.5073 0.0588 0.9981
Car 0.0000 0.0000 0.0000 877.0000 172.0000 2049.0000 779.0000 1.5309 1.6045 3.5985 2.8849 1.5486 3.6693 1.5194 0.9970
Car 0.0000 0.0000 0.0000 433.0000 187.0000 520.0000 219.0000 1.5080 1.6028 3.8144 -6.3387 2.1341 34.5661 0.1514 0.9957
Car 0.0000 0.0000 0.0000 -542.0000 199.0000 125.0000 502.0000 1.4870 1.5819 3.6989 -5.7096 1.7487 5.7725 1.3943 0.9952
Car 0.0000 0.0000 0.0000 263.0000 195.0000 432.0000 259.0000 1.5068 1.5965 3.7429 -6.6334 2.0886 18.3974 0.0690 0.9947
Car 0.0000 0.0000 0.0000 -152.0000 196.0000 240.0000 335.0000 1.4604 1.5938 3.6569 -6.7381 1.7610 8.7288 0.0932 0.9932
Car 0.0000 0.0000 0.0000 503.0000 181.0000 537.0000 206.0000 1.5146 1.6157 3.7704 -5.6773 2.0064 46.5107 1.5708 0.9852
Car 0.0000 0.0000 0.0000 743.0000 196.0000 921.0000 261.0000 1.5488 1.6768 4.3191 5.9339 2.1487 19.3106 0.4867 0.9847
