Car 0.0000 0.0000 0.0000 348.0000 181.0000 404.0000 222.0000 1.5253 1.6172 3.6178 -9.4613 1.8122 29.0512 1.1004 0.9995
Car 0.0000 0.0000 0.0000 608.0000 168.0000 931.0000 340.0000 1.5328 1.6354 3.6667 1.5713 1.4999 8.4184 1.0573 0.9995
Car 0.0000 0.0000 0.0000 -53.0000 197.0000 99.0000 310.0000 1.5867 1.6780 4.0680 -10.3429 2.0520 12.9232 0.9995 0.9995
Car 0.0000 0.0000 0.0000 149.0000 188.0000 195.0000 218.0000 1.5041 1.6376 4.0928 -23.9396 2.2875 39.5581 1.1654 0.9990
Car 0.0000 0.0000 0.0000 312.0000 180.0000 334.0000 199.0000 1.5336 1.6332 3.9156 -23.8207 2.0108 60.0493 1.1897 0.9985
Car 0.0000 0.0000 0.0000 884.0000 169.0000 998.0000 244.0000 1.4865 1.6162 4.0518 7.3728 1.4125 16.3985 -1.3254 0.9983
Car 0.0000 0.0000 0.0000 461.0000 177.0000 577.0000 262.0000 1.5847 1.6292 3.6830 -2.1004 1.6779 15.6315 1.1940 0.9982
Car 0.0000 0.0000 0.0000 -399.0000 215.0000 73.0000 436.0000 1.4814 1.6172 3.9201 -7.5463 2.0265 7.6303 1.2991 0.9963
Car 0.0000 0.0000 0.0000 515.0000 172.0000 619.0000 207.0000 1.5058 1.6772 4.2973 -1.8402 1.4398 32.0053 0.2027 0.9956
Car 0.0000 0.0000 0.0000 1014.0000 165.0000 1169.0000 254.0000 1.5081 1.6180 3.9672 9.3717 1.3768 14.3649 -1.2291 0.9952
Car 0.0000 0.0000 0.0000 328.0000 178.0000 382.0000 212.0000 1.5016 1.5995 3.8089 -11.9601 1.6865 34.0512 1.4600 0.9952
Car 0.0000 0.0000 0.0000 511.0000 165.0000 555.0000 199.0000 1.5751 1.6307 3.9585 -3.7310 1.1732 35.8955 1.5708 0.9844
Car 0.0000 0.0000 0.0000 368.0000 150.0000 403.0000 183.0000 1.6569 1.7003 4.2200 -11.9981 0.4544 38.8133 1.2959 0.9757
Car 0.0000 0.0000 0.0000 444.0000 172.0000 531.0000 202.0000 1.5521 1.6669 4.1891 -6.3502 1.4567 37.7564 0.2522 0.9745
