Car 0.0000 0.0000 0.0000 718.0000 185.0000 877.0000 297.0000 1.5350 1.6099 3.4165 2.8969 1.7445 11.9086 1.5378 0.9999
Car 0.0000 0.0000 0.0000 44.0000 156.0000 410.0000 280.0000 1.6941 1.7580 4.6758 -5.6428 1.4738 10.8760 0.0827 0.9995
Car 0.0000 0.0000 0.0000 313.0000 182.0000 474.0000 243.0000 1.4799 1.6028 3.7894 -5.6735 1.7233 18.9940 0.2522 0.9988
Car 0.0000 0.0000 0.0000 414.0000 161.0000 519.0000 197.0000 1.5576 1.6916 4.3666 -6.4592 0.9921 32.8283 0.0738 0.9985
Car 0.0000 0.0000 0.0000 622.0000 175.0000 650.0000 197.0000 1.4958 1.6060 3.8573 1.8352 1.5544 49.6092 1.5362 0.9971
Car 0.0000 0.0000 0.0000 356.0000 175.0000 473.0000 218.0000 1.6111 1.6620 4.1391 -7.6521 1.6773 28.4543 0.1159 0.9967
Car 0.0000 0.0000 0.0000 708.0000 170.0000 760.0000 201.0000 1.4966 1.6074 3.9010 6.4570 1.3391 37.5902 1.4502 0.9967
Car 0.0000 0.0000 0.0000 -323.0000 180.0000 320.0000 406.0000 1.5748 1.6754 4.2144 -4.9139 1.6497 6.0553 0.0974 0.9931
Car 0.0000 0.0000 0.0000 229.0000 157.0000 389.0000 243.0000 1.5832 1.6197 3.7721 -6.1507 1.2850 15.1609 1.5708 0.9852
Car 0.0000 0.0000 0.0000 501.0000 171.0000 531.0000 196.0000 1.5035 1.5889 3.7556 -5.9321 1.3667 46.1750 1.5292 0.9831
