Car 0.0000 0.0000 0.0000 664.0000 171.0000 720.0000 216.0000 1.5370 1.6466 3.8387 2.9989 1.4524 26.7579 1.5708 0.9998
Car 0.0000 0.0000 0.0000 738.0000 183.0000 902.0000 290.0000 1.5216 1.5999 3.5070 3.3617 1.6882 12.2612 1.5235 0.9997
Car 0.0000 0.0000 0.0000 327.0000 185.0000 443.0000 256.0000 1.5343 1.6445 3.8966 -5.4145 1.8179 17.7851 1.5708 0.9997
Car 0.0000 0.0000 0.0000 697.0000 177.0000 798.0000 247.0000 1.5320 1.6387 3.8535 3.2904 1.6171 17.9388 1.5421 0.9997
Car 0.0000 0.0000 0.0000 -73.0000 198.0000 270.0000 370.0000 1.5202 1.6295 3.7919 -5.8253 1.8744 8.7875 1.5238 0.9997
Car 0.0000 0.0000 0.0000 456.0000 182.0000 508.0000 218.0000 1.5069 1.6216 3.8621 -5.7382 1.8760 32.8421 1.5708 0.9994
Car 0.0000 0.0000 0.0000 660.0000 174.0000 703.0000 210.0000 1.5182 1.5932 3.6149 3.1667 1.5299 32.1358 1.5708 0.9967
Car 0.0000 0.0000 0.0000 1002.0000 185.0000 4538.0000 1720.0000 1.5024 1.5888 3.7625 3.1597 1.5650 2.6328 1.5708 0.9964
Car 0.0000 0.0000 0.0000 -86.0000 186.0000 94.0000 253.0000 1.4766 1.5765 3.6146 -14.5571 1.7937 17.3077 0.2733 0.9873
Car 0.0000 0.0000 0.0000 491.0000 177.0000 533.0000 207.0000 1.4892 1.6054 3.9689 -5.0881 1.6536 38.1653 1.5708 0.9839
