Car 0.0000 0.0000 0.0000 274.0000 188.0000 434.0000 273.0000 1.6176 1.7097 4.4875 -5.6247 1.9740 16.4806 -1.4765 0.9998
Car 0.0000 0.0000 0.0000 -826.0000 216.0000 114.0000 598.0000 1.5209 1.6451 4.0169 -5.8530 1.9400 5.3142 1.5308 0.9996
Car 0.0000 0.0000 0.0000 366.0000 186.0000 464.0000 243.0000 1.4999 1.6392 4.1763 -5.7759 1.8990 21.8699 1.5708 0.9994
Car 0.0000 0.0000 0.0000 800.0000 160.0000 919.0000 201.0000 1.5347 1.6522 4.1484 9.7719 1.0382 28.3319 0.0795 0.9979
Car 0.0000 0.0000 0.0000 419.0000 183.0000 483.0000 228.0000 1.5198 1.6352 4.0466 -5.8243 1.8670 26.9384 1.5354 0.9973
Car 0.0000 0.0000 0.0000 462.0000 186.0000 514.0000 223.0000 1.4946 1.6108 3.9664 -5.3881 2.0824 32.4717 1.5708 0.9967
Car 0.0000 0.0000 0.0000 940.0000 164.0000 997.0000 194.0000 1.5275 1.6264 3.9632 19.8667 1.0324 39.9269 -1.4356 0.9944
Car 0.0000 0.0000 0.0000 976.0000 149.0000 1063.0000 176.0000 1.4911 1.6512 4.1666 24.2405 0.0852 42.5886 0.0420 0.9938
Car 0.0000 0.0000 0.0000 719.0000 173.0000 745.0000 197.0000 1.4976 1.5943 3.7524 8.0670 1.4249 46.9017 -1.3729 0.9929
Car 0.0000 0.0000 0.0000 641.0000 175.0000 661.0000 192.0000 1.5002 1.5948 3.7655 3.8153 1.5746 63.9210 -1.4702 0.9883
Car 0.0000 0.0000 0.0000 496.0000 183.0000 538.0000 212.0000 1.4918 1.5900 3.8400 -5.0142 2.0231 39.8648 1.5708 0.9870
Car 0.0000 0.0000 0.0000 1066.0000 141.0000 1108.0000 174.0000 1.5118 1.6154 3.9819 23.7754 -0.0052 35.8654 -0.9979 0.9866
Car 0.0000 0.0000 0.0000 660.0000 175.0000 699.0000 208.0000 1.5002 1.5820 3.6127 3.3780 1.5457 34.1016 -1.3983 0.9770
