Car 0.0000 0.0000 0.0000 295.0000 163.0000 462.0000 219.0000 1.5510 1.7079 4.4302 -6.8373 1.2758 21.5743 0.0353 0.9997
Car 0.0000 0.0000 0.0000 72.0000 191.0000 366.0000 292.0000 1.5366 1.6534 4.0749 -6.4519 1.8487 12.1028 0.0452 0.9997
Car 0.0000 0.0000 0.0000 -97.0000 183.0000 270.0000 305.0000 1.4651 1.6224 3.8183 -6.9118 1.6130 9.7214 0.0196 0.9997
Car 0.0000 0.0000 0.0000 897.0000 174.0000 1289.0000 296.0000 1.4928 1.6577 4.1453 6.2978 1.5237 9.8155 0.0694 0.9997
Car 0.0000 0.0000 0.0000 418.0000 178.0000 514.0000 212.0000 1.4802 1.6435 4.0417 -6.4788 1.6968 32.8758 0.0232 0.9997
Car 0.0000 0.0000 0.0000 274.0000 193.0000 445.0000 255.0000 1.5257 1.6355 3.9831 -6.6201 2.0815 19.2514 0.0595 0.9995
Car 0.0000 0.0000 0.0000 831.0000 193.0000 1087.0000 289.0000 1.4324 1.5971 3.8112 5.9775 1.7969 12.4991 -0.2133 0.9992
Car 0.0000 0.0000 0.0000 635.0000 180.0000 675.0000 209.0000 1.4982 1.6334 4.0843 2.4021 1.8076 38.7021 1.5067 0.9991
Car 0.0000 0.0000 0.0000 827.0000 183.0000 1678.0000 644.0000 1.5276 1.6290 3.9590 2.7643 1.5992 4.4327 1.5510 0.9988
Car 0.0000 0.0000 0.0000 730.0000 190.0000 890.0000 250.0000 1.5499 1.6626 4.2242 5.6963 2.0170 20.4609 0.3743 0.9984
Car 0.0000 0.0000 0.0000 -243.0000 191.0000 249.0000 381.0000 1.5245 1.6451 4.0280 -5.9292 1.7179 7.1212 0.2279 0.9984
Car 0.0000 0.0000 0.0000 504.0000 177.0000 537.0000 203.0000 1.6272 1.6660 4.0926 -5.7825 1.8467 47.6400 1.5708 0.9976
Car 0.0000 0.0000 0.0000 177.0000 179.0000 396.0000 259.0000 1.5223 1.6004 3.7895 -6.5318 1.6398 14.6716 0.1364 0.9956
Car 0.0000 0.0000 0.0000 421.0000 169.0000 456.0000 193.0000 1.5073 1.6077 3.8568 -11.2322 1.2075 47.6855 1.5188 0.9946
Car 0.0000 0.0000 0.0000 782.0000 194.0000 1004.0000 271.0000 1.5026 1.6422 4.1129 5.8805 1.9605 15.3775 0.1130 0.9943
Car 0.0000 0.0000 0.0000 -1295.0000 198.0000 100.0000 749.0000 1.5013 1.5956 3.8161 -4.9854 1.6982 4.0689 1.5075 0.9916
Car 0.0000 0.0000 0.0000 619.0000 184.0000 646.0000 205.0000 1.5045 1.6135 3.9045 1.8511 2.2415 53.9559 -1.4302 0.9911
Car 0.0000 0.0000 0.0000 714.0000 172.0000 842.0000 218.0000 1.5285 1.6606 4.1348 5.8562 1.4903 25.3643 0.0424 0.9849
Car 0.0000 0.0000 0.0000 787.0000 185.0000 966.0000 250.0000 1.4659 1.6127 3.9238 6.3851 1.7507 17.6452 0.2660 0.9830
