Car 0.0000 0.0000 0.0000 130.0000 194.0000 240.0000 250.0000 1.5141 1.6353 3.8770 -13.4126 2.2107 23.0011 1.4436 0.9995
Car 0.0000 0.0000 0.0000 474.0000 178.0000 514.0000 213.0000 1.5158 1.6178 3.7484 -5.4104 1.7312 33.5548 1.3544 0.9992
Car 0.0000 0.0000 0.0000 1133.0000 159.0000 1313.0000 209.0000 1.5050 1.6447 4.1179 19.3591 1.0669 22.8713 0.1279 0.9986
Car 0.0000 0.0000 0.0000 -846.0000 182.0000 306.0000 763.0000 1.5121 1.6113 3.8512 -3.2160 1.5716 3.8718 1.5205 0.9984
Car 0.0000 0.0000 0.0000 301.0000 182.0000 365.0000 220.0000 1.5335 1.6463 4.2790 -11.9902 1.8859 31.5372 1.4444 0.9952
Car 0.0000 0.0000 0.0000 726.0000 173.0000 751.0000 192.0000 1.4940 1.6001 3.8986 10.3379 1.3974 57.5628 1.5708 0.9940
Car 0.0000 0.0000 0.0000 505.0000 175.0000 527.0000 193.0000 1.5322 1.6170 3.9043 -8.0438 1.6295 62.7396 1.4978 0.9909
Car 0.0000 0.0000 0.0000 595.0000 178.0000 616.0000 197.0000 1.5001 1.6172 3.9898 -0.2613 1.7993 58.1490 1.5549 0.9840
Car 0.0000 0.0000 0.0000 595.0000 172.0000 612.0000 189.0000 1.5054 1.6105 3.8911 -0.4547 1.3586 68.8930 1.5708 0.9742
Car 0.0000 0.0000 0.0000 -45.0000 183.0000 84.0000 230.0000 1.5133 1.6128 3.9458 -21.0800 1.8680 25.9202 1.5084 0.9737
Car 0.0000 0.0000 0.0000 496.0000 176.0000 522.0000 196.0000 1.5013 1.6052 3.9104 -7.8316 1.6495 56.9009 1.5376 0.9658
Car 0.0000 0.0000 0.0000 587.0000 182.0000 621.0000 214.0000 1.5089 1.6099 3.9302 -0.2209 1.9572 37.3985 1.5708 0.9620
Car 0.0000 0.0000 0.0000 521.0000 177.0000 543.0000 193.0000 1.5392 1.6402 3.9601 -7.5724 1.8695 71.6189 1.5708 0.9607
