Car 0.0000 0.0000 0.0000 262.0000 181.0000 444.0000 300.0000 1.5290 1.6263 3.5824 -3.7836 1.6409 11.1602 1.5446 0.9999
Car 0.0000 0.0000 0.0000 446.0000 179.0000 510.0000 235.0000 1.5518 1.6202 3.4282 -3.9269 1.7250 21.9380 1.4813 0.9998
Car 0.0000 0.0000 0.0000 665.0000 179.0000 715.0000 223.0000 1.5147 1.6204 3.7345 2.9160 1.7017 26.6636 1.5708 0.9998
Car 0.0000 0.0000 0.0000 707.0000 181.0000 829.0000 272.0000 1.5242 1.5845 3.3248 2.9142 1.6748 13.9757 1.5630 0.9997
Car 0.0000 0.0000 0.0000 31.0000 181.0000 242.0000 282.0000 1.5283 1.6284 3.7279 -8.2795 1.6634 12.9964 1.4775 0.9996
Car 0.0000 0.0000 0.0000 381.0000 176.0000 446.0000 213.0000 1.4982 1.6181 3.9011 -8.4511 1.5935 31.3251 1.5708 0.9990
Car 0.0000 0.0000 0.0000 586.0000 178.0000 612.0000 201.0000 1.5184 1.6433 4.0812 -0.6746 1.8253 50.9892 1.5708 0.9983
Car 0.0000 0.0000 0.0000 432.0000 180.0000 477.0000 207.0000 1.4978 1.6015 3.7762 -8.7930 1.8350 41.3571 1.5708 0.9983
Car 0.0000 0.0000 0.0000 275.0000 177.0000 370.0000 234.0000 1.5057 1.6097 3.8464 -8.3567 1.6069 21.2372 1.4699 0.9957
Car 0.0000 0.0000 0.0000 612.0000 180.0000 635.0000 197.0000 1.4995 1.6069 3.9246 1.3953 2.0250 64.0178 -1.4392 0.9934
Car 0.0000 0.0000 0.0000 497.0000 176.0000 554.0000 215.0000 1.5028 1.6025 3.8271 -3.4147 1.6024 29.9061 1.5708 0.9923
Car 0.0000 0.0000 0.0000 450.0000 157.0000 477.0000 177.0000 1.6760 1.6692 3.7953 -12.7260 0.2812 63.3046 1.5307 0.9802
Car 0.0000 0.0000 0.0000 630.0000 174.0000 653.0000 196.0000 1.5504 1.6189 3.8532 2.4392 1.5710 53.5144 1.5708 0.9779
Car 0.0000 0.0000 0.0000 576.0000 177.0000 601.0000 196.0000 1.5056 1.6024 3.8566 -1.6417 1.8021 60.2655 -1.4551 0.9749
