Car 0.0000 0.0000 0.0000 581.0000 178.0000 650.0000 241.0000 1.5418 1.6166 3.4068 0.0757 1.6629 19.5860 1.5138 0.9998
Car 0.0000 0.0000 0.0000 438.0000 182.0000 506.0000 233.0000 1.5421 1.6154 3.4371 -4.4655 1.8148 23.7617 1.5629 0.9998
Car 0.0000 0.0000 0.0000 271.0000 184.0000 341.0000 222.0000 1.5170 1.6329 3.7939 -12.9525 1.9542 30.9271 1.5016 0.9997
Car 0.0000 0.0000 0.0000 286.0000 182.0000 452.0000 291.0000 1.5286 1.6549 4.0375 -3.9182 1.6760 12.3520 1.5244 0.9997
Car 0.0000 0.0000 0.0000 134.0000 185.0000 302.0000 270.0000 1.5184 1.6066 3.5630 -8.0624 1.7821 15.1675 1.5708 0.9997
Car 0.0000 0.0000 0.0000 -384.0000 196.0000 103.0000 373.0000 1.5152 1.6457 4.0769 -8.4023 1.8386 8.6768 1.5677 0.9996
Car 0.0000 0.0000 0.0000 418.0000 178.0000 457.0000 209.0000 1.5068 1.6278 3.9178 -8.9096 1.7469 37.6333 1.4205 0.9994
Car 0.0000 0.0000 0.0000 512.0000 179.0000 541.0000 205.0000 1.4992 1.6028 3.8159 -4.9001 1.8137 43.2792 1.4801 0.9956
Car 0.0000 0.0000 0.0000 490.0000 181.0000 534.0000 214.0000 1.4956 1.5942 3.8063 -4.6609 1.8473 35.0974 1.5708 0.9945
Car 0.0000 0.0000 0.0000 638.0000 179.0000 668.0000 205.0000 1.4953 1.6077 3.8627 2.6476 1.7822 42.7231 -1.4691 0.9758
