Car 0.0000 0.0000 0.0000 716.0000 183.0000 844.0000 282.0000 1.5260 1.5837 3.3109 2.8952 1.7079 12.9605 1.5708 0.9998
Car 0.0000 0.0000 0.0000 450.0000 181.0000 511.0000 236.0000 1.5505 1.6117 3.3281 -3.9454 1.7917 22.4469 1.4695 0.9998
Car 0.0000 0.0000 0.0000 274.0000 180.0000 459.0000 295.0000 1.5159 1.6226 3.7328 -3.6497 1.6136 11.4412 1.5708 0.9998
Car 0.0000 0.0000 0.0000 638.0000 179.0000 665.0000 202.0000 1.5211 1.6066 3.5451 2.8656 1.8652 48.9090 1.5708 0.9997
Car 0.0000 0.0000 0.0000 123.0000 184.0000 288.0000 271.0000 1.5327 1.6109 3.5477 -8.1538 1.7614 14.8555 1.5049 0.9995
Car 0.0000 0.0000 0.0000 662.0000 180.0000 723.0000 228.0000 1.5084 1.6205 3.7907 2.7794 1.7297 24.7698 1.5577 0.9995
Car 0.0000 0.0000 0.0000 381.0000 180.0000 443.0000 217.0000 1.4973 1.6285 4.0178 -8.5819 1.7932 31.6724 1.5703 0.9990
Car 0.0000 0.0000 0.0000 433.0000 180.0000 476.0000 207.0000 1.4989 1.6149 3.8731 -8.9258 1.8398 41.9128 1.5708 0.9989
Car 0.0000 0.0000 0.0000 587.0000 179.0000 613.0000 204.0000 1.5551 1.6380 3.8972 -0.5908 1.9208 48.4687 1.5607 0.9989
Car 0.0000 0.0000 0.0000 483.0000 178.0000 537.0000 217.0000 1.5051 1.6224 4.0357 -4.0900 1.6994 30.2160 1.5708 0.9953
