Car 0.0000 0.0000 0.0000 476.0000 177.0000 526.0000 216.0000 1.5054 1.6028 3.6762 -4.4585 1.6570 30.0734 1.5559 0.9990
Car 0.0000 0.0000 0.0000 -976.0000 180.0000 315.0000 803.0000 1.5119 1.6241 3.9539 -3.1765 1.5518 3.7564 1.5523 0.9985
Car 0.0000 0.0000 0.0000 1174.0000 174.0000 1294.0000 208.0000 1.3798 1.5950 3.7187 26.9690 1.4160 31.1662 0.0437 0.9917
Car 0.0000 0.0000 0.0000 506.0000 175.0000 527.0000 193.0000 1.5239 1.6113 3.8644 -8.0170 1.6354 62.7260 1.5020 0.9910
Car 0.0000 0.0000 0.0000 595.0000 178.0000 616.0000 198.0000 1.4990 1.6160 3.9887 -0.2464 1.8369 58.1393 1.5678 0.9867
Car 0.0000 0.0000 0.0000 727.0000 173.0000 751.0000 192.0000 1.4962 1.5989 3.8851 10.3643 1.4249 57.5830 -1.4612 0.9836
Car 0.0000 0.0000 0.0000 495.0000 178.0000 523.0000 198.0000 1.4955 1.6073 3.9496 -7.8076 1.8447 56.8466 1.5708 0.9710
Car 0.0000 0.0000 0.0000 -36.0000 191.0000 41.0000 223.0000 1.5037 1.6006 3.8169 -32.2330 2.4674 38.3544 1.3383 0.9658
Car 0.0000 0.0000 0.0000 82.0000 188.0000 131.0000 212.0000 1.5072 1.6080 3.8424 -33.8314 2.4598 48.5766 1.2765 0.9656
Car 0.0000 0.0000 0.0000 1118.0000 162.0000 1246.0000 197.0000 1.5484 1.7152 4.4259 26.7801 1.0537 33.7596 0.1051 0.9631
