Car 0.0000 0.0000 0.0000 553.0000 182.0000 712.0000 337.0000 1.5338 1.5986 3.3055 0.1346 1.6433 8.9188 1.5327 0.9998
Car 0.0000 0.0000 0.0000 561.0000 168.0000 645.0000 247.0000 1.5018 1.5965 3.6968 -0.0774 1.4155 15.7569 1.5708 0.9985
Car 0.0000 0.0000 0.0000 556.0000 168.0000 616.0000 218.0000 1.5010 1.5699 3.4608 -0.7043 1.3369 23.6587 -1.4823 0.9966
Car 0.0000 0.0000 0.0000 699.0000 162.0000 723.0000 182.0000 1.5096 1.6062 3.8175 8.2056 0.6178 57.3486 -1.3621 0.9964
Car 0.0000 0.0000 0.0000 419.0000 177.0000 452.0000 198.0000 1.4995 1.6118 4.0248 -12.9941 1.7334 54.0967 1.5429 0.9905
Car 0.0000 0.0000 0.0000 508.0000 155.0000 552.0000 197.0000 1.5240 1.6105 3.8429 -3.0725 0.8335 28.2821 1.4828 0.9849
Car 0.0000 0.0000 0.0000 326.0000 181.0000 362.0000 200.0000 1.4997 1.6010 3.9374 -21.9573 2.0614 59.9044 1.5516 0.9804
Car 0.0000 0.0000 0.0000 604.0000 163.0000 637.0000 193.0000 1.5244 1.6268 4.0350 0.6439 0.9748 38.3360 1.5708 0.9756
Car 0.0000 0.0000 0.0000 553.0000 155.0000 579.0000 176.0000 1.5681 1.6355 3.9471 -3.4356 0.1219 58.8003 1.5708 0.9731
Car 0.0000 0.0000 0.0000 501.0000 175.0000 531.0000 196.0000 1.4998 1.6095 3.9082 -7.0336 1.6067 54.6950 1.5708 0.9707
Car 0.0000 0.0000 0.0000 245.0000 186.0000 300.0000 212.0000 1.5013 1.6066 3.9277 -21.1727 2.2885 45.4757 1.5645 0.9643
