Car 0.0000 0.0000 0.0000 518.0000 183.0000 555.0000 218.0000 1.5224 1.6626 3.9849 -3.4682 1.9837 34.7449 1.4846 0.9999
Car 0.0000 0.0000 0.0000 636.0000 178.0000 669.0000 207.0000 1.5223 1.6218 3.6415 2.3772 1.7565 40.1731 1.5708 0.9998
Car 0.0000 0.0000 0.0000 793.0000 200.0000 1503.0000 623.0000 1.5205 1.6263 3.8319 2.6344 1.7614 4.7848 1.4878 0.9997
Car 0.0000 0.0000 0.0000 698.0000 186.0000 918.0000 330.0000 1.5437 1.6249 3.5997 2.4354 1.7368 9.8721 1.4404 0.9996
Car 0.0000 0.0000 0.0000 367.0000 189.0000 503.0000 293.0000 1.5577 1.6363 3.8268 -3.0368 1.8616 13.1958 1.5497 0.9996
Car 0.0000 0.0000 0.0000 544.0000 181.0000 576.0000 202.0000 1.5015 1.6137 3.9004 -3.5993 1.9936 52.8999 1.3077 0.9984
Car 0.0000 0.0000 0.0000 751.0000 114.0000 856.0000 175.0000 1.5476 1.6332 3.8315 5.3860 0.0204 20.5047 1.4795 0.9978
Car 0.0000 0.0000 0.0000 623.0000 177.0000 653.0000 200.0000 1.4997 1.6026 3.8273 2.0414 1.7346 50.7390 1.4783 0.9907
Car 0.0000 0.0000 0.0000 232.0000 209.0000 458.0000 371.0000 1.5065 1.5755 3.5860 -3.1385 2.0368 9.2011 1.5700 0.9866
Car 0.0000 0.0000 0.0000 621.0000 167.0000 651.0000 188.0000 1.5102 1.5839 3.6443 2.0736 1.0256 55.4494 1.4219 0.9859
