Car 0.0000 0.0000 0.0000 228.0000 190.0000 454.0000 266.0000 1.4635 1.6597 4.1560 -5.5971 1.8374 15.2878 0.0031 0.9999
Car 0.0000 0.0000 0.0000 -94.0000 186.0000 309.0000 314.0000 1.4990 1.6757 4.2436 -6.5045 1.6877 9.5818 0.0202 0.9999
Car 0.0000 0.0000 0.0000 679.0000 175.0000 758.0000 230.0000 1.5209 1.6577 4.0711 3.2909 1.5826 22.4124 1.5262 0.9998
Car 0.0000 0.0000 0.0000 713.0000 180.0000 890.0000 301.0000 1.5405 1.6571 3.9507 2.7173 1.6371 11.2045 1.5641 0.9998
Car 0.0000 0.0000 0.0000 652.0000 173.0000 684.0000 200.0000 1.5136 1.6280 3.9062 3.3819 1.4566 41.5844 1.5708 0.9992
Car 0.0000 0.0000 0.0000 -334.0000 189.0000 187.0000 369.0000 1.5434 1.6207 3.8695 -6.6561 1.7229 7.2152 0.0727 0.9983
Car 0.0000 0.0000 0.0000 432.0000 179.0000 531.0000 216.0000 1.5340 1.6267 3.9146 -5.4294 1.7644 30.8859 0.0641 0.9981
Car 0.0000 0.0000 0.0000 306.0000 158.0000 466.0000 216.0000 1.5445 1.6334 3.9927 -6.2681 1.1367 20.3826 0.0878 0.9980
Car 0.0000 0.0000 0.0000 264.0000 178.0000 446.0000 243.0000 1.5270 1.6296 3.9829 -6.3035 1.6565 18.0486 0.0572 0.9945
Car 0.0000 0.0000 0.0000 672.0000 172.0000 726.0000 218.0000 1.5102 1.5958 3.7202 3.1459 1.4584 25.8448 1.5708 0.9906
