Car 0.0000 0.0000 0.0000 738.0000 182.0000 903.0000 287.0000 1.5423 1.6594 3.9749 3.4942 1.7018 12.7624 1.5450 0.9998
Car 0.0000 0.0000 0.0000 495.0000 180.0000 541.0000 215.0000 1.5175 1.6185 3.6542 -4.2407 1.8199 33.9530 1.5708 0.9998
Car 0.0000 0.0000 0.0000 830.0000 182.0000 1167.0000 370.0000 1.5193 1.6110 3.5925 3.7429 1.6223 7.7590 1.5487 0.9997
Car 0.0000 0.0000 0.0000 363.0000 182.0000 473.0000 253.0000 1.5398 1.6620 4.0456 -4.6521 1.7634 18.0397 1.5708 0.9997
Car 0.0000 0.0000 0.0000 -155.0000 201.0000 297.0000 433.0000 1.5140 1.6182 3.7988 -4.6910 1.8398 7.0099 1.5545 0.9997
Car 0.0000 0.0000 0.0000 250.0000 191.0000 426.0000 298.0000 1.5109 1.6236 3.8958 -4.5474 1.8454 12.6204 1.5678 0.9992
Car 0.0000 0.0000 0.0000 717.0000 178.0000 813.0000 246.0000 1.5041 1.5911 3.6087 3.7194 1.6114 17.8202 1.5708 0.9991
Car 0.0000 0.0000 0.0000 1112.0000 148.0000 5932.0000 1961.0000 1.5185 1.6026 3.6443 3.6976 1.5178 2.4631 1.5708 0.9991
Car 0.0000 0.0000 0.0000 687.0000 180.0000 764.0000 232.0000 1.5270 1.6274 3.8310 3.6906 1.7313 23.5430 1.4979 0.9988
Car 0.0000 0.0000 0.0000 948.0000 168.0000 1011.0000 201.0000 1.4977 1.6186 3.9568 17.7192 1.2343 34.5950 -1.3861 0.9979
Car 0.0000 0.0000 0.0000 522.0000 179.0000 563.0000 208.0000 1.4881 1.5932 3.8302 -3.5122 1.7512 38.7792 1.5708 0.9949
Car 0.0000 0.0000 0.0000 692.0000 178.0000 740.0000 218.0000 1.4884 1.5986 3.8386 4.3195 1.6477 28.7299 -1.3411 0.9902
Car 0.0000 0.0000 0.0000 743.0000 171.0000 797.0000 191.0000 1.5488 1.6662 4.1655 13.1145 1.3345 58.6407 0.0989 0.9816
Car 0.0000 0.0000 0.0000 1145.0000 171.0000 1325.0000 221.0000 1.4945 1.6233 3.9752 19.4667 1.4399 22.5747 0.1824 0.9773
Car 0.0000 0.0000 0.0000 687.0000 171.0000 728.0000 205.0000 1.4989 1.5863 3.7464 4.6913 1.3994 34.6265 1.5708 0.9658
