Car 0.0000 0.0000 0.0000 81.0000 198.0000 372.0000 373.0000 1.5303 1.6258 3.5781 -4.2297 1.8696 8.5550 1.5438 0.9999
Car 0.0000 0.0000 0.0000 371.0000 191.0000 472.0000 264.0000 1.5144 1.6262 3.8143 -4.4770 1.9572 17.6019 1.5285 0.9997
Car 0.0000 0.0000 0.0000 469.0000 183.0000 527.0000 225.0000 1.6702 1.7307 4.4358 -4.8600 2.0980 31.9864 1.5708 0.9997
Car 0.0000 0.0000 0.0000 711.0000 180.0000 842.0000 281.0000 1.5346 1.5841 3.2395 2.7476 1.6435 12.5871 1.5708 0.9997
Car 0.0000 0.0000 0.0000 519.0000 183.0000 549.0000 208.0000 1.5071 1.6437 4.0349 -4.8771 2.1461 47.4978 1.5394 0.9996
Car 0.0000 0.0000 0.0000 656.0000 177.0000 712.0000 219.0000 1.5200 1.6312 3.8301 2.8942 1.6509 28.4162 1.5274 0.9995
Car 0.0000 0.0000 0.0000 634.0000 180.0000 653.0000 196.0000 1.5255 1.6283 3.7774 3.3030 2.0644 68.4628 1.5708 0.9994
Car 0.0000 0.0000 0.0000 547.0000 187.0000 573.0000 204.0000 1.5028 1.6223 3.8775 -4.4231 2.6795 66.2734 -1.4443 0.9993
Car 0.0000 0.0000 0.0000 952.0000 143.0000 4534.0000 1757.0000 1.5033 1.5870 3.7096 2.8294 1.4963 2.5332 1.5708 0.9915
Car 0.0000 0.0000 0.0000 684.0000 178.0000 754.0000 202.0000 1.5207 1.6441 4.1165 7.0596 1.7781 46.2010 0.4567 0.9615
