Car 0.0000 0.0000 0.0000 764.0000 183.0000 937.0000 240.0000 1.4587 1.6687 4.1612 6.4470 1.7201 19.5981 0.0490 1.0000
Car 0.0000 0.0000 0.0000 -28.0000 195.0000 351.0000 319.0000 1.4914 1.6876 4.2664 -6.0236 1.8189 9.8858 0.0848 0.9998
Car 0.0000 0.0000 0.0000 699.0000 183.0000 817.0000 269.0000 1.5194 1.5954 3.4785 2.8780 1.7204 14.7197 1.5464 0.9998
Car 0.0000 0.0000 0.0000 -355.0000 185.0000 155.0000 356.0000 1.5090 1.6161 3.8255 -7.0827 1.6527 7.3722 0.0780 0.9996
Car 0.0000 0.0000 0.0000 126.0000 179.0000 425.0000 279.0000 1.5217 1.6752 4.2368 -5.4562 1.6244 12.0079 0.0611 0.9996
Car 0.0000 0.0000 0.0000 470.0000 178.0000 543.0000 204.0000 1.5007 1.6463 4.0574 -6.0692 1.7621 42.7916 0.0564 0.9996
Car 0.0000 0.0000 0.0000 391.0000 168.0000 502.0000 206.0000 1.5707 1.7044 4.4407 -7.0459 1.3355 31.4021 0.0353 0.9995
Car 0.0000 0.0000 0.0000 182.0000 178.0000 417.0000 259.0000 1.5079 1.6362 4.0531 -6.1555 1.6084 14.4818 0.0896 0.9975
Car 0.0000 0.0000 0.0000 331.0000 180.0000 480.0000 235.0000 1.5933 1.6439 4.0429 -6.1717 1.7921 21.9453 0.1426 0.9949
Car 0.0000 0.0000 0.0000 306.0000 179.0000 421.0000 241.0000 1.5149 1.5925 3.6797 -6.7730 1.6584 19.5771 0.8267 0.9948
Car 0.0000 0.0000 0.0000 633.0000 179.0000 669.0000 202.0000 1.5042 1.6050 3.8811 2.7795 1.8224 48.3015 1.4214 0.9866
Car 0.0000 0.0000 0.0000 396.0000 183.0000 499.0000 223.0000 1.4933 1.5999 3.8263 -6.4623 1.8907 28.7910 0.4282 0.9755
Car 0.0000 0.0000 0.0000 681.0000 173.0000 767.0000 207.0000 1.5592 1.6421 4.0549 5.5559 1.5467 35.0818 0.1227 0.9727
Car 0.0000 0.0000 0.0000 263.0000 180.0000 456.0000 250.0000 1.5130 1.6266 3.9090 -5.7384 1.6709 16.7423 0.0731 0.9646
