Car 0.0000 0.0000 0.0000 757.0000 182.0000 1049.0000 360.0000 1.5432 1.6781 4.1140 2.9870 1.6507 8.4205 1.5619 0.9999
Car 0.0000 0.0000 0.0000 398.0000 183.0000 479.0000 246.0000 1.5427 1.6416 3.7421 -4.6399 1.8072 19.9291 1.4818 0.9998
Car 0.0000 0.0000 0.0000 137.0000 182.0000 381.0000 327.0000 1.5250 1.6164 3.5838 -4.3952 1.6515 9.5752 1.5302 0.9997
Car 0.0000 0.0000 0.0000 73.0000 173.0000 250.0000 262.0000 1.5308 1.5883 3.2752 -8.6271 1.5294 14.1536 1.5137 0.9996
Car 0.0000 0.0000 0.0000 -441.0000 191.0000 62.0000 373.0000 1.5247 1.6253 3.8197 -8.5377 1.7534 8.2552 1.5345 0.9992
Car 0.0000 0.0000 0.0000 573.0000 179.0000 614.0000 216.0000 1.5149 1.6359 4.0160 -0.6227 1.7489 31.6930 1.5708 0.9988
Car 0.0000 0.0000 0.0000 426.0000 175.0000 458.0000 203.0000 1.5159 1.6075 3.6886 -9.7435 1.6201 42.1877 1.3932 0.9974
Car 0.0000 0.0000 0.0000 458.0000 180.0000 508.0000 224.0000 1.4955 1.5984 3.8072 -4.5934 1.7084 26.5792 1.4563 0.9972
Car 0.0000 0.0000 0.0000 558.0000 179.0000 591.0000 207.0000 1.4886 1.5924 3.8869 -1.9123 1.7577 40.6773 1.5708 0.9948
Car 0.0000 0.0000 0.0000 371.0000 183.0000 478.0000 221.0000 1.5295 1.6509 4.1145 -7.8518 1.9554 30.7738 0.0359 0.9927
Car 0.0000 0.0000 0.0000 264.0000 169.0000 356.0000 228.0000 1.6173 1.6534 4.1003 -9.0261 1.4995 22.0064 1.4216 0.9604
