Car 0.0000 0.0000 0.0000 726.0000 185.0000 906.0000 311.0000 1.5197 1.6073 3.5697 2.8354 1.7083 10.7465 1.5623 0.9998
Car 0.0000 0.0000 0.0000 -109.0000 180.0000 339.0000 331.0000 1.5080 1.6611 4.1460 -5.5064 1.5979 8.2255 0.1016 0.9996
Car 0.0000 0.0000 0.0000 640.0000 177.0000 670.0000 203.0000 1.5079 1.6291 3.8841 2.7853 1.7197 44.4522 1.5708 0.9996
Car 0.0000 0.0000 0.0000 786.0000 182.0000 1006.0000 254.0000 1.4788 1.6626 4.1644 6.1024 1.6762 15.7704 0.1012 0.9996
Car 0.0000 0.0000 0.0000 363.0000 168.0000 495.0000 213.0000 1.6102 1.7293 4.5778 -6.8196 1.4103 27.4381 0.0430 0.9995
Car 0.0000 0.0000 0.0000 456.0000 176.0000 535.0000 206.0000 1.5062 1.6360 4.0066 -6.0918 1.6577 38.9708 0.0357 0.9993
Car 0.0000 0.0000 0.0000 141.0000 180.0000 419.0000 272.0000 1.5216 1.6758 4.2359 -5.7978 1.6475 12.9001 0.0618 0.9992
Car 0.0000 0.0000 0.0000 188.0000 177.0000 394.0000 251.0000 1.4830 1.6015 3.7628 -6.8184 1.5720 15.5819 0.0492 0.9992
Car 0.0000 0.0000 0.0000 268.0000 176.0000 453.0000 242.0000 1.5575 1.6506 4.0817 -6.1934 1.6270 18.0775 0.1185 0.9990
Car 0.0000 0.0000 0.0000 38.0000 170.0000 363.0000 281.0000 1.4821 1.6314 3.9885 -5.9492 1.4572 10.6324 0.1251 0.9989
Car 0.0000 0.0000 0.0000 -340.0000 207.0000 45.0000 484.0000 1.4155 1.5190 3.3661 -5.6964 1.7462 5.8261 0.9580 0.9975
Car 0.0000 0.0000 0.0000 708.0000 179.0000 770.0000 223.0000 1.5069 1.5938 3.6897 4.7909 1.7137 27.0587 1.5522 0.9955
Car 0.0000 0.0000 0.0000 696.0000 175.0000 796.0000 212.0000 1.5278 1.6505 4.0803 5.8855 1.5947 31.2637 0.0516 0.9930
Car 0.0000 0.0000 0.0000 472.0000 179.0000 544.0000 207.0000 1.5125 1.6007 3.7726 -5.8172 1.8454 41.7293 0.1866 0.9908
Car 0.0000 0.0000 0.0000 307.0000 177.0000 463.0000 232.0000 1.5080 1.6202 3.9400 -6.3884 1.6039 20.6560 0.0733 0.9785
