Car 0.0000 0.0000 0.0000 651.0000 190.0000 683.0000 217.0000 1.5142 1.6464 3.9320 3.4403 2.4892 43.1082 1.5708 0.9997
Car 0.0000 0.0000 0.0000 740.0000 187.0000 961.0000 337.0000 1.5211 1.6484 4.0514 2.8619 1.7220 9.5809 1.5708 0.9997
Car 0.0000 0.0000 0.0000 -282.0000 202.0000 356.0000 569.0000 1.5139 1.6286 3.8586 -3.3132 1.7861 5.1896 1.5385 0.9996
Car 0.0000 0.0000 0.0000 697.0000 186.0000 812.0000 268.0000 1.5013 1.6351 4.0774 2.9669 1.7938 15.6612 1.5640 0.9996
Car 0.0000 0.0000 0.0000 681.0000 186.0000 754.0000 244.0000 1.5195 1.6253 3.8233 3.1163 1.9122 21.5039 1.5708 0.9994
Car 0.0000 0.0000 0.0000 871.0000 184.0000 2100.0000 823.0000 1.5275 1.6207 3.7345 2.8187 1.5986 3.6451 1.5505 0.9993
Car 0.0000 0.0000 0.0000 223.0000 201.0000 450.0000 341.0000 1.5114 1.6370 4.0453 -3.6888 1.9793 10.4692 1.5708 0.9991
Car 0.0000 0.0000 0.0000 437.0000 198.0000 511.0000 260.0000 1.5052 1.6008 3.7131 -3.8011 2.2604 20.6666 1.5146 0.9951
Car 0.0000 0.0000 0.0000 385.0000 196.0000 498.0000 277.0000 1.5220 1.6137 3.7119 -3.6905 2.0702 16.3296 1.5708 0.9931
Car 0.0000 0.0000 0.0000 623.0000 189.0000 649.0000 206.0000 1.5054 1.6290 4.0541 2.6658 2.9737 69.3502 -1.2915 0.9646
