Car 0.0000 0.0000 0.0000 424.0000 179.0000 469.0000 212.0000 1.5162 1.6501 4.2858 -7.9061 1.7689 35.2963 1.4585 0.9972
Car 0.0000 0.0000 0.0000 514.0000 180.0000 536.0000 196.0000 1.4884 1.5962 3.8653 -8.0249 2.0445 69.1975 1.5708 0.9970
Car 0.0000 0.0000 0.0000 581.0000 171.0000 601.0000 187.0000 1.5557 1.6632 3.8597 -1.7271 1.2437 71.3261 1.5708 0.9961
Car 0.0000 0.0000 0.0000 392.0000 184.0000 437.0000 212.0000 1.4993 1.6064 3.9259 -11.0935 2.0684 41.3032 1.5520 0.9944
Car 0.0000 0.0000 0.0000 781.0000 164.0000 803.0000 184.0000 1.5839 1.6489 4.0206 15.1976 0.7995 59.7750 -1.3324 0.9851
Car 0.0000 0.0000 0.0000 508.0000 176.0000 532.0000 193.0000 1.4951 1.6006 3.9501 -7.8158 1.6631 63.6552 1.5704 0.9831
Car 0.0000 0.0000 0.0000 280.0000 198.0000 312.0000 216.0000 1.5131 1.6410 3.9495 -28.3589 3.7306 65.4678 1.4451 0.9824
Car 0.0000 0.0000 0.0000 1053.0000 211.0000 1130.0000 249.0000 1.5163 1.6459 3.9500 22.8241 3.3771 34.1915 -1.3641 0.9812
Car 0.0000 0.0000 0.0000 477.0000 179.0000 518.0000 206.0000 1.4967 1.6164 4.0369 -6.4619 1.8006 42.0152 1.5708 0.9796
Car 0.0000 0.0000 0.0000 626.0000 164.0000 647.0000 184.0000 1.5470 1.6409 4.0864 2.2476 0.7884 58.6235 1.5708 0.9723
Car 0.0000 0.0000 0.0000 1156.0000 189.0000 1359.0000 248.0000 1.5316 1.6409 4.0566 18.0620 1.9924 20.2252 0.0744 0.9686
Car 0.0000 0.0000 0.0000 945.0000 174.0000 5565.0000 2370.0000 1.4967 1.5816 3.8263 2.8307 1.5205 2.4286 1.5411 0.9683
Car 0.0000 0.0000 0.0000 380.0000 178.0000 410.0000 195.0000 1.5012 1.6162 4.0315 -19.1419 1.8629 64.7856 1.5377 0.9656
