Car 0.0000 0.0000 0.0000 567.0000 178.0000 627.0000 236.0000 1.5465 1.6095 3.2975 -0.3866 1.6800 21.1285 1.5547 0.9998
Car 0.0000 0.0000 0.0000 179.0000 181.0000 320.0000 259.0000 1.5459 1.6198 3.4351 -7.8974 1.7041 16.0939 1.4976 0.9998
Car 0.0000 0.0000 0.0000 271.0000 185.0000 470.0000 321.0000 1.5140 1.6484 3.9800 -3.1797 1.6959 10.3078 1.5351 0.9998
Car 0.0000 0.0000 0.0000 314.0000 182.0000 378.0000 216.0000 1.5055 1.6346 3.9603 -12.6506 1.9023 34.8693 1.5708 0.9996
Car 0.0000 0.0000 0.0000 -552.0000 196.0000 320.0000 675.0000 1.5260 1.6132 3.6827 -3.2626 1.7055 4.3079 1.5304 0.9993
Car 0.0000 0.0000 0.0000 503.0000 179.0000 554.0000 220.0000 1.4959 1.6296 4.0715 -3.2129 1.7263 29.2174 1.5598 0.9992
Car 0.0000 0.0000 0.0000 374.0000 179.0000 421.0000 222.0000 1.4989 1.6093 3.9048 -8.2239 1.7190 27.8784 1.2713 0.9984
Car 0.0000 0.0000 0.0000 421.0000 176.0000 506.0000 246.0000 1.5191 1.6125 3.7437 -3.4897 1.5848 17.6767 1.4886 0.9958
Car 0.0000 0.0000 0.0000 605.0000 180.0000 649.0000 222.0000 1.5852 1.6482 4.0703 0.7292 1.8425 29.3199 1.5708 0.9925
Car 0.0000 0.0000 0.0000 188.0000 182.0000 276.0000 231.0000 1.5038 1.5948 3.8122 -12.7639 1.7983 24.5701 1.3902 0.9895
