Car 0.0000 0.0000 0.0000 2.0000 188.0000 340.0000 357.0000 1.5297 1.6464 3.9697 -4.9054 1.7257 8.7470 1.5708 0.9998
Car 0.0000 0.0000 0.0000 433.0000 181.0000 503.0000 229.0000 1.5206 1.6071 3.5185 -4.7933 1.7696 24.7898 1.5708 0.9997
Car 0.0000 0.0000 0.0000 796.0000 181.0000 1057.0000 340.0000 1.5088 1.6116 3.6880 3.4766 1.6029 8.7312 1.5708 0.9995
Car 0.0000 0.0000 0.0000 702.0000 178.0000 794.0000 239.0000 1.5170 1.6420 3.9819 3.7001 1.6281 19.8971 1.5404 0.9994
Car 0.0000 0.0000 0.0000 736.0000 178.0000 876.0000 268.0000 1.5239 1.6243 3.8057 3.7033 1.6184 14.3214 1.5380 0.9993
Car 0.0000 0.0000 0.0000 920.0000 183.0000 1998.0000 705.0000 1.5144 1.5987 3.6163 3.2983 1.5827 3.9607 1.5447 0.9991
Car 0.0000 0.0000 0.0000 -1828.0000 201.0000 82.0000 914.0000 1.5191 1.6379 3.9843 -4.9783 1.7257 3.6910 1.5296 0.9989
Car 0.0000 0.0000 0.0000 694.0000 168.0000 751.0000 215.0000 1.5179 1.6272 3.9031 3.9567 1.3405 25.6344 1.5708 0.9988
Car 0.0000 0.0000 0.0000 466.0000 181.0000 524.0000 222.0000 1.5135 1.6354 4.0775 -4.5747 1.8034 29.2453 1.5708 0.9983
Car 0.0000 0.0000 0.0000 5.0000 179.0000 129.0000 236.0000 1.5075 1.6107 3.8600 -16.0230 1.6703 21.4700 1.3166 0.9930
