Car 0.0000 0.0000 0.0000 568.0000 176.0000 648.0000 253.0000 1.5359 1.6042 3.3965 -0.0014 1.5941 16.2593 1.5708 0.9998
Car 0.0000 0.0000 0.0000 227.0000 184.0000 345.0000 249.0000 1.5214 1.6287 3.6768 -8.4591 1.8115 19.1080 1.5199 0.9998
Car 0.0000 0.0000 0.0000 430.0000 176.0000 505.0000 228.0000 1.5071 1.6292 3.9001 -4.4397 1.5859 23.0124 1.5676 0.9997
Car 0.0000 0.0000 0.0000 50.0000 187.0000 207.0000 251.0000 1.5105 1.6410 3.9754 -12.8760 1.8845 19.5683 1.5657 0.9997
Car 0.0000 0.0000 0.0000 308.0000 184.0000 439.0000 270.0000 1.5322 1.6058 3.4945 -4.7477 1.7683 14.9206 1.5586 0.9997
Car 0.0000 0.0000 0.0000 497.0000 177.0000 542.0000 213.0000 1.5078 1.6415 4.2467 -3.9808 1.6627 32.4117 1.5357 0.9986
Car 0.0000 0.0000 0.0000 139.0000 185.0000 239.0000 229.0000 1.5282 1.6360 3.9939 -16.2329 1.9915 28.0087 1.5439 0.9977
Car 0.0000 0.0000 0.0000 351.0000 173.0000 409.0000 209.0000 1.7771 1.7225 4.2242 -12.2384 1.7719 38.7508 1.5708 0.9976
Car 0.0000 0.0000 0.0000 -257.0000 188.0000 48.0000 293.0000 1.5079 1.6139 3.9204 -12.2842 1.7910 12.7666 1.5403 0.9975
Car 0.0000 0.0000 0.0000 396.0000 180.0000 449.0000 216.0000 1.5014 1.6088 3.8942 -8.3366 1.7993 32.4146 1.5015 0.9893
Car 0.0000 0.0000 0.0000 -132.0000 189.0000 66.0000 257.0000 1.4856 1.5953 3.8386 -16.0619 1.8944 18.2469 1.5708 0.9817
Car 0.0000 0.0000 0.0000 -37.0000 196.0000 48.0000 224.0000 1.5011 1.5861 3.7252 -35.1077 2.8086 41.9680 -1.4423 0.9794
Car 0.0000 0.0000 0.0000 648.0000 178.0000 675.0000 198.0000 1.5011 1.5840 3.6716 4.1965 1.8272 56.6055 -1.3650 0.9678
