Car 0.0000 0.0000 0.0000 -10.0000 179.0000 352.0000 299.0000 1.5194 1.6707 4.1585 -6.0462 1.6169 10.1528 0.0516 0.9999
Car 0.0000 0.0000 0.0000 657.0000 178.0000 718.0000 225.0000 1.5233 1.6063 3.5179 2.6926 1.6697 25.4900 1.5324 0.9998
Car 0.0000 0.0000 0.0000 711.0000 170.0000 872.0000 284.0000 1.5400 1.6014 3.3702 2.7270 1.5120 11.5952 1.5329 0.9996
Car 0.0000 0.0000 0.0000 116.0000 180.0000 392.0000 272.0000 1.4990 1.6545 4.1208 -6.2225 1.6216 12.8319 0.0293 0.9996
Car 0.0000 0.0000 0.0000 173.0000 151.0000 407.0000 231.0000 1.5629 1.6715 4.2217 -6.6549 1.1364 15.2108 0.0578 0.9995
Car 0.0000 0.0000 0.0000 700.0000 172.0000 807.0000 210.0000 1.5484 1.6875 4.3459 6.0716 1.5013 30.6896 0.1041 0.9994
Car 0.0000 0.0000 0.0000 632.0000 173.0000 652.0000 192.0000 1.5068 1.6176 3.8575 2.7052 1.4589 59.1412 1.5708 0.9993
Car 0.0000 0.0000 0.0000 902.0000 181.0000 2808.0000 1156.0000 1.5206 1.6014 3.6159 2.8112 1.5612 2.9894 1.5090 0.9985
Car 0.0000 0.0000 0.0000 307.0000 175.0000 462.0000 231.0000 1.5228 1.6309 3.9805 -6.4663 1.5692 20.8879 0.0545 0.9967
Car 0.0000 0.0000 0.0000 354.0000 175.0000 497.0000 226.0000 1.5433 1.6473 4.0783 -5.7531 1.5900 22.7640 0.0730 0.9953
Car 0.0000 0.0000 0.0000 -372.0000 185.0000 264.0000 411.0000 1.5302 1.6232 3.9090 -5.1898 1.6428 5.8777 0.0880 0.9938
Car 0.0000 0.0000 0.0000 241.0000 171.0000 425.0000 237.0000 1.5585 1.6335 4.0069 -6.8995 1.5178 18.1376 0.0677 0.9929
Car 0.0000 0.0000 0.0000 673.0000 165.0000 700.0000 191.0000 1.6435 1.6647 4.0495 5.0657 1.0918 46.9317 -1.4601 0.9910
Car 0.0000 0.0000 0.0000 458.0000 151.0000 494.0000 179.0000 1.6029 1.6758 4.2460 -7.9759 0.2905 43.4843 1.4877 0.9869
Car 0.0000 0.0000 0.0000 428.0000 176.0000 519.0000 210.0000 1.5025 1.5971 3.7723 -6.1925 1.6142 33.0244 0.2897 0.9823
