Car 0.0000 0.0000 0.0000 352.0000 182.0000 395.0000 209.0000 1.4997 1.6183 3.9998 -13.7387 1.9737 42.2327 1.4654 0.9978
Car 0.0000 0.0000 0.0000 835.0000 173.0000 866.0000 192.0000 1.4962 1.6122 3.9845 19.7882 1.3979 59.0089 -1.4623 0.9967
Car 0.0000 0.0000 0.0000 296.0000 183.0000 349.0000 211.0000 1.4952 1.6101 3.9581 -16.2718 2.0304 41.0787 1.5313 0.9964
Car 0.0000 0.0000 0.0000 1039.0000 170.0000 1081.0000 189.0000 1.4904 1.5921 3.8314 36.0784 1.1767 57.6160 -1.3810 0.9954
Car 0.0000 0.0000 0.0000 783.0000 173.0000 804.0000 190.0000 1.4917 1.5921 3.7603 16.5890 1.3944 64.5458 -1.2553 0.9938
Car 0.0000 0.0000 0.0000 -44.0000 180.0000 69.0000 219.0000 1.4830 1.5722 3.5744 -24.4460 1.7304 29.6233 1.5708 0.9854
Car 0.0000 0.0000 0.0000 801.0000 173.0000 832.0000 198.0000 1.5017 1.6191 4.0160 13.3882 1.4661 46.5079 -1.3679 0.9741
Car 0.0000 0.0000 0.0000 121.0000 188.0000 202.0000 221.0000 1.5024 1.6156 3.9643 -22.1997 2.2338 35.8597 1.5473 0.9720
Car 0.0000 0.0000 0.0000 59.0000 187.0000 159.0000 234.0000 1.4950 1.6066 3.9785 -17.8109 1.9790 25.8311 1.3431 0.9627
Car 0.0000 0.0000 0.0000 591.0000 161.0000 617.0000 183.0000 1.5397 1.6284 3.9628 -0.3063 0.6295 52.9024 1.5708 0.9610
