Car 0.0000 0.0000 0.0000 -116.0000 132.0000 287.0000 261.0000 1.5693 1.7004 4.3873 -7.0168 1.0846 9.8606 0.0561 0.9999
Car 0.0000 0.0000 0.0000 282.0000 180.0000 449.0000 235.0000 1.5381 1.6971 4.3709 -7.1346 1.7245 21.3063 0.0252 0.9999
Car 0.0000 0.0000 0.0000 626.0000 180.0000 687.0000 224.0000 1.5195 1.6525 3.9187 1.7050 1.7668 27.1326 1.4690 0.9998
Car 0.0000 0.0000 0.0000 910.0000 187.0000 1344.0000 324.0000 1.4741 1.6446 4.0646 6.0316 1.6668 8.8053 0.0400 0.9998
Car 0.0000 0.0000 0.0000 775.0000 176.0000 1031.0000 261.0000 1.5210 1.6841 4.2931 5.5616 1.5867 14.0693 0.0181 0.9997
Car 0.0000 0.0000 0.0000 -315.0000 195.0000 216.0000 364.0000 1.5074 1.6520 4.1225 -6.7062 1.7718 7.5988 0.0038 0.9996
Car 0.0000 0.0000 0.0000 344.0000 185.0000 479.0000 234.0000 1.5094 1.6357 3.9899 -6.5137 1.9062 23.9286 0.0617 0.9995
Car 0.0000 0.0000 0.0000 833.0000 181.0000 1041.0000 290.0000 1.4608 1.6069 3.8420 5.3853 1.5924 11.6826 -0.7183 0.9992
Car 0.0000 0.0000 0.0000 617.0000 179.0000 646.0000 206.0000 1.5012 1.6083 3.8162 1.3173 1.7938 42.4170 1.5708 0.9988
Car 0.0000 0.0000 0.0000 1050.0000 173.0000 1792.0000 388.0000 1.4580 1.6214 3.9627 6.2181 1.4776 6.1007 0.2177 0.9985
Car 0.0000 0.0000 0.0000 405.0000 170.0000 500.0000 204.0000 1.5515 1.6570 4.1434 -7.5383 1.3824 34.8130 0.0860 0.9967
Car 0.0000 0.0000 0.0000 385.0000 175.0000 448.0000 215.0000 1.5476 1.6029 3.6325 -7.9097 1.6161 29.7982 1.5708 0.9858
