Car 0.0000 0.0000 0.0000 295.0000 181.0000 468.0000 239.0000 1.5044 1.6816 4.2675 -6.2545 1.7212 20.0045 0.0223 0.9999
Car 0.0000 0.0000 0.0000 806.0000 174.0000 1067.0000 259.0000 1.5424 1.7047 4.3806 6.3015 1.5639 14.2520 0.0061 0.9999
Car 0.0000 0.0000 0.0000 370.0000 176.0000 493.0000 224.0000 1.5421 1.6586 4.0875 -6.1194 1.6172 25.1519 -0.9501 0.9997
Car 0.0000 0.0000 0.0000 142.0000 172.0000 266.0000 278.0000 1.5615 1.6477 4.0517 -7.2602 1.5536 12.7883 1.0344 0.9997
Car 0.0000 0.0000 0.0000 655.0000 157.0000 728.0000 218.0000 1.7880 1.7541 4.4686 2.5733 1.3209 23.5927 1.5493 0.9996
Car 0.0000 0.0000 0.0000 1052.0000 180.0000 1731.0000 374.0000 1.4649 1.6284 4.0293 6.5669 1.5386 6.5687 0.1658 0.9989
Car 0.0000 0.0000 0.0000 533.0000 173.0000 557.0000 200.0000 2.2707 1.9225 5.2650 -5.4183 2.1889 61.9879 1.4945 0.9966
Car 0.0000 0.0000 0.0000 -41.0000 146.0000 319.0000 269.0000 1.5667 1.6576 4.1625 -6.5570 1.2384 10.1900 0.1094 0.9945
Car 0.0000 0.0000 0.0000 -204.0000 178.0000 216.0000 320.0000 1.4661 1.5920 3.7790 -6.9185 1.5299 8.3901 0.1109 0.9910
Car 0.0000 0.0000 0.0000 266.0000 153.0000 354.0000 204.0000 1.7907 1.7108 4.2172 -11.3496 1.0548 27.5798 1.5436 0.9837
Car 0.0000 0.0000 0.0000 634.0000 164.0000 670.0000 202.0000 2.0014 1.7990 4.7083 2.3884 1.5081 40.5472 1.5708 0.9716
