Car 0.0000 0.0000 0.0000 185.0000 186.0000 372.0000 256.0000 1.4677 1.6283 3.9342 -7.9707 1.7937 17.6669 -1.0249 0.9999
Car 0.0000 0.0000 0.0000 706.0000 181.0000 895.0000 248.0000 1.4285 1.6274 3.9489 4.3145 1.6229 16.7563 0.0069 0.9999
Car 0.0000 0.0000 0.0000 -136.0000 187.0000 237.0000 311.0000 1.4945 1.6467 4.0249 -7.5491 1.7088 9.8673 0.0990 0.9998
Car 0.0000 0.0000 0.0000 898.0000 176.0000 1580.0000 439.0000 1.4688 1.6183 3.9282 4.6841 1.5099 6.0385 0.8362 0.9992
Car 0.0000 0.0000 0.0000 466.0000 175.0000 488.0000 196.0000 1.5200 1.6254 3.8190 -10.1931 1.6296 55.5024 1.3738 0.9987
Car 0.0000 0.0000 0.0000 18.0000 183.0000 305.0000 280.0000 1.5321 1.6385 3.9995 -7.6440 1.7137 12.4652 0.0555 0.9984
Car 0.0000 0.0000 0.0000 287.0000 168.0000 418.0000 214.0000 1.5369 1.6368 4.0161 -9.0268 1.3631 25.4221 0.0846 0.9963
Car 0.0000 0.0000 0.0000 -397.0000 188.0000 108.0000 358.0000 1.5155 1.6119 3.8843 -7.7219 1.6962 7.5285 0.0988 0.9947
Car 0.0000 0.0000 0.0000 676.0000 180.0000 820.0000 242.0000 1.4823 1.6117 4.0113 3.8333 1.6776 19.6737 -0.6560 0.9919
Car 0.0000 0.0000 0.0000 252.0000 182.0000 402.0000 234.0000 1.5434 1.6553 4.0917 -8.8983 1.8308 22.8430 0.0577 0.9823
