Car 0.0000 0.0000 0.0000 678.0000 176.0000 749.0000 232.0000 1.5223 1.6173 3.6211 3.0431 1.6097 21.7630 1.5708 0.9999
Car 0.0000 0.0000 0.0000 423.0000 171.0000 521.0000 242.0000 1.5244 1.6233 3.7619 -3.2522 1.4885 17.6332 1.5708 0.9995
Car 0.0000 0.0000 0.0000 169.0000 181.0000 455.0000 348.0000 1.5163 1.6308 3.9153 -3.2063 1.6149 8.5803 1.5708 0.9994
Car 0.0000 0.0000 0.0000 752.0000 190.0000 1074.0000 389.0000 1.5297 1.6277 3.8585 2.8127 1.7342 7.7383 1.5127 0.9991
Car 0.0000 0.0000 0.0000 928.0000 183.0000 5504.0000 2676.0000 1.5089 1.6195 3.8768 2.8268 1.5589 2.4351 1.4978 0.9989
Car 0.0000 0.0000 0.0000 647.0000 169.0000 680.0000 200.0000 1.7138 1.6976 4.1242 3.1595 1.4319 42.2384 1.5708 0.9988
Car 0.0000 0.0000 0.0000 -1881.0000 195.0000 325.0000 1354.0000 1.5245 1.6208 3.8124 -2.8156 1.6630 2.9257 1.5708 0.9987
Car 0.0000 0.0000 0.0000 560.0000 172.0000 586.0000 191.0000 1.4980 1.6068 3.8814 -2.9204 1.3401 59.7303 1.5708 0.9982
Car 0.0000 0.0000 0.0000 484.0000 172.0000 538.0000 221.0000 1.5025 1.6303 4.0534 -3.2368 1.4603 24.2415 1.4753 0.9926
Car 0.0000 0.0000 0.0000 641.0000 167.0000 666.0000 191.0000 1.5036 1.5981 3.7924 2.9560 1.0677 47.3058 1.5708 0.9885
Car 0.0000 0.0000 0.0000 637.0000 156.0000 664.0000 179.0000 1.6429 1.6715 4.0676 3.0676 0.3616 53.5356 1.5410 0.9805
Car 0.0000 0.0000 0.0000 528.0000 177.0000 581.0000 207.0000 1.4674 1.5861 3.7179 -2.7506 1.6099 37.0376 -1.3199 0.9646
