Car 0.0000 0.0000 0.0000 579.0000 177.0000 617.0000 213.0000 1.5316 1.6147 3.4455 -0.5285 1.6788 32.8118 1.5490 0.9998
Car 0.0000 0.0000 0.0000 322.0000 178.0000 436.0000 252.0000 1.5138 1.6340 3.8573 -5.2676 1.6154 16.8843 1.5133 0.9997
Car 0.0000 0.0000 0.0000 90.0000 185.0000 365.0000 344.0000 1.5313 1.6005 3.4517 -4.4317 1.6941 8.8961 1.5571 0.9995
Car 0.0000 0.0000 0.0000 232.0000 179.0000 324.0000 229.0000 1.6571 1.6901 4.2508 -12.1284 1.8619 26.6355 1.4960 0.9983
Car 0.0000 0.0000 0.0000 -483.0000 193.0000 64.0000 381.0000 1.5016 1.6041 3.8727 -8.4296 1.7621 7.9980 1.5708 0.9974
Car 0.0000 0.0000 0.0000 330.0000 180.0000 409.0000 225.0000 1.5102 1.6135 3.8038 -8.6624 1.7247 26.2967 1.5682 0.9972
Car 0.0000 0.0000 0.0000 531.0000 179.0000 557.0000 199.0000 1.4894 1.5901 3.8800 -4.9994 1.9205 56.0886 1.5708 0.9915
Car 0.0000 0.0000 0.0000 437.0000 168.0000 510.0000 226.0000 1.8101 1.7061 4.0156 -4.5484 1.6472 24.6697 1.5708 0.9902
Car 0.0000 0.0000 0.0000 522.0000 176.0000 556.0000 202.0000 1.4962 1.5887 3.7835 -4.2562 1.6474 44.3733 1.5708 0.9815
Car 0.0000 0.0000 0.0000 411.0000 173.0000 465.0000 207.0000 1.7067 1.6954 4.5100 -9.1730 1.6951 38.9909 1.5708 0.9624
Car 0.0000 0.0000 0.0000 458.0000 165.0000 514.0000 217.0000 1.9104 1.7887 4.3934 -4.8380 1.6053 28.7956 1.4971 0.9605
Car 0.0000 0.0000 0.0000 102.0000 182.0000 235.0000 256.0000 1.4948 1.5857 3.7675 -10.0850 1.6881 16.7317 1.3283 0.9604
