Car 0.0000 0.0000 0.0000 585.0000 181.0000 606.0000 200.0000 1.5308 1.6439 3.7820 -1.2011 2.1811 62.7716 1.5079 0.9999
Car 0.0000 0.0000 0.0000 761.0000 180.0000 1021.0000 346.0000 1.5206 1.6262 3.6963 2.9685 1.6063 8.5242 1.5708 0.9998
Car 0.0000 0.0000 0.0000 503.0000 179.0000 530.0000 204.0000 1.5115 1.6579 4.0966 -5.9292 1.8449 46.6893 1.4593 0.9997
Car 0.0000 0.0000 0.0000 220.0000 186.0000 422.0000 316.0000 1.6234 1.7023 4.3158 -4.3542 1.8534 11.5524 1.5210 0.9997
Car 0.0000 0.0000 0.0000 -270.0000 200.0000 288.0000 485.0000 1.5368 1.6270 3.7444 -4.3856 1.8150 6.0675 1.5553 0.9995
Car 0.0000 0.0000 0.0000 612.0000 177.0000 636.0000 199.0000 1.4954 1.6172 3.9612 1.0586 1.7057 50.9074 1.5708 0.9990
Car 0.0000 0.0000 0.0000 707.0000 175.0000 844.0000 263.0000 1.5225 1.6371 3.9898 3.1677 1.5602 14.6030 1.5162 0.9988
Car 0.0000 0.0000 0.0000 630.0000 178.0000 660.0000 203.0000 1.4982 1.6240 4.0563 2.1594 1.7294 44.2512 1.5701 0.9976
Car 0.0000 0.0000 0.0000 660.0000 161.0000 747.0000 231.0000 1.9053 1.7760 4.5690 2.7485 1.5803 22.1355 1.5066 0.9803
Car 0.0000 0.0000 0.0000 493.0000 182.0000 525.0000 204.0000 1.4970 1.5970 3.8049 -7.0992 2.0844 51.6157 1.5708 0.9741
