Car 0.0000 0.0000 0.0000 677.0000 175.0000 772.0000 247.0000 1.5412 1.6491 3.8902 2.6801 1.5962 17.6417 1.5648 0.9998
Car 0.0000 0.0000 0.0000 760.0000 183.0000 1074.0000 383.0000 1.5360 1.6367 3.7713 2.7829 1.6482 7.5567 1.5608 0.9998
Car 0.0000 0.0000 0.0000 411.0000 183.0000 517.0000 268.0000 1.5280 1.6087 3.4546 -2.9521 1.7450 15.1310 1.5450 0.9998
Car 0.0000 0.0000 0.0000 645.0000 176.0000 680.0000 209.0000 1.5157 1.6249 3.7902 2.6147 1.6456 35.9684 1.5708 0.9998
Car 0.0000 0.0000 0.0000 697.0000 181.0000 850.0000 283.0000 1.5339 1.6253 3.6302 2.7320 1.6667 12.8799 1.4876 0.9996
Car 0.0000 0.0000 0.0000 502.0000 181.0000 556.0000 227.0000 1.4994 1.6310 4.0509 -2.8423 1.7718 26.0939 1.5387 0.9994
Car 0.0000 0.0000 0.0000 909.0000 183.0000 3418.0000 1404.0000 1.5105 1.6137 3.8496 2.8113 1.5612 2.8537 1.5416 0.9991
Car 0.0000 0.0000 0.0000 559.0000 176.0000 583.0000 197.0000 1.5096 1.6255 3.9503 -2.7071 1.6434 52.9079 1.5486 0.9989
Car 0.0000 0.0000 0.0000 -2332.0000 199.0000 274.0000 1453.0000 1.5162 1.6182 3.8904 -3.1031 1.6762 2.8873 1.5638 0.9985
Car 0.0000 0.0000 0.0000 670.0000 172.0000 703.0000 200.0000 1.5481 1.6228 3.9652 4.5951 1.4601 43.0569 1.5708 0.9930
