Car 0.0000 0.0000 0.0000 573.0000 183.0000 612.0000 220.0000 1.5262 1.6214 3.6239 -0.8067 1.9513 32.1754 1.5213 0.9997
Car 0.0000 0.0000 0.0000 680.0000 177.0000 816.0000 274.0000 1.5452 1.6025 3.3029 2.3788 1.6113 13.2463 1.4879 0.9997
Car 0.0000 0.0000 0.0000 621.0000 173.0000 699.0000 234.0000 1.5249 1.6227 3.7235 1.3163 1.5349 20.3111 1.4853 0.9997
Car 0.0000 0.0000 0.0000 292.0000 186.0000 401.0000 266.0000 1.5206 1.6207 3.6833 -5.7322 1.8011 16.0346 1.4043 0.9996
Car 0.0000 0.0000 0.0000 850.0000 166.0000 1877.0000 725.0000 1.6603 1.6782 4.0299 2.9295 1.6596 4.1901 1.5484 0.9995
Car 0.0000 0.0000 0.0000 411.0000 193.0000 449.0000 226.0000 1.5108 1.6358 3.8904 -9.1971 2.5411 37.1131 1.3925 0.9992
Car 0.0000 0.0000 0.0000 541.0000 179.0000 578.0000 206.0000 1.4909 1.6053 3.9031 -2.8468 1.8185 42.4125 1.5708 0.9978
Car 0.0000 0.0000 0.0000 526.0000 178.0000 551.0000 197.0000 1.5028 1.5936 3.7320 -5.5747 1.7982 57.5760 1.5591 0.9969
Car 0.0000 0.0000 0.0000 415.0000 196.0000 461.0000 225.0000 1.4981 1.6369 4.0814 -9.9542 2.8415 42.1450 1.5708 0.9866
Car 0.0000 0.0000 0.0000 391.0000 177.0000 425.0000 203.0000 1.6444 1.6692 4.2217 -13.2971 1.8416 47.8085 1.4193 0.9838
Car 0.0000 0.0000 0.0000 644.0000 173.0000 693.0000 209.0000 1.5312 1.6244 3.8928 2.6645 1.5097 33.1531 1.4843 0.9634
