Car 0.0000 0.0000 0.0000 575.0000 180.0000 605.0000 209.0000 1.5332 1.6132 3.4345 -1.1030 1.9063 40.8651 1.5355 0.9998
Car 0.0000 0.0000 0.0000 210.0000 178.0000 298.0000 229.0000 1.5211 1.6325 3.7296 -11.6188 1.6668 23.7335 1.3919 0.9997
Car 0.0000 0.0000 0.0000 94.0000 182.0000 259.0000 268.0000 1.5418 1.6017 3.3871 -8.7380 1.7115 14.8204 1.4808 0.9997
Car 0.0000 0.0000 0.0000 256.0000 184.0000 421.0000 282.0000 1.5208 1.6418 4.0170 -4.9098 1.7406 13.5994 1.5613 0.9996
Car 0.0000 0.0000 0.0000 -418.0000 193.0000 98.0000 385.0000 1.5231 1.6301 3.8805 -7.9174 1.7838 8.0129 1.5659 0.9994
Car 0.0000 0.0000 0.0000 438.0000 158.0000 513.0000 228.0000 2.2820 1.9126 4.8322 -4.7484 1.7818 26.2654 1.5502 0.9994
Car 0.0000 0.0000 0.0000 378.0000 177.0000 440.0000 215.0000 1.5076 1.6060 3.6966 -8.3715 1.6298 30.3375 1.5594 0.9991
Car 0.0000 0.0000 0.0000 498.0000 180.0000 534.0000 210.0000 1.5006 1.6266 4.0289 -4.9248 1.8031 38.4126 1.5138 0.9991
Car 0.0000 0.0000 0.0000 378.0000 193.0000 417.0000 216.0000 1.5115 1.6288 3.8073 -15.4242 2.9669 52.7622 1.5708 0.9983
Car 0.0000 0.0000 0.0000 627.0000 180.0000 663.0000 208.0000 1.5011 1.6184 3.9970 2.0285 1.8761 41.1924 1.5221 0.9947
Car 0.0000 0.0000 0.0000 418.0000 178.0000 459.0000 209.0000 1.4940 1.5904 3.7987 -8.7488 1.7288 37.2472 1.4624 0.9921
Car 0.0000 0.0000 0.0000 576.0000 172.0000 601.0000 193.0000 1.5087 1.5943 3.7793 -1.4741 1.3628 53.8622 1.5708 0.9704
