Car 0.0000 0.0000 0.0000 -107.0000 180.0000 344.0000 322.0000 1.5079 1.6944 4.3231 -5.7153 1.6068 8.6704 0.0256 1.0000
Car 0.0000 0.0000 0.0000 681.0000 177.0000 788.0000 254.0000 1.5538 1.6679 3.9390 2.7170 1.6388 16.6054 1.5437 0.9999
Car 0.0000 0.0000 0.0000 -13.0000 175.0000 300.0000 282.0000 1.5115 1.6203 3.8594 -7.1135 1.5566 11.1607 0.0526 0.9995
Car 0.0000 0.0000 0.0000 135.0000 180.0000 385.0000 265.0000 1.4512 1.6214 3.8581 -6.3763 1.5822 13.3382 0.0365 0.9995
Car 0.0000 0.0000 0.0000 173.0000 174.0000 373.0000 251.0000 1.4833 1.5940 3.6987 -7.3077 1.5012 15.7223 -0.6345 0.9994
Car 0.0000 0.0000 0.0000 633.0000 178.0000 653.0000 196.0000 1.5049 1.6130 3.8159 2.8605 1.8224 60.2141 1.5708 0.9994
Car 0.0000 0.0000 0.0000 307.0000 159.0000 487.0000 220.0000 1.6309 1.7517 4.6503 -6.0714 1.2544 20.8416 0.0525 0.9993
Car 0.0000 0.0000 0.0000 753.0000 179.0000 899.0000 231.0000 1.4762 1.6390 4.0391 6.4289 1.6591 21.8109 0.1604 0.9993
Car 0.0000 0.0000 0.0000 253.0000 182.0000 443.0000 248.0000 1.5421 1.6674 4.1529 -6.4860 1.7725 18.0667 0.0765 0.9989
Car 0.0000 0.0000 0.0000 399.0000 173.0000 505.0000 212.0000 1.4896 1.6078 3.8172 -6.2506 1.4929 28.7659 0.2069 0.9984
Car 0.0000 0.0000 0.0000 672.0000 178.0000 700.0000 205.0000 1.6594 1.6668 3.9869 4.9967 1.9052 46.6741 -1.4724 0.9982
Car 0.0000 0.0000 0.0000 503.0000 172.0000 538.0000 199.0000 1.4948 1.5967 3.8539 -5.0670 1.3957 41.5964 1.5457 0.9952
Car 0.0000 0.0000 0.0000 498.0000 176.0000 539.0000 208.0000 1.4890 1.5932 3.8824 -4.5419 1.6139 36.4168 1.5680 0.9916
Car 0.0000 0.0000 0.0000 420.0000 178.0000 525.0000 217.0000 1.6029 1.6516 4.1030 -5.8267 1.8155 30.8890 0.1510 0.9907
Car 0.0000 0.0000 0.0000 534.0000 176.0000 560.0000 199.0000 1.7301 1.7066 4.3351 -4.6648 1.8635 54.9654 1.5527 0.9878
