Car 0.0000 0.0000 0.0000 671.0000 181.0000 786.0000 256.0000 1.5346 1.6640 3.9958 2.6301 1.7010 16.8985 1.4784 0.9998
Car 0.0000 0.0000 0.0000 174.0000 184.0000 393.0000 261.0000 1.4741 1.6215 3.8627 -6.7342 1.7098 15.0686 0.0434 0.9997
Car 0.0000 0.0000 0.0000 327.0000 184.0000 485.0000 239.0000 1.4866 1.6484 4.0501 -5.7595 1.7924 20.6317 0.0537 0.9997
Car 0.0000 0.0000 0.0000 776.0000 182.0000 1126.0000 390.0000 1.5405 1.6113 3.4651 2.9827 1.6321 7.2087 1.4812 0.9997
Car 0.0000 0.0000 0.0000 661.0000 177.0000 713.0000 220.0000 1.5135 1.6269 3.9051 2.9368 1.6536 27.9470 1.5708 0.9994
Car 0.0000 0.0000 0.0000 -4.0000 189.0000 323.0000 302.0000 1.4478 1.5924 3.7234 -6.3098 1.6909 10.2796 0.0428 0.9993
Car 0.0000 0.0000 0.0000 362.0000 167.0000 489.0000 212.0000 1.5432 1.6586 4.1426 -6.5777 1.3213 26.0183 0.0540 0.9991
Car 0.0000 0.0000 0.0000 642.0000 172.0000 668.0000 196.0000 1.4944 1.6008 3.8142 3.0691 1.4140 47.0501 1.5708 0.9982
Car 0.0000 0.0000 0.0000 478.0000 179.0000 525.0000 212.0000 1.4825 1.6190 4.1862 -5.0512 1.7112 34.2063 1.5708 0.9973
Car 0.0000 0.0000 0.0000 105.0000 182.0000 362.0000 274.0000 1.5024 1.6076 3.8193 -6.6306 1.6647 12.8414 0.1184 0.9967
Car 0.0000 0.0000 0.0000 -307.0000 184.0000 202.0000 374.0000 1.5097 1.6172 3.8750 -6.7532 1.6424 7.9256 -1.3045 0.9960
Car 0.0000 0.0000 0.0000 522.0000 177.0000 559.0000 202.0000 1.4999 1.5925 3.8149 -4.2829 1.7032 45.5884 -1.4726 0.9688
