Car 0.0000 0.0000 0.0000 696.0000 182.0000 825.0000 277.0000 1.5393 1.6196 3.5202 2.6924 1.7089 13.6708 1.5492 0.9998
Car 0.0000 0.0000 0.0000 662.0000 176.0000 718.0000 225.0000 1.5302 1.5953 3.3193 2.6667 1.6279 24.3754 1.5708 0.9998
Car 0.0000 0.0000 0.0000 96.0000 185.0000 389.0000 281.0000 1.4843 1.6562 4.1400 -6.1042 1.6951 12.2069 0.0457 0.9998
Car 0.0000 0.0000 0.0000 238.0000 182.0000 437.0000 250.0000 1.4764 1.6432 4.0511 -6.3032 1.6930 16.9228 0.0155 0.9998
Car 0.0000 0.0000 0.0000 -340.0000 186.0000 166.0000 361.0000 1.4831 1.5996 3.7153 -6.7513 1.6307 7.1468 0.1004 0.9990
Car 0.0000 0.0000 0.0000 336.0000 183.0000 478.0000 235.0000 1.4963 1.6153 3.8677 -6.1527 1.7972 22.0664 0.0512 0.9974
Car 0.0000 0.0000 0.0000 374.0000 181.0000 500.0000 229.0000 1.5431 1.6241 3.8908 -5.8851 1.8223 24.7302 0.1442 0.9916
Car 0.0000 0.0000 0.0000 -4742.0000 -1976.0000 1407.0000 550.0000 1.4978 1.5998 3.9137 3.0102 1.6647 1.3410 1.4970 0.9900
Car 0.0000 0.0000 0.0000 450.0000 163.0000 528.0000 191.0000 1.5999 1.6850 4.3352 -7.2110 0.9688 43.4504 0.1198 0.9811
Car 0.0000 0.0000 0.0000 644.0000 174.0000 693.0000 213.0000 1.4966 1.5769 3.6971 2.4359 1.5234 30.2245 1.5350 0.9739
