Car 0.0000 0.0000 0.0000 659.0000 163.0000 752.0000 230.0000 1.5342 1.6478 3.8956 2.3666 1.3034 18.7445 1.5094 0.9997
Car 0.0000 0.0000 0.0000 519.0000 174.0000 562.0000 210.0000 1.5065 1.6295 3.8962 -3.0452 1.5382 32.5086 1.5601 0.9996
Car 0.0000 0.0000 0.0000 212.0000 183.0000 446.0000 334.0000 1.4992 1.6329 4.1397 -3.3748 1.6411 9.4477 1.5207 0.9994
Car 0.0000 0.0000 0.0000 638.0000 175.0000 686.0000 212.0000 1.5168 1.6405 3.9867 2.2356 1.5691 31.4154 1.5382 0.9993
Car 0.0000 0.0000 0.0000 -209.0000 174.0000 428.0000 527.0000 1.5182 1.6407 4.0807 -2.7492 1.5428 5.1663 1.5708 0.9992
Car 0.0000 0.0000 0.0000 841.0000 183.0000 3260.0000 1485.0000 1.4995 1.6222 3.9708 2.4052 1.5541 2.8599 1.5340 0.9986
Car 0.0000 0.0000 0.0000 462.0000 166.0000 488.0000 185.0000 1.6113 1.6661 4.1091 -11.9507 0.9259 64.7622 1.5495 0.9952
Car 0.0000 0.0000 0.0000 622.0000 171.0000 648.0000 195.0000 1.4962 1.5798 3.6614 1.7836 1.3266 47.9251 1.5708 0.9937
Car 0.0000 0.0000 0.0000 626.0000 171.0000 659.0000 202.0000 1.4993 1.6035 3.8707 1.7534 1.3883 37.3273 1.5708 0.9913
Car 0.0000 0.0000 0.0000 545.0000 175.0000 572.0000 200.0000 1.5034 1.6063 3.8435 -3.2021 1.6101 46.3432 1.5197 0.9833
Car 0.0000 0.0000 0.0000 499.0000 162.0000 523.0000 181.0000 1.6721 1.6891 4.2202 -8.7530 0.6053 64.7724 1.5372 0.9794
