Car 0.0000 0.0000 0.0000 559.0000 177.0000 629.0000 240.0000 1.5515 1.6133 3.2794 -0.3457 1.6358 19.3881 1.5708 0.9999
Car 0.0000 0.0000 0.0000 272.0000 178.0000 375.0000 238.0000 1.5198 1.6146 3.5931 -7.9036 1.6484 20.1788 1.5151 0.9997
Car 0.0000 0.0000 0.0000 414.0000 181.0000 506.0000 255.0000 1.5038 1.6442 4.0691 -3.4427 1.6875 17.0898 1.4895 0.9996
Car 0.0000 0.0000 0.0000 397.0000 174.0000 452.0000 210.0000 1.5090 1.6283 3.8475 -8.2010 1.5326 32.2971 1.5230 0.9995
Car 0.0000 0.0000 0.0000 257.0000 183.0000 457.0000 317.0000 1.5166 1.6429 4.1022 -3.3837 1.6600 10.3820 1.5181 0.9994
Car 0.0000 0.0000 0.0000 -6284.0000 -855.0000 283.0000 2789.0000 2.1094 1.8142 4.4212 -3.1307 1.5045 2.6325 1.5560 0.9978
Car 0.0000 0.0000 0.0000 249.0000 179.0000 316.0000 221.0000 1.5102 1.6070 3.7211 -12.7937 1.7238 28.4045 1.3703 0.9972
Car 0.0000 0.0000 0.0000 348.0000 178.0000 391.0000 208.0000 1.5078 1.6142 3.8621 -12.8687 1.7354 38.8419 1.4159 0.9962
Car 0.0000 0.0000 0.0000 517.0000 175.0000 554.0000 209.0000 1.4983 1.6043 3.8685 -3.4423 1.5675 33.7393 1.4646 0.9942
Car 0.0000 0.0000 0.0000 469.0000 176.0000 529.0000 226.0000 1.5315 1.6329 3.9849 -3.6220 1.6056 24.1089 1.5031 0.9927
Car 0.0000 0.0000 0.0000 64.0000 201.0000 310.0000 337.0000 1.5077 1.6019 3.7315 -5.9340 1.9764 10.6129 1.5155 0.9890
Car 0.0000 0.0000 0.0000 456.0000 174.0000 487.0000 199.0000 1.5094 1.5964 3.7546 -8.6366 1.5031 45.4195 1.4641 0.9760
