Car 0.0000 0.0000 0.0000 704.0000 183.0000 898.0000 313.0000 1.5811 1.6802 4.0480 2.6312 1.7291 10.9942 1.5188 0.9999
Car 0.0000 0.0000 0.0000 418.0000 176.0000 527.0000 215.0000 1.5142 1.6615 4.1147 -5.6016 1.6199 29.6590 0.0712 0.9998
Car 0.0000 0.0000 0.0000 164.0000 136.0000 426.0000 223.0000 1.6299 1.7446 4.6591 -6.3796 0.9352 14.8561 0.0490 0.9997
Car 0.0000 0.0000 0.0000 -15.0000 177.0000 156.0000 314.0000 1.5104 1.6175 3.8316 -7.3724 1.5696 10.0237 0.9809 0.9997
Car 0.0000 0.0000 0.0000 677.0000 180.0000 758.0000 209.0000 1.5332 1.6785 4.2601 5.9841 1.8979 40.0477 0.0104 0.9996
Car 0.0000 0.0000 0.0000 -287.0000 190.0000 213.0000 354.0000 1.5028 1.6216 3.9221 -6.6151 1.7057 7.5903 0.0456 0.9987
Car 0.0000 0.0000 0.0000 527.0000 180.0000 554.0000 203.0000 1.4943 1.6069 3.8830 -4.6184 1.9022 49.2203 1.5421 0.9982
Car 0.0000 0.0000 0.0000 347.0000 176.0000 478.0000 226.0000 1.5056 1.6091 3.7616 -6.2980 1.6013 23.0934 0.2924 0.9981
Car 0.0000 0.0000 0.0000 721.0000 180.0000 833.0000 220.0000 1.5082 1.6542 4.1636 6.5365 1.7632 28.3996 0.1475 0.9980
Car 0.0000 0.0000 0.0000 379.0000 178.0000 504.0000 224.0000 1.5437 1.6333 3.9347 -5.8248 1.6974 25.1871 0.0780 0.9979
Car 0.0000 0.0000 0.0000 806.0000 179.0000 1015.0000 251.0000 1.4863 1.6361 4.0264 6.5555 1.6206 16.1023 0.1702 0.9978
Car 0.0000 0.0000 0.0000 633.0000 175.0000 660.0000 196.0000 1.4950 1.5857 3.6558 2.9062 1.5802 54.3596 -1.3993 0.9976
Car 0.0000 0.0000 0.0000 149.0000 182.0000 411.0000 274.0000 1.4874 1.6282 3.8951 -5.7300 1.6447 12.7558 0.0335 0.9951
Car 0.0000 0.0000 0.0000 706.0000 176.0000 806.0000 214.0000 1.4957 1.6027 3.8430 6.2060 1.6078 30.4918 -0.2747 0.9872
