Car 0.0000 0.0000 0.0000 326.0000 186.0000 472.0000 283.0000 1.5189 1.6281 3.7114 -3.7719 1.7721 13.4673 1.5708 0.9998
Car 0.0000 0.0000 0.0000 160.0000 194.0000 252.0000 236.0000 1.5149 1.6589 4.0542 -16.4005 2.3827 29.4901 1.5176 0.9998
Car 0.0000 0.0000 0.0000 449.0000 182.0000 494.0000 214.0000 1.5176 1.6235 3.7094 -6.9192 1.9210 36.4369 1.5475 0.9997
Car 0.0000 0.0000 0.0000 546.0000 179.0000 572.0000 204.0000 1.5118 1.6313 3.8815 -3.2207 1.8526 46.9618 1.5221 0.9997
Car 0.0000 0.0000 0.0000 -40.0000 195.0000 149.0000 272.0000 1.5424 1.6541 3.9500 -13.0928 2.0867 17.2833 1.5243 0.9996
Car 0.0000 0.0000 0.0000 382.0000 188.0000 419.0000 208.0000 1.4958 1.6494 4.2516 -17.4594 2.7493 60.5845 1.5708 0.9994
Car 0.0000 0.0000 0.0000 494.0000 192.0000 529.0000 218.0000 1.4980 1.6188 3.9717 -6.1526 2.6831 45.8951 1.5708 0.9969
Car 0.0000 0.0000 0.0000 941.0000 197.0000 989.0000 221.0000 1.4946 1.6367 4.0427 24.7517 3.1796 50.1563 -1.4735 0.9965
Car 0.0000 0.0000 0.0000 572.0000 169.0000 596.0000 198.0000 2.3984 1.9200 5.0967 -2.0766 2.0090 62.1959 1.5597 0.9947
Car 0.0000 0.0000 0.0000 119.0000 198.0000 174.0000 222.0000 1.4987 1.6135 3.8641 -31.2343 3.1547 48.7713 1.4441 0.9941
Car 0.0000 0.0000 0.0000 942.0000 191.0000 983.0000 212.0000 1.4837 1.6214 3.9681 27.0151 2.7942 55.0665 -1.4254 0.9897
Car 0.0000 0.0000 0.0000 470.0000 166.0000 497.0000 184.0000 1.5333 1.6229 3.9537 -11.0344 0.8595 63.8287 1.5708 0.9890
Car 0.0000 0.0000 0.0000 126.0000 200.0000 197.0000 236.0000 1.5018 1.6194 3.9044 -21.7612 2.8533 35.1362 1.3879 0.9874
Car 0.0000 0.0000 0.0000 12.0000 175.0000 82.0000 210.0000 1.4918 1.5858 3.7722 -25.8125 1.5496 33.1614 1.1779 0.9853
Car 0.0000 0.0000 0.0000 749.0000 190.0000 787.0000 217.0000 1.5004 1.6077 3.8847 9.7539 2.5278 44.3466 1.5708 0.9852
Car 0.0000 0.0000 0.0000 59.0000 189.0000 153.0000 227.0000 1.4937 1.6276 4.0397 -22.1738 2.1885 31.9030 1.4848 0.9848
Car 0.0000 0.0000 0.0000 868.0000 195.0000 908.0000 221.0000 1.4856 1.6180 3.9670 17.7908 2.8788 46.0481 -1.4026 0.9681
