Car 0.0000 0.0000 0.0000 288.0000 186.0000 459.0000 242.0000 1.4448 1.6706 4.1759 -6.4266 1.7915 19.8715 0.0072 1.0000
Car 0.0000 0.0000 0.0000 796.0000 185.0000 1112.0000 287.0000 1.5050 1.7169 4.4200 5.5153 1.7251 11.9733 0.0025 0.9999
Car 0.0000 0.0000 0.0000 641.0000 177.0000 701.0000 222.0000 1.5152 1.6357 3.8381 2.1907 1.6259 26.4644 1.5150 0.9998
Car 0.0000 0.0000 0.0000 -426.0000 166.0000 216.0000 366.0000 1.5971 1.7021 4.4027 -6.3714 1.5643 6.7146 0.0330 0.9997
Car 0.0000 0.0000 0.0000 81.0000 188.0000 356.0000 287.0000 1.4582 1.5887 3.6865 -6.3120 1.7183 11.7694 0.0915 0.9996
Car 0.0000 0.0000 0.0000 548.0000 177.0000 574.0000 200.0000 1.5052 1.6270 3.9093 -3.3235 1.7554 50.5270 1.5523 0.9995
Car 0.0000 0.0000 0.0000 619.0000 175.0000 646.0000 196.0000 1.5033 1.6404 4.0372 1.7813 1.5667 54.1678 1.5172 0.9994
Car 0.0000 0.0000 0.0000 637.0000 176.0000 673.0000 209.0000 1.5042 1.6372 4.1496 2.2228 1.6082 35.3891 1.5708 0.9972
Car 0.0000 0.0000 0.0000 515.0000 185.0000 547.0000 211.0000 1.4987 1.6179 3.9711 -4.8361 2.2112 45.0910 1.5692 0.9970
Car 0.0000 0.0000 0.0000 -102.0000 182.0000 278.0000 315.0000 1.5098 1.6236 3.9274 -6.6110 1.6412 9.2721 0.1261 0.9965
Car 0.0000 0.0000 0.0000 518.0000 168.0000 546.0000 190.0000 1.7555 1.7319 4.4007 -6.2348 1.2898 58.7770 1.5708 0.9959
Car 0.0000 0.0000 0.0000 452.0000 179.0000 534.0000 210.0000 1.5229 1.6283 3.9786 -6.0385 1.8261 37.7822 0.0543 0.9945
Car 0.0000 0.0000 0.0000 489.0000 172.0000 523.0000 199.0000 1.5622 1.6279 4.0736 -6.1994 1.4529 42.9018 1.3382 0.9888
