Car 0.0000 0.0000 0.0000 655.0000 181.0000 738.0000 241.0000 1.5256 1.6233 3.6163 2.3655 1.7295 20.4717 1.4940 0.9999
Car 0.0000 0.0000 0.0000 -328.0000 186.0000 252.0000 372.0000 1.5210 1.6600 4.1447 -5.9569 1.6693 6.9047 0.0301 0.9998
Car 0.0000 0.0000 0.0000 721.0000 185.0000 901.0000 305.0000 1.5195 1.5878 3.4365 2.8625 1.7064 11.0714 1.5060 0.9996
Car 0.0000 0.0000 0.0000 634.0000 178.0000 659.0000 200.0000 1.5119 1.6144 3.7312 2.6163 1.7907 50.8070 1.5708 0.9995
Car 0.0000 0.0000 0.0000 253.0000 188.0000 436.0000 251.0000 1.4843 1.6429 4.0739 -6.7011 1.8836 18.4288 0.0396 0.9995
Car 0.0000 0.0000 0.0000 153.0000 195.0000 377.0000 277.0000 1.4336 1.5786 3.6454 -6.5992 1.8619 13.8941 0.1513 0.9994
Car 0.0000 0.0000 0.0000 389.0000 172.0000 497.0000 210.0000 1.5040 1.6335 4.0059 -6.7878 1.4415 29.5974 0.0473 0.9991
Car 0.0000 0.0000 0.0000 365.0000 188.0000 496.0000 236.0000 1.5302 1.6367 3.9943 -6.0208 2.0348 24.4133 0.0649 0.9987
Car 0.0000 0.0000 0.0000 -62.0000 193.0000 313.0000 321.0000 1.4827 1.6204 3.9163 -6.2236 1.7641 9.4521 0.0580 0.9986
Car 0.0000 0.0000 0.0000 202.0000 186.0000 401.0000 256.0000 1.4554 1.5971 3.7645 -6.8139 1.7414 16.0842 0.0526 0.9986
Car 0.0000 0.0000 0.0000 426.0000 178.0000 519.0000 212.0000 1.5518 1.6557 4.1048 -6.5347 1.7537 34.5998 0.0736 0.9979
Car 0.0000 0.0000 0.0000 649.0000 176.0000 689.0000 213.0000 1.5095 1.6270 3.9844 2.6027 1.6185 31.3986 1.5708 0.9975
Car 0.0000 0.0000 0.0000 482.0000 180.0000 525.0000 211.0000 1.5073 1.6202 4.0096 -5.4736 1.8260 37.8329 1.5708 0.9734
Car 0.0000 0.0000 0.0000 393.0000 170.0000 442.0000 202.0000 1.5096 1.5879 3.7156 -9.4806 1.3181 35.9502 1.5316 0.9620
