Car 0.0000 0.0000 0.0000 418.0000 189.0000 495.0000 233.0000 1.5102 1.6372 3.9381 -5.6823 2.0981 27.2636 -1.4423 0.9998
Car 0.0000 0.0000 0.0000 337.0000 189.0000 440.0000 254.0000 1.5270 1.6768 4.3412 -5.9635 1.9836 19.9155 1.5290 0.9998
Car 0.0000 0.0000 0.0000 901.0000 135.0000 1143.0000 212.0000 1.5679 1.6929 4.3135 8.9027 0.7787 15.8140 0.0255 0.9997
Car 0.0000 0.0000 0.0000 -62.0000 196.0000 277.0000 358.0000 1.5271 1.6425 3.8963 -6.0048 1.8641 9.2031 1.5627 0.9996
Car 0.0000 0.0000 0.0000 194.0000 197.0000 372.0000 296.0000 1.5166 1.6291 3.9233 -6.0697 2.0203 13.8624 1.5708 0.9994
Car 0.0000 0.0000 0.0000 679.0000 171.0000 753.0000 226.0000 1.4963 1.6366 4.1926 3.1288 1.4306 21.8819 1.5708 0.9993
Car 0.0000 0.0000 0.0000 665.0000 175.0000 718.0000 219.0000 1.5271 1.6244 3.8084 3.0177 1.5759 27.1426 1.5708 0.9992
Car 0.0000 0.0000 0.0000 890.0000 144.0000 1100.0000 210.0000 1.5409 1.6846 4.3616 9.6370 0.8529 18.2602 0.0472 0.9971
Car 0.0000 0.0000 0.0000 810.0000 158.0000 891.0000 210.0000 1.5307 1.6270 4.0076 7.8143 1.0801 23.6667 -1.4809 0.9941
Car 0.0000 0.0000 0.0000 777.0000 144.0000 848.0000 186.0000 1.6178 1.6765 4.1549 8.2973 0.4712 29.6969 1.5524 0.9918
Car 0.0000 0.0000 0.0000 523.0000 181.0000 548.0000 200.0000 1.5055 1.6054 3.8670 -5.7947 2.0489 57.5682 1.5626 0.9918
Car 0.0000 0.0000 0.0000 1059.0000 144.0000 1181.0000 189.0000 1.5809 1.6380 3.9844 19.3302 0.5287 27.4662 1.5152 0.9728
