Car 0.0000 0.0000 0.0000 959.0000 180.0000 1474.0000 331.0000 1.4705 1.6650 4.1759 6.3494 1.5561 7.9655 0.0546 0.9999
Car 0.0000 0.0000 0.0000 264.0000 172.0000 446.0000 233.0000 1.5338 1.6989 4.3587 -6.8546 1.5178 19.6162 0.0292 0.9999
Car 0.0000 0.0000 0.0000 632.0000 182.0000 674.0000 215.0000 1.5179 1.6425 3.8736 2.1808 1.9513 36.5104 1.5167 0.9998
Car 0.0000 0.0000 0.0000 -34.0000 193.0000 322.0000 313.0000 1.5213 1.6569 4.0764 -6.4835 1.8233 10.2294 0.0575 0.9998
Car 0.0000 0.0000 0.0000 403.0000 181.0000 504.0000 217.0000 1.4764 1.6292 3.9534 -6.6737 1.8073 31.1101 0.0657 0.9996
Car 0.0000 0.0000 0.0000 273.0000 197.0000 385.0000 273.0000 1.5095 1.6283 3.9103 -6.8112 2.0956 17.1934 0.9659 0.9994
Car 0.0000 0.0000 0.0000 116.0000 192.0000 372.0000 286.0000 1.4914 1.6159 3.7905 -6.3926 1.8490 12.7292 0.1328 0.9993
Car 0.0000 0.0000 0.0000 919.0000 192.0000 1186.0000 322.0000 1.4773 1.6387 4.1319 6.1667 1.7886 10.7076 1.5708 0.9993
Car 0.0000 0.0000 0.0000 724.0000 193.0000 869.0000 246.0000 1.4447 1.6096 3.8850 5.4271 2.0456 21.2752 0.0825 0.9991
Car 0.0000 0.0000 0.0000 795.0000 199.0000 902.0000 272.0000 1.5370 1.6731 4.2887 5.9801 2.2369 18.5021 -1.4735 0.9986
Car 0.0000 0.0000 0.0000 -196.0000 198.0000 219.0000 356.0000 1.4592 1.5548 3.4365 -6.3992 1.7522 7.8334 0.1261 0.9980
Car 0.0000 0.0000 0.0000 929.0000 173.0000 4492.0000 1922.0000 1.5073 1.6149 3.8784 2.8798 1.5309 2.6036 1.5171 0.9975
Car 0.0000 0.0000 0.0000 822.0000 184.0000 941.0000 278.0000 1.5964 1.6635 4.1326 5.3567 1.8313 14.7022 -1.3522 0.9965
Car 0.0000 0.0000 0.0000 429.0000 186.0000 522.0000 221.0000 1.5595 1.6202 3.9276 -6.1979 2.1504 33.6282 0.1283 0.9960
Car 0.0000 0.0000 0.0000 711.0000 181.0000 849.0000 230.0000 1.5221 1.6593 4.1519 5.4685 1.7701 23.4776 0.0810 0.9945
Car 0.0000 0.0000 0.0000 -953.0000 225.0000 115.0000 708.0000 1.5104 1.5808 3.7137 -5.6571 1.9724 4.6509 -1.1756 0.9943
Car 0.0000 0.0000 0.0000 500.0000 179.0000 534.0000 205.0000 1.5595 1.6418 4.0033 -5.7870 1.9070 45.7275 1.5708 0.9935
Car 0.0000 0.0000 0.0000 409.0000 174.0000 449.0000 199.0000 1.5105 1.5977 3.7412 -11.3746 1.5226 45.7802 1.5617 0.9806
