Car 0.0000 0.0000 0.0000 592.0000 178.0000 668.0000 251.0000 1.5454 1.6064 3.2408 0.3881 1.6462 16.9838 1.5551 0.9999
Car 0.0000 0.0000 0.0000 156.0000 179.0000 270.0000 233.0000 1.5164 1.6354 3.8381 -12.3534 1.6957 22.6810 1.5210 0.9997
Car 0.0000 0.0000 0.0000 302.0000 177.0000 447.0000 270.0000 1.5260 1.6236 3.7377 -4.3749 1.6055 13.8862 1.5554 0.9996
Car 0.0000 0.0000 0.0000 -414.0000 200.0000 253.0000 522.0000 1.5150 1.6140 3.7824 -4.5254 1.7840 5.5872 1.5480 0.9995
Car 0.0000 0.0000 0.0000 276.0000 168.0000 358.0000 211.0000 1.6338 1.6836 4.2211 -11.9960 1.4214 29.8132 1.5708 0.9985
Car 0.0000 0.0000 0.0000 -110.0000 183.0000 196.0000 309.0000 1.5342 1.6414 3.9689 -8.2908 1.6946 11.0220 1.5463 0.9984
Car 0.0000 0.0000 0.0000 110.0000 181.0000 169.0000 206.0000 1.5117 1.5740 3.5105 -29.9786 1.9570 46.0852 1.5534 0.9958
Car 0.0000 0.0000 0.0000 429.0000 169.0000 517.0000 235.0000 1.8144 1.7403 4.5303 -4.0686 1.6908 22.0979 1.5708 0.9919
Car 0.0000 0.0000 0.0000 541.0000 180.0000 565.0000 199.0000 1.5146 1.6331 4.1485 -4.4596 1.9689 58.1020 1.5659 0.9890
Car 0.0000 0.0000 0.0000 290.0000 180.0000 360.0000 233.0000 1.4962 1.5967 3.8369 -8.9387 1.7105 22.8761 1.3188 0.9827
Car 0.0000 0.0000 0.0000 40.0000 184.0000 175.0000 235.0000 1.4983 1.6047 3.9526 -16.2452 1.8294 23.5525 1.5708 0.9749
