Car 0.0000 0.0000 0.0000 464.0000 181.0000 524.0000 222.0000 1.5148 1.6310 3.7992 -4.5458 1.8013 28.9115 1.5708 0.9998
Car 0.0000 0.0000 0.0000 230.0000 187.0000 411.0000 293.0000 1.5289 1.6402 3.9029 -4.8939 1.7927 12.7191 1.5646 0.9996
Car 0.0000 0.0000 0.0000 746.0000 177.0000 897.0000 279.0000 1.5308 1.6249 3.6874 3.5503 1.6043 12.7914 1.5708 0.9996
Car 0.0000 0.0000 0.0000 -94.0000 194.0000 299.0000 400.0000 1.5110 1.6231 3.8281 -4.8335 1.7686 7.5608 1.5077 0.9995
Car 0.0000 0.0000 0.0000 807.0000 172.0000 1170.0000 371.0000 1.5400 1.6302 3.7633 3.4837 1.5490 7.5535 1.5100 0.9993
Car 0.0000 0.0000 0.0000 706.0000 182.0000 802.0000 249.0000 1.5067 1.5892 3.5366 3.5440 1.7294 18.3002 1.5273 0.9988
Car 0.0000 0.0000 0.0000 1081.0000 182.0000 4858.0000 1620.0000 1.5086 1.5991 3.7417 3.6962 1.5526 2.6531 1.5708 0.9984
Car 0.0000 0.0000 0.0000 489.0000 177.0000 542.0000 212.0000 1.5070 1.6199 3.9659 -4.2633 1.6729 33.3208 1.5708 0.9981
Car 0.0000 0.0000 0.0000 699.0000 177.0000 766.0000 227.0000 1.5105 1.6108 3.8108 3.9778 1.6228 23.8191 1.5708 0.9972
Car 0.0000 0.0000 0.0000 619.0000 175.0000 664.0000 192.0000 1.5490 1.6717 4.1671 3.0936 1.6235 67.3039 0.0801 0.9924
Car 0.0000 0.0000 0.0000 689.0000 174.0000 738.0000 215.0000 1.5535 1.6235 3.8555 4.2146 1.5620 29.5451 1.5708 0.9915
