Car 0.0000 0.0000 0.0000 592.0000 178.0000 622.0000 206.0000 1.5075 1.6280 3.9394 -0.0604 1.7312 40.7246 1.5708 0.9995
Car 0.0000 0.0000 0.0000 230.0000 193.0000 283.0000 233.0000 1.5283 1.6373 3.7657 -15.3184 2.3974 31.1655 1.0111 0.9995
Car 0.0000 0.0000 0.0000 707.0000 177.0000 748.0000 207.0000 1.5063 1.6180 4.0363 6.3185 1.6894 38.6362 1.5708 0.9931
Car 0.0000 0.0000 0.0000 711.0000 173.0000 733.0000 193.0000 1.6899 1.6942 4.3714 10.0400 1.6599 64.0787 -1.4669 0.9913
Car 0.0000 0.0000 0.0000 753.0000 157.0000 784.0000 182.0000 1.5317 1.6201 3.8703 10.2756 0.4872 46.4629 -1.4339 0.9839
Car 0.0000 0.0000 0.0000 297.0000 195.0000 329.0000 214.0000 1.5082 1.6284 3.8879 -26.0343 3.4236 63.5609 1.4626 0.9824
Car 0.0000 0.0000 0.0000 1082.0000 163.0000 1176.0000 200.0000 1.7625 1.7171 4.2659 26.6315 1.2539 37.0298 1.5621 0.9760
Car 0.0000 0.0000 0.0000 268.0000 196.0000 301.0000 216.0000 1.5019 1.6252 3.9083 -27.3725 3.4388 60.8687 1.4042 0.9727
Car 0.0000 0.0000 0.0000 430.0000 190.0000 459.0000 208.0000 1.5081 1.6208 3.9111 -14.2957 2.9052 62.8887 1.5516 0.9704
Car 0.0000 0.0000 0.0000 1104.0000 161.0000 1218.0000 196.0000 1.7084 1.7377 4.3929 28.8962 1.0799 37.7824 1.0104 0.9603
