Car 0.0000 0.0000 0.0000 -94.0000 193.0000 276.0000 318.0000 1.4306 1.6100 3.7179 -6.6238 1.7153 9.3991 0.0254 0.9999
Car 0.0000 0.0000 0.0000 673.0000 179.0000 714.0000 215.0000 1.5031 1.6164 3.8573 3.7585 1.7501 32.4126 1.5708 0.9995
Car 0.0000 0.0000 0.0000 -295.0000 196.0000 219.0000 381.0000 1.5023 1.6206 3.8947 -6.2077 1.7532 7.0642 0.1320 0.9995
Car 0.0000 0.0000 0.0000 419.0000 185.0000 533.0000 227.0000 1.4654 1.6128 3.8790 -4.9156 1.9049 26.8368 0.0997 0.9992
Car 0.0000 0.0000 0.0000 408.0000 155.0000 525.0000 196.0000 1.5751 1.6849 4.3429 -5.7497 0.8460 29.2726 0.0690 0.9987
Car 0.0000 0.0000 0.0000 272.0000 184.0000 466.0000 253.0000 1.5214 1.6496 4.0451 -5.6213 1.7898 17.0624 0.0620 0.9979
Car 0.0000 0.0000 0.0000 330.0000 182.0000 488.0000 240.0000 1.4811 1.6009 3.8013 -5.3985 1.7083 19.4746 0.2442 0.9962
Car 0.0000 0.0000 0.0000 353.0000 177.0000 493.0000 230.0000 1.5300 1.6232 3.9076 -5.7588 1.6587 22.3560 0.2622 0.9943
Car 0.0000 0.0000 0.0000 519.0000 172.0000 561.0000 203.0000 1.7143 1.7031 4.2953 -3.9595 1.6359 42.0843 1.5708 0.9943
Car 0.0000 0.0000 0.0000 515.0000 163.0000 553.0000 190.0000 1.6648 1.6748 4.1647 -4.8911 0.9922 47.5399 -1.4664 0.9913
