Car 0.0000 0.0000 0.0000 246.0000 188.0000 447.0000 257.0000 1.5482 1.6793 4.2414 -6.2795 1.9172 17.4029 0.0874 0.9999
Car 0.0000 0.0000 0.0000 665.0000 187.0000 744.0000 245.0000 1.5214 1.6241 3.6961 2.7576 1.9452 21.6918 1.4925 0.9998
Car 0.0000 0.0000 0.0000 -27.0000 198.0000 320.0000 318.0000 1.5115 1.6366 3.9888 -6.5098 1.8977 10.3060 0.0573 0.9997
Car 0.0000 0.0000 0.0000 -575.0000 169.0000 178.0000 424.0000 1.5435 1.6434 4.0198 -5.7097 1.5411 5.3386 0.0864 0.9995
Car 0.0000 0.0000 0.0000 135.0000 196.0000 342.0000 294.0000 1.4555 1.5721 3.5546 -6.5868 1.8765 12.6527 0.5359 0.9991
Car 0.0000 0.0000 0.0000 646.0000 181.0000 691.0000 219.0000 1.5058 1.6001 3.6864 2.4849 1.8378 30.9189 1.5697 0.9990
Car 0.0000 0.0000 0.0000 627.0000 180.0000 647.0000 199.0000 1.5123 1.6183 3.8202 2.4340 2.0700 61.2137 1.5708 0.9988
Car 0.0000 0.0000 0.0000 444.0000 174.0000 523.0000 203.0000 1.5439 1.6492 4.0831 -6.9363 1.5759 40.0418 0.0710 0.9958
Car 0.0000 0.0000 0.0000 979.0000 178.0000 1399.0000 339.0000 1.5401 1.6084 3.7612 6.8065 1.6092 9.0008 1.1786 0.9955
Car 0.0000 0.0000 0.0000 444.0000 195.0000 499.0000 236.0000 1.4975 1.6222 4.0772 -5.7046 2.4178 30.2330 1.5413 0.9936
Car 0.0000 0.0000 0.0000 341.0000 183.0000 483.0000 233.0000 1.6042 1.6922 4.3017 -6.6472 1.9464 24.4256 0.1094 0.9924
Car 0.0000 0.0000 0.0000 437.0000 187.0000 524.0000 220.0000 1.5099 1.6057 3.8449 -6.1933 2.1711 34.9292 0.1324 0.9848
