Car 0.0000 0.0000 0.0000 75.0000 187.0000 300.0000 259.0000 1.4844 1.6648 4.1067 -9.4124 1.8159 16.2128 0.0339 0.9999
Car 0.0000 0.0000 0.0000 489.0000 175.0000 540.0000 221.0000 1.5311 1.6391 3.7760 -3.3861 1.5778 26.2353 1.4895 0.9997
Car 0.0000 0.0000 0.0000 640.0000 173.0000 700.0000 221.0000 1.5120 1.6412 3.9181 2.0290 1.5157 25.1642 1.5405 0.9997
Car 0.0000 0.0000 0.0000 675.0000 171.0000 817.0000 276.0000 1.5301 1.6180 3.6482 2.1666 1.5105 12.5042 1.5298 0.9997
Car 0.0000 0.0000 0.0000 -1432.0000 210.0000 267.0000 1055.0000 1.5070 1.6189 3.8792 -3.3712 1.7720 3.3920 1.5529 0.9994
Car 0.0000 0.0000 0.0000 530.0000 179.0000 563.0000 207.0000 1.5026 1.6118 3.8770 -3.4498 1.7860 40.2445 1.5352 0.9982
Car 0.0000 0.0000 0.0000 -145.0000 188.0000 193.0000 312.0000 1.4845 1.5857 3.6542 -7.9363 1.6980 9.8329 0.1755 0.9970
Car 0.0000 0.0000 0.0000 345.0000 177.0000 372.0000 195.0000 1.5094 1.6086 3.7788 -21.9484 1.7705 63.2065 1.4089 0.9958
Car 0.0000 0.0000 0.0000 497.0000 151.0000 543.0000 188.0000 1.5309 1.6051 3.7471 -3.8345 0.5999 31.5038 1.5467 0.9928
Car 0.0000 0.0000 0.0000 620.0000 178.0000 663.0000 216.0000 1.5058 1.6064 3.8328 1.4341 1.6897 30.8913 -1.4688 0.9712
