Car 0.0000 0.0000 0.0000 655.0000 175.0000 744.0000 247.0000 1.5414 1.6217 3.5933 2.0666 1.5885 17.4732 1.5510 0.9998
Car 0.0000 0.0000 0.0000 439.0000 180.0000 530.0000 253.0000 1.5247 1.6469 3.9831 -2.8872 1.6803 17.2844 1.5313 0.9997
Car 0.0000 0.0000 0.0000 613.0000 174.0000 636.0000 193.0000 1.5150 1.6312 3.8622 1.2642 1.4986 57.9910 1.5451 0.9996
Car 0.0000 0.0000 0.0000 538.0000 179.0000 565.0000 201.0000 1.4982 1.6340 4.0813 -4.1474 1.8716 52.4947 1.5708 0.9993
Car 0.0000 0.0000 0.0000 685.0000 154.0000 718.0000 185.0000 1.5489 1.6355 3.9443 4.8724 0.5390 38.2893 -1.4632 0.9989
Car 0.0000 0.0000 0.0000 643.0000 183.0000 691.0000 226.0000 1.5090 1.5948 3.6973 2.1277 1.8621 27.5037 1.5708 0.9975
Car 0.0000 0.0000 0.0000 481.0000 184.0000 535.0000 228.0000 1.5094 1.6528 4.4153 -3.7185 1.8876 27.1185 1.5143 0.9965
Car 0.0000 0.0000 0.0000 646.0000 174.0000 707.0000 226.0000 1.5032 1.5841 3.6237 2.0655 1.5182 22.9270 1.5708 0.9928
Car 0.0000 0.0000 0.0000 474.0000 161.0000 512.0000 190.0000 1.8121 1.7340 4.4056 -7.4227 1.0054 46.5210 1.5708 0.9908
Car 0.0000 0.0000 0.0000 518.0000 178.0000 558.0000 216.0000 1.5017 1.5767 3.5920 -3.0869 1.6908 30.7976 1.4549 0.9865
