Car 0.0000 0.0000 0.0000 847.0000 171.0000 1271.0000 304.0000 1.4906 1.6876 4.2749 5.3891 1.4801 9.0909 0.0097 0.9999
Car 0.0000 0.0000 0.0000 635.0000 175.0000 710.0000 229.0000 1.5254 1.6417 3.7185 1.8487 1.5676 22.2005 1.4843 0.9999
Car 0.0000 0.0000 0.0000 367.0000 170.0000 480.0000 208.0000 1.5292 1.6729 4.2622 -7.6542 1.3783 29.8836 0.0497 0.9996
Car 0.0000 0.0000 0.0000 619.0000 176.0000 652.0000 206.0000 1.5026 1.6115 3.8208 1.3527 1.6047 37.5555 1.5708 0.9991
Car 0.0000 0.0000 0.0000 191.0000 171.0000 402.0000 243.0000 1.5172 1.6539 4.1042 -7.0467 1.4763 16.3969 0.0407 0.9990
Car 0.0000 0.0000 0.0000 309.0000 173.0000 448.0000 222.0000 1.5499 1.6590 4.1269 -7.7042 1.5537 24.2293 0.0791 0.9984
Car 0.0000 0.0000 0.0000 273.0000 180.0000 449.0000 243.0000 1.5694 1.6599 4.0946 -6.5107 1.7507 19.0508 0.0918 0.9984
Car 0.0000 0.0000 0.0000 941.0000 162.0000 1544.0000 363.0000 1.5056 1.6183 3.8694 5.3030 1.4412 6.6782 0.2647 0.9983
Car 0.0000 0.0000 0.0000 407.0000 173.0000 495.0000 205.0000 1.4517 1.5814 3.7307 -7.4157 1.4388 33.8340 0.2394 0.9937
Car 0.0000 0.0000 0.0000 492.0000 167.0000 516.0000 189.0000 1.5251 1.6037 3.7847 -7.4471 1.0653 51.5479 1.4580 0.9602
