Car 0.0000 0.0000 0.0000 787.0000 187.0000 1146.0000 414.0000 1.5326 1.6118 3.4445 2.8836 1.6807 6.7436 1.5626 0.9999
Car 0.0000 0.0000 0.0000 705.0000 178.0000 811.0000 259.0000 1.5203 1.6104 3.5531 3.0301 1.6237 15.4498 1.5708 0.9998
Car 0.0000 0.0000 0.0000 -60.0000 203.0000 334.0000 420.0000 1.5283 1.6472 3.9899 -4.4850 1.9160 7.6023 1.5399 0.9997
Car 0.0000 0.0000 0.0000 275.0000 190.0000 425.0000 295.0000 1.5304 1.6318 3.7944 -4.4682 1.8474 12.8953 1.4787 0.9996
Car 0.0000 0.0000 0.0000 391.0000 187.0000 499.0000 255.0000 1.5013 1.6363 4.0892 -4.1204 1.8795 18.6533 1.5708 0.9992
Car 0.0000 0.0000 0.0000 625.0000 177.0000 653.0000 200.0000 1.5079 1.6348 4.0242 2.2224 1.7558 51.2055 -1.4399 0.9991
Car 0.0000 0.0000 0.0000 613.0000 175.0000 635.0000 195.0000 1.5152 1.6293 3.9549 1.2747 1.6382 57.9076 1.5708 0.9989
Car 0.0000 0.0000 0.0000 522.0000 180.0000 546.0000 201.0000 1.4968 1.6238 4.0308 -5.5310 1.9350 53.5929 1.5139 0.9986
Car 0.0000 0.0000 0.0000 672.0000 179.0000 752.0000 235.0000 1.5192 1.6183 3.9629 2.9836 1.6833 21.7096 1.5148 0.9985
Car 0.0000 0.0000 0.0000 585.0000 180.0000 608.0000 198.0000 1.6447 1.7000 4.2519 -1.1203 2.2285 70.1420 -1.4637 0.9983
Car 0.0000 0.0000 0.0000 660.0000 181.0000 704.0000 223.0000 1.5141 1.6295 4.0199 2.8984 1.8212 28.8174 -1.4767 0.9968
