Car 0.0000 0.0000 0.0000 140.0000 159.0000 407.0000 245.0000 1.5623 1.7228 4.5272 -6.5579 1.3108 14.3100 0.0417 0.9999
Car 0.0000 0.0000 0.0000 749.0000 170.0000 1073.0000 363.0000 1.5225 1.6508 4.0534 2.7810 1.5152 7.7944 1.5298 0.9998
Car 0.0000 0.0000 0.0000 654.0000 170.0000 695.0000 208.0000 1.5114 1.6137 3.6807 2.7535 1.3579 30.8256 1.5708 0.9996
Car 0.0000 0.0000 0.0000 395.0000 175.0000 507.0000 216.0000 1.5812 1.6629 4.1307 -6.3964 1.6633 29.2920 0.1207 0.9995
Car 0.0000 0.0000 0.0000 322.0000 170.0000 483.0000 227.0000 1.6201 1.6951 4.3463 -6.1593 1.5385 21.6845 0.0762 0.9994
Car 0.0000 0.0000 0.0000 681.0000 176.0000 772.0000 241.0000 1.5202 1.6156 3.7989 2.9336 1.5856 18.7907 1.5358 0.9991
Car 0.0000 0.0000 0.0000 709.0000 179.0000 868.0000 278.0000 1.5227 1.6282 3.8601 3.0381 1.6224 13.1564 1.4828 0.9991
Car 0.0000 0.0000 0.0000 99.0000 188.0000 370.0000 287.0000 1.4803 1.6085 3.8434 -6.2444 1.7446 12.0868 0.1755 0.9991
Car 0.0000 0.0000 0.0000 -50.0000 186.0000 299.0000 305.0000 1.4469 1.5903 3.7177 -6.4505 1.6352 9.7785 0.0325 0.9987
Car 0.0000 0.0000 0.0000 236.0000 158.0000 420.0000 227.0000 1.5176 1.6259 3.9649 -6.7669 1.1994 17.3268 0.2932 0.9966
Car 0.0000 0.0000 0.0000 -588.0000 226.0000 146.0000 524.0000 1.5273 1.6106 3.8562 -5.6375 1.9442 5.0473 0.1664 0.9959
Car 0.0000 0.0000 0.0000 638.0000 169.0000 669.0000 199.0000 1.6186 1.6765 4.2087 2.5745 1.3725 41.8991 1.5708 0.9858
Car 0.0000 0.0000 0.0000 -246.0000 182.0000 212.0000 377.0000 1.5905 1.6510 4.0565 -6.3672 1.6989 7.3177 0.3065 0.9847
