Car 0.0000 0.0000 0.0000 679.0000 181.0000 791.0000 264.0000 1.5338 1.6211 3.5915 2.5070 1.6926 15.2704 1.5427 0.9999
Car 0.0000 0.0000 0.0000 128.0000 194.0000 405.0000 289.0000 1.4695 1.6426 4.0411 -5.8481 1.8639 12.5371 0.0128 0.9998
Car 0.0000 0.0000 0.0000 -43.0000 183.0000 319.0000 303.0000 1.4879 1.6452 4.0302 -6.4425 1.6463 10.0553 0.0322 0.9996
Car 0.0000 0.0000 0.0000 653.0000 184.0000 696.0000 222.0000 1.5128 1.6030 3.6123 2.7256 1.9465 30.6835 1.5708 0.9992
Car 0.0000 0.0000 0.0000 237.0000 184.0000 424.0000 250.0000 1.4942 1.6287 3.9489 -6.7832 1.7667 17.6804 0.0385 0.9991
Car 0.0000 0.0000 0.0000 462.0000 180.0000 502.0000 213.0000 1.5014 1.6205 3.9407 -6.1284 1.8189 35.0553 1.4709 0.9987
Car 0.0000 0.0000 0.0000 390.0000 187.0000 498.0000 228.0000 1.4444 1.5714 3.6241 -6.1561 1.9438 26.9818 0.0787 0.9981
Car 0.0000 0.0000 0.0000 650.0000 176.0000 684.0000 208.0000 1.5028 1.6022 3.8409 2.9175 1.6024 35.8619 -1.4751 0.9959
Car 0.0000 0.0000 0.0000 179.0000 188.0000 397.0000 266.0000 1.5010 1.6135 3.9188 -6.7045 1.8261 15.1399 0.1393 0.9942
Car 0.0000 0.0000 0.0000 462.0000 181.0000 533.0000 207.0000 1.4644 1.5872 3.7538 -6.4691 1.8888 41.8908 0.1618 0.9927
Car 0.0000 0.0000 0.0000 469.0000 179.0000 537.0000 204.0000 1.4905 1.5963 3.8246 -6.5492 1.7977 44.5013 0.2479 0.9786
Car 0.0000 0.0000 0.0000 352.0000 181.0000 489.0000 230.0000 1.5093 1.6505 4.0472 -6.1811 1.7764 23.7466 0.1177 0.9713
