Car 0.0000 0.0000 0.0000 467.0000 179.0000 521.0000 219.0000 1.5236 1.6115 3.5202 -4.6111 1.7310 29.2835 1.5708 0.9997
Car 0.0000 0.0000 0.0000 170.0000 185.0000 396.0000 320.0000 1.5220 1.6094 3.5853 -4.3476 1.6946 10.1318 1.5514 0.9996
Car 0.0000 0.0000 0.0000 386.0000 178.0000 479.0000 239.0000 1.5068 1.6163 3.7800 -4.7829 1.6341 19.8902 1.5708 0.9995
Car 0.0000 0.0000 0.0000 579.0000 178.0000 613.0000 209.0000 1.5144 1.6493 4.0632 -0.6282 1.7208 37.1365 1.5708 0.9992
Car 0.0000 0.0000 0.0000 -490.0000 196.0000 67.0000 392.0000 1.5086 1.6230 3.9894 -8.2998 1.8014 7.9126 1.5593 0.9987
Car 0.0000 0.0000 0.0000 334.0000 181.0000 408.0000 225.0000 1.4997 1.6179 3.9587 -8.8296 1.7815 26.9860 1.5242 0.9982
Car 0.0000 0.0000 0.0000 448.0000 173.0000 482.0000 197.0000 1.5009 1.6077 3.8710 -9.6423 1.4820 48.5461 1.5399 0.9971
Car 0.0000 0.0000 0.0000 141.0000 176.0000 193.0000 203.0000 1.7462 1.6842 4.0191 -30.0607 1.8905 49.1199 1.3902 0.9955
Car 0.0000 0.0000 0.0000 192.0000 178.0000 322.0000 246.0000 1.5066 1.5987 3.7518 -8.7257 1.6209 18.1350 1.5121 0.9944
Car 0.0000 0.0000 0.0000 -105.0000 188.0000 133.0000 275.0000 1.5064 1.6276 4.1090 -12.2755 1.8469 15.2028 1.5708 0.9928
