Car 0.0000 0.0000 0.0000 101.0000 196.0000 411.0000 298.0000 1.4572 1.6767 4.2351 -5.5954 1.8422 11.5778 0.1198 1.0000
Car 0.0000 0.0000 0.0000 750.0000 185.0000 1056.0000 391.0000 1.5439 1.6580 3.9332 2.6125 1.6885 7.5230 1.5708 0.9998
Car 0.0000 0.0000 0.0000 693.0000 179.0000 785.0000 247.0000 1.5370 1.6271 3.6659 3.1955 1.6830 18.4725 1.5616 0.9998
Car 0.0000 0.0000 0.0000 662.0000 175.0000 695.0000 206.0000 1.5189 1.6227 3.7255 3.5950 1.5860 37.7969 1.5708 0.9997
Car 0.0000 0.0000 0.0000 -431.0000 203.0000 140.0000 437.0000 1.5128 1.6234 3.9104 -6.3103 1.7938 6.0840 0.2447 0.9994
Car 0.0000 0.0000 0.0000 477.0000 170.0000 555.0000 197.0000 1.6074 1.7230 4.5754 -5.7390 1.3813 44.8276 0.0729 0.9990
Car 0.0000 0.0000 0.0000 224.0000 165.0000 433.0000 238.0000 1.5530 1.6596 4.1519 -6.3500 1.3949 16.4704 0.0769 0.9986
Car 0.0000 0.0000 0.0000 181.0000 175.0000 413.0000 257.0000 1.5143 1.6281 3.9676 -6.1759 1.5669 14.4323 0.0518 0.9967
Car 0.0000 0.0000 0.0000 421.0000 182.0000 531.0000 227.0000 1.5318 1.6120 3.7926 -4.9724 1.8521 27.1038 -0.7418 0.9959
Car 0.0000 0.0000 0.0000 679.0000 182.0000 731.0000 230.0000 1.5110 1.6112 3.7921 3.2366 1.7880 24.8378 -1.4767 0.9956
Car 0.0000 0.0000 0.0000 476.0000 168.0000 549.0000 195.0000 1.5218 1.6364 4.0378 -5.6682 1.2070 42.7081 0.0581 0.9847
