Car 0.0000 0.0000 0.0000 621.0000 193.0000 703.0000 257.0000 1.5351 1.6248 3.4911 1.3529 2.0916 19.9418 1.4611 0.9998
Car 0.0000 0.0000 0.0000 815.0000 187.0000 1405.0000 518.0000 1.5085 1.5931 3.6272 2.9106 1.6351 5.2686 1.4958 0.9980
Car 0.0000 0.0000 0.0000 547.0000 194.0000 631.0000 228.0000 1.4978 1.6383 4.0311 -0.9345 2.5067 35.3324 -0.7422 0.9969
Car 0.0000 0.0000 0.0000 694.0000 191.0000 765.0000 231.0000 1.4924 1.6274 4.0395 5.2527 2.2841 30.9873 -1.0256 0.9950
Car 0.0000 0.0000 0.0000 953.0000 186.0000 1023.0000 211.0000 1.4656 1.5937 4.0082 24.2490 2.2838 46.0071 -0.3239 0.9937
Car 0.0000 0.0000 0.0000 754.0000 187.0000 802.0000 221.0000 1.5017 1.6040 3.6998 8.1257 2.1449 34.3956 -1.1598 0.9930
Car 0.0000 0.0000 0.0000 990.0000 183.0000 1026.0000 207.0000 1.5102 1.6475 4.0865 27.9534 2.1922 50.3539 -0.9253 0.9852
Car 0.0000 0.0000 0.0000 821.0000 188.0000 886.0000 220.0000 1.4895 1.6066 3.9167 12.6601 2.2378 37.1361 -0.7836 0.9842
Car 0.0000 0.0000 0.0000 159.0000 203.0000 269.0000 243.0000 1.4872 1.5983 3.8228 -16.0070 2.7006 29.1822 0.2467 0.9628
Car 0.0000 0.0000 0.0000 1001.0000 174.0000 1062.0000 203.0000 1.6022 1.6706 4.1524 24.5097 1.5972 41.6944 -0.6763 0.9627
