Car 0.0000 0.0000 0.0000 223.0000 184.0000 414.0000 312.0000 1.5511 1.6112 3.3743 -4.0911 1.7114 10.6024 1.5141 0.9998
Car 0.0000 0.0000 0.0000 566.0000 179.0000 603.0000 214.0000 1.5232 1.6188 3.6177 -1.1525 1.7647 33.5413 1.5375 0.9997
Car 0.0000 0.0000 0.0000 167.0000 180.0000 300.0000 252.0000 1.5256 1.6193 3.6196 -8.8810 1.6785 17.2967 1.4685 0.9996
Car 0.0000 0.0000 0.0000 -144.0000 185.0000 194.0000 322.0000 1.5216 1.6546 4.1703 -7.9537 1.6976 10.3624 1.5180 0.9994
Car 0.0000 0.0000 0.0000 -1612.0000 217.0000 283.0000 1194.0000 1.5181 1.6321 3.9312 -3.2164 1.8228 3.2513 1.5612 0.9992
Car 0.0000 0.0000 0.0000 277.0000 182.0000 337.0000 220.0000 1.5029 1.6234 3.9442 -13.1985 1.8865 31.6234 1.3806 0.9987
Car 0.0000 0.0000 0.0000 159.0000 181.0000 257.0000 233.0000 1.5078 1.5810 3.5099 -12.8904 1.7555 23.3034 1.4447 0.9984
Car 0.0000 0.0000 0.0000 269.0000 175.0000 411.0000 225.0000 1.5117 1.6275 3.9789 -8.6867 1.5729 23.3514 0.0561 0.9963
Car 0.0000 0.0000 0.0000 404.0000 179.0000 450.0000 214.0000 1.4922 1.5905 3.9493 -8.3481 1.7265 33.2424 1.4344 0.9717
Car 0.0000 0.0000 0.0000 450.0000 168.0000 527.0000 224.0000 1.8792 1.8048 4.8109 -4.3786 1.6934 26.7793 1.5708 0.9702
