Car 0.0000 0.0000 0.0000 -183.0000 201.0000 179.0000 324.0000 1.4705 1.6195 3.8024 -8.2890 1.8743 9.8848 0.1038 0.9999
Car 0.0000 0.0000 0.0000 522.0000 176.0000 595.0000 239.0000 1.5204 1.6211 3.6394 -1.2976 1.5982 19.4453 1.5708 0.9998
Car 0.0000 0.0000 0.0000 725.0000 175.0000 836.0000 250.0000 1.6592 1.6687 3.9148 4.0814 1.6952 17.8742 1.5352 0.9998
Car 0.0000 0.0000 0.0000 825.0000 182.0000 1397.0000 501.0000 1.5306 1.6457 3.9264 2.9744 1.6043 5.4539 1.5708 0.9997
Car 0.0000 0.0000 0.0000 692.0000 168.0000 736.0000 204.0000 1.5851 1.6547 3.9481 5.0025 1.3538 34.6036 1.5708 0.9992
Car 0.0000 0.0000 0.0000 590.0000 176.0000 631.0000 211.0000 1.5111 1.6208 3.8620 0.1158 1.6272 33.5588 1.5708 0.9991
Car 0.0000 0.0000 0.0000 707.0000 177.0000 771.0000 226.0000 1.4980 1.6050 3.8500 4.2390 1.6194 24.0513 1.5708 0.9990
Car 0.0000 0.0000 0.0000 515.0000 168.0000 557.0000 205.0000 1.5694 1.6443 4.0661 -3.2189 1.3236 32.2321 1.5266 0.9938
Car 0.0000 0.0000 0.0000 618.0000 179.0000 639.0000 198.0000 1.5204 1.6233 3.9547 1.7333 1.9208 60.4916 1.5708 0.9651
Car 0.0000 0.0000 0.0000 691.0000 167.0000 719.0000 192.0000 1.5050 1.5986 3.7537 5.9595 1.1006 45.0070 -1.4713 0.9638
