Car 0.0000 0.0000 0.0000 -7.0000 192.0000 344.0000 306.0000 1.4783 1.6606 4.1542 -6.3024 1.7711 10.5118 0.0365 0.9999
Car 0.0000 0.0000 0.0000 688.0000 182.0000 823.0000 270.0000 1.5363 1.6632 4.1093 2.8167 1.7171 14.9228 1.4943 0.9998
Car 0.0000 0.0000 0.0000 650.0000 179.0000 714.0000 228.0000 1.5220 1.6149 3.5697 2.3401 1.6863 24.0744 1.5283 0.9997
Car 0.0000 0.0000 0.0000 -436.0000 191.0000 121.0000 408.0000 1.5080 1.6112 3.8265 -6.6066 1.6820 6.2850 0.2174 0.9989
Car 0.0000 0.0000 0.0000 392.0000 184.0000 505.0000 225.0000 1.5054 1.6321 3.9854 -6.1853 1.9092 27.8749 0.0326 0.9979
Car 0.0000 0.0000 0.0000 314.0000 182.0000 465.0000 234.0000 1.5222 1.6608 4.1551 -6.7743 1.8021 22.3371 0.0787 0.9971
Car 0.0000 0.0000 0.0000 408.0000 176.0000 504.0000 212.0000 1.5497 1.6332 4.0166 -6.9729 1.6731 32.9539 0.0681 0.9968
Car 0.0000 0.0000 0.0000 245.0000 187.0000 413.0000 255.0000 1.4849 1.5806 3.6407 -6.7150 1.8129 17.2023 0.3724 0.9946
Car 0.0000 0.0000 0.0000 442.0000 178.0000 527.0000 209.0000 1.5516 1.6644 4.1698 -6.5780 1.7915 38.2824 0.0785 0.9919
Car 0.0000 0.0000 0.0000 636.0000 175.0000 671.0000 208.0000 1.4872 1.5930 3.8996 2.1706 1.5730 34.7873 1.5708 0.9913
Car 0.0000 0.0000 0.0000 169.0000 179.0000 383.0000 257.0000 1.5081 1.6094 3.8346 -6.9518 1.6446 15.1112 0.1648 0.9661
Car 0.0000 0.0000 0.0000 369.0000 176.0000 459.0000 214.0000 1.4869 1.5656 3.6390 -8.2474 1.6093 30.3468 0.5464 0.9660
Car 0.0000 0.0000 0.0000 322.0000 175.0000 380.0000 207.0000 1.4873 1.5865 3.7650 -12.8555 1.5575 36.1124 1.5590 0.9627
