Car 0.0000 0.0000 0.0000 577.0000 172.0000 647.0000 234.0000 1.5974 1.6507 3.6513 -0.0199 1.5712 20.7346 1.4842 0.9998
Car 0.0000 0.0000 0.0000 399.0000 180.0000 492.0000 250.0000 1.5264 1.6231 3.6797 -3.9488 1.6856 17.8366 1.5227 0.9996
Car 0.0000 0.0000 0.0000 365.0000 179.0000 430.0000 219.0000 1.4978 1.6257 3.9882 -8.6895 1.7293 29.8871 1.5400 0.9991
Car 0.0000 0.0000 0.0000 472.0000 180.0000 519.0000 219.0000 1.5158 1.6216 3.8360 -4.6424 1.7551 29.8780 1.4965 0.9989
Car 0.0000 0.0000 0.0000 279.0000 183.0000 382.0000 240.0000 1.5122 1.6197 3.8865 -8.1585 1.8005 21.3955 1.5454 0.9985
Car 0.0000 0.0000 0.0000 521.0000 180.0000 550.0000 202.0000 1.4924 1.6024 3.9021 -4.9782 1.8756 49.3185 1.5708 0.9976
Car 0.0000 0.0000 0.0000 -332.0000 46.0000 341.0000 479.0000 2.3623 1.9137 4.9182 -4.2910 1.6799 6.4138 1.5593 0.9933
Car 0.0000 0.0000 0.0000 505.0000 180.0000 536.0000 208.0000 1.4911 1.6005 3.9828 -5.0396 1.8464 41.2454 1.4899 0.9930
Car 0.0000 0.0000 0.0000 552.0000 178.0000 586.0000 207.0000 1.4979 1.6233 4.0766 -2.2017 1.7446 40.5628 1.5708 0.9858
Car 0.0000 0.0000 0.0000 424.0000 176.0000 469.0000 204.0000 1.5450 1.6358 4.1185 -9.6181 1.7033 42.9173 1.5708 0.9847
Car 0.0000 0.0000 0.0000 522.0000 190.0000 572.0000 225.0000 1.4963 1.6181 3.9105 -2.9048 2.3161 34.3165 -1.4577 0.9723
Car 0.0000 0.0000 0.0000 528.0000 168.0000 553.0000 193.0000 1.9445 1.7994 4.7501 -5.6057 1.5147 58.9673 1.4354 0.9698
Car 0.0000 0.0000 0.0000 327.0000 180.0000 380.0000 211.0000 1.4983 1.5833 3.7731 -12.8944 1.7941 36.5134 1.4858 0.9658
