Car 0.0000 0.0000 0.0000 973.0000 186.0000 1027.0000 212.0000 1.5043 1.6172 3.7848 25.0750 2.3287 46.2990 1.5708 0.9992
Car 0.0000 0.0000 0.0000 1039.0000 177.0000 1073.0000 197.0000 1.4883 1.5979 3.7845 35.5830 1.7567 57.3104 -1.2065 0.9971
Car 0.0000 0.0000 0.0000 365.0000 185.0000 398.0000 206.0000 1.4963 1.6069 3.8432 -17.7281 2.3849 56.2937 1.4908 0.9969
Car 0.0000 0.0000 0.0000 335.0000 191.0000 382.0000 215.0000 1.4942 1.6203 4.0450 -17.0860 2.6923 49.2985 1.5708 0.9956
Car 0.0000 0.0000 0.0000 458.0000 190.0000 495.0000 213.0000 1.4917 1.6140 3.9716 -9.4144 2.6914 51.4697 1.5708 0.9954
Car 0.0000 0.0000 0.0000 972.0000 198.0000 1071.0000 227.0000 1.4706 1.6953 4.3320 22.3733 2.8256 39.1743 0.1746 0.9953
Car 0.0000 0.0000 0.0000 685.0000 170.0000 710.0000 194.0000 1.5474 1.6317 4.0692 6.0763 1.3242 49.5176 -1.4590 0.9886
Car 0.0000 0.0000 0.0000 404.0000 184.0000 442.0000 204.0000 1.4978 1.6427 4.2039 -14.3007 2.2728 55.7038 1.5708 0.9848
Car 0.0000 0.0000 0.0000 159.0000 192.0000 207.0000 215.0000 1.4979 1.6024 3.8862 -30.1409 2.8199 51.1214 1.4185 0.9844
Car 0.0000 0.0000 0.0000 282.0000 193.0000 339.0000 223.0000 1.4992 1.6159 3.9930 -17.0580 2.6612 41.3205 1.5707 0.9822
Car 0.0000 0.0000 0.0000 438.0000 191.0000 483.0000 218.0000 1.4936 1.6170 4.0645 -9.1194 2.5850 44.4994 -1.4754 0.9818
Car 0.0000 0.0000 0.0000 818.0000 181.0000 847.0000 206.0000 1.4941 1.6174 3.9617 14.2983 1.9557 46.2144 -1.3038 0.9643
