Car 0.0000 0.0000 0.0000 572.0000 179.0000 607.0000 213.0000 1.5228 1.6094 3.5435 -0.9511 1.7888 34.8973 1.5340 0.9997
Car 0.0000 0.0000 0.0000 -174.0000 193.0000 342.0000 471.0000 1.5346 1.6305 3.7868 -3.8183 1.7375 6.0922 1.5620 0.9995
Car 0.0000 0.0000 0.0000 230.0000 179.0000 364.0000 254.0000 1.6081 1.6943 4.4819 -7.5997 1.7440 17.9573 1.4889 0.9988
Car 0.0000 0.0000 0.0000 424.0000 147.0000 520.0000 232.0000 2.2898 1.9219 5.1889 -4.0718 1.5898 22.2605 1.5708 0.9951
Car 0.0000 0.0000 0.0000 192.0000 183.0000 275.0000 230.0000 1.4998 1.5895 3.7352 -13.1067 1.8282 25.3128 1.3746 0.9950
Car 0.0000 0.0000 0.0000 -255.0000 182.0000 127.0000 325.0000 1.5114 1.6147 3.8897 -8.5887 1.6290 9.6894 1.5344 0.9949
Car 0.0000 0.0000 0.0000 -46.0000 182.0000 154.0000 257.0000 1.5053 1.6111 3.8920 -12.5742 1.7031 16.5979 1.5708 0.9909
Car 0.0000 0.0000 0.0000 401.0000 180.0000 444.0000 215.0000 1.4981 1.5900 3.8081 -8.5296 1.7862 33.1492 1.3990 0.9878
Car 0.0000 0.0000 0.0000 393.0000 177.0000 431.0000 201.0000 1.5067 1.5866 3.7187 -13.2119 1.7317 48.5479 1.5543 0.9836
Car 0.0000 0.0000 0.0000 604.0000 178.0000 633.0000 203.0000 1.5019 1.6080 3.9348 0.5815 1.7601 45.4024 1.5257 0.9810
