Car 0.0000 0.0000 0.0000 772.0000 185.0000 1041.0000 357.0000 1.5542 1.6377 3.7878 3.1491 1.7073 8.5739 1.5708 0.9997
Car 0.0000 0.0000 0.0000 464.0000 180.0000 531.0000 238.0000 1.5144 1.6325 3.8464 -3.1816 1.6934 21.0327 1.4965 0.9997
Car 0.0000 0.0000 0.0000 681.0000 135.0000 829.0000 262.0000 2.2498 1.9392 5.3830 2.8482 1.5775 15.5131 1.5415 0.9997
Car 0.0000 0.0000 0.0000 650.0000 179.0000 679.0000 207.0000 1.5054 1.6193 3.8491 3.3005 1.8354 42.0661 -1.4697 0.9996
Car 0.0000 0.0000 0.0000 905.0000 196.0000 2540.0000 1023.0000 1.5060 1.6247 3.9614 2.9353 1.6654 3.3975 1.5708 0.9996
Car 0.0000 0.0000 0.0000 520.0000 181.0000 558.0000 216.0000 1.5108 1.6238 3.8392 -3.2161 1.8289 33.2497 1.4909 0.9995
Car 0.0000 0.0000 0.0000 661.0000 183.0000 715.0000 228.0000 1.5252 1.6405 3.9817 2.8983 1.8870 27.1567 1.5708 0.9995
Car 0.0000 0.0000 0.0000 536.0000 178.0000 571.0000 205.0000 1.4871 1.6080 4.0017 -3.1390 1.7177 41.6281 1.5708 0.9974
Car 0.0000 0.0000 0.0000 389.0000 171.0000 436.0000 201.0000 1.5081 1.6030 3.8237 -10.3468 1.3565 38.0543 1.5189 0.9898
Car 0.0000 0.0000 0.0000 704.0000 134.0000 744.0000 172.0000 1.5476 1.6363 3.9398 5.1411 -0.0997 32.4064 -1.4285 0.9843
Car 0.0000 0.0000 0.0000 557.0000 172.0000 586.0000 194.0000 1.5044 1.6054 3.9452 -2.5891 1.3798 50.8902 1.5708 0.9698
Car 0.0000 0.0000 0.0000 643.0000 181.0000 680.0000 213.0000 1.4911 1.6034 3.9303 2.5813 1.8387 36.1337 1.5708 0.9692
