Car 0.0000 0.0000 0.0000 286.0000 184.0000 451.0000 302.0000 1.7915 1.7790 4.6140 -4.2955 2.0120 13.5719 1.5184 0.9998
Car 0.0000 0.0000 0.0000 0.0000 198.0000 338.0000 391.0000 1.5310 1.6254 3.6497 -4.4892 1.8511 7.9767 1.5302 0.9998
Car 0.0000 0.0000 0.0000 743.0000 182.0000 931.0000 309.0000 1.5188 1.6175 3.6356 3.0743 1.6532 10.5655 1.5708 0.9997
Car 0.0000 0.0000 0.0000 506.0000 182.0000 535.0000 206.0000 1.5246 1.6324 3.7068 -5.9519 2.0445 48.3491 1.3657 0.9997
Car 0.0000 0.0000 0.0000 694.0000 180.0000 797.0000 256.0000 1.5190 1.6352 3.9481 2.9991 1.6807 16.7007 1.5708 0.9996
Car 0.0000 0.0000 0.0000 584.0000 189.0000 604.0000 207.0000 1.5140 1.6373 3.8357 -1.2811 2.8960 64.8143 1.5708 0.9994
Car 0.0000 0.0000 0.0000 1016.0000 -16.0000 40887.0000 16486.0000 1.4997 1.5860 3.7255 2.8672 1.5017 1.9522 1.5708 0.9962
Car 0.0000 0.0000 0.0000 536.0000 187.0000 557.0000 206.0000 1.5127 1.6430 4.0944 -5.4198 2.7009 63.1940 1.5479 0.9941
Car 0.0000 0.0000 0.0000 -3602.0000 -103.0000 74.0000 1197.0000 1.5821 1.6469 4.0552 -4.6072 1.2643 2.9247 1.5708 0.9869
Car 0.0000 0.0000 0.0000 653.0000 165.0000 721.0000 216.0000 1.5907 1.6635 4.3151 2.5475 1.3297 24.6614 1.5282 0.9834
