Car 0.0000 0.0000 0.0000 -175.0000 190.0000 324.0000 355.0000 1.5181 1.6766 4.2479 -5.5533 1.7243 7.7242 0.0746 0.9998
Car 0.0000 0.0000 0.0000 698.0000 181.0000 840.0000 273.0000 1.6129 1.6746 4.0581 3.0740 1.7609 14.8117 1.4841 0.9998
Car 0.0000 0.0000 0.0000 80.0000 143.0000 376.0000 243.0000 1.6125 1.7013 4.4030 -6.6518 1.1335 12.7582 0.0729 0.9994
Car 0.0000 0.0000 0.0000 809.0000 193.0000 1697.0000 693.0000 1.5001 1.6196 3.9795 2.6249 1.6617 4.3206 1.5174 0.9994
Car 0.0000 0.0000 0.0000 0.0000 178.0000 345.0000 294.0000 1.5079 1.6392 4.0398 -6.1675 1.5872 10.3819 0.0424 0.9991
Car 0.0000 0.0000 0.0000 660.0000 178.0000 696.0000 212.0000 1.5133 1.5996 3.6127 3.2993 1.7260 34.0304 -1.4446 0.9990
Car 0.0000 0.0000 0.0000 460.0000 167.0000 542.0000 196.0000 1.5589 1.6903 4.3604 -6.1198 1.2042 40.9897 0.0442 0.9989
Car 0.0000 0.0000 0.0000 392.0000 185.0000 490.0000 240.0000 1.5890 1.6682 4.1621 -5.5517 1.9564 23.3368 0.9708 0.9980
Car 0.0000 0.0000 0.0000 686.0000 180.0000 759.0000 237.0000 1.5124 1.6194 3.9358 3.2040 1.6861 21.1100 1.5708 0.9967
Car 0.0000 0.0000 0.0000 274.0000 173.0000 470.0000 241.0000 1.5873 1.7023 4.3923 -5.9057 1.6044 18.0479 0.1618 0.9941
Car 0.0000 0.0000 0.0000 631.0000 179.0000 650.0000 196.0000 1.5289 1.6230 3.8854 2.9915 2.0450 68.0073 1.5708 0.9866
Car 0.0000 0.0000 0.0000 637.0000 177.0000 661.0000 196.0000 1.4999 1.5913 3.7705 3.2773 1.7218 57.3719 -1.4265 0.9702
Car 0.0000 0.0000 0.0000 529.0000 171.0000 560.0000 194.0000 1.5095 1.6061 3.8974 -4.3531 1.3090 49.0296 1.5708 0.9692
Car 0.0000 0.0000 0.0000 433.0000 181.0000 531.0000 218.0000 1.5361 1.6193 3.9186 -5.4803 1.8717 31.2606 0.0769 0.9652
