Car 0.0000 0.0000 0.0000 668.0000 183.0000 739.0000 244.0000 1.5420 1.5943 3.2242 2.5740 1.8239 20.3247 1.5708 0.9999
Car 0.0000 0.0000 0.0000 -187.0000 189.0000 289.0000 346.0000 1.5397 1.6911 4.3415 -6.2263 1.7391 8.2276 0.1042 0.9999
Car 0.0000 0.0000 0.0000 728.0000 182.0000 947.0000 327.0000 1.5378 1.6421 3.7379 2.7444 1.6557 9.6402 1.5460 0.9998
Car 0.0000 0.0000 0.0000 114.0000 187.0000 385.0000 281.0000 1.5224 1.6436 4.0108 -6.2973 1.7776 12.7895 0.0518 0.9998
Car 0.0000 0.0000 0.0000 317.0000 185.0000 472.0000 241.0000 1.5294 1.6326 3.9691 -6.1394 1.8589 20.7869 0.0758 0.9990
Car 0.0000 0.0000 0.0000 475.0000 170.0000 512.0000 200.0000 1.6063 1.6586 3.9517 -6.4073 1.3960 40.3882 1.5157 0.9989
Car 0.0000 0.0000 0.0000 489.0000 179.0000 554.0000 203.0000 1.5204 1.6203 3.9361 -5.6546 1.8771 46.9750 0.1257 0.9976
Car 0.0000 0.0000 0.0000 653.0000 177.0000 707.0000 221.0000 1.5092 1.5887 3.6131 2.5291 1.6250 26.4737 1.5629 0.9972
Car 0.0000 0.0000 0.0000 379.0000 181.0000 488.0000 219.0000 1.4959 1.6606 4.0638 -7.2967 1.8284 30.0004 0.1660 0.9969
Car 0.0000 0.0000 0.0000 464.0000 180.0000 511.0000 212.0000 1.4901 1.5915 3.8177 -5.8824 1.7753 35.1397 1.5708 0.9944
Car 0.0000 0.0000 0.0000 301.0000 186.0000 424.0000 256.0000 1.5256 1.6199 3.8885 -6.2744 1.8297 17.9689 0.8769 0.9943
Car 0.0000 0.0000 0.0000 470.0000 175.0000 529.0000 217.0000 1.6953 1.6874 4.0941 -4.6530 1.7608 31.1410 1.5708 0.9880
Car 0.0000 0.0000 0.0000 628.0000 179.0000 653.0000 202.0000 1.4984 1.5953 3.8387 2.2355 1.8376 49.4932 1.5708 0.9818
Car 0.0000 0.0000 0.0000 646.0000 177.0000 682.0000 209.0000 1.4988 1.5883 3.7641 2.6793 1.6634 35.7058 1.5708 0.9779
Car 0.0000 0.0000 0.0000 163.0000 166.0000 234.0000 214.0000 1.5142 1.5663 3.4809 -14.1526 1.2850 24.9535 1.2187 0.9688
Car 0.0000 0.0000 0.0000 472.0000 178.0000 538.0000 203.0000 1.5055 1.5906 3.7924 -6.4716 1.7866 45.1774 0.1297 0.9636
