Car 0.0000 0.0000 0.0000 256.0000 184.0000 426.0000 243.0000 1.4681 1.6275 3.9118 -7.0901 1.7577 19.1744 0.0695 0.9997
Car 0.0000 0.0000 0.0000 638.0000 177.0000 676.0000 208.0000 1.5052 1.6471 4.0832 2.4533 1.6700 37.5333 1.5669 0.9997
Car 0.0000 0.0000 0.0000 298.0000 170.0000 457.0000 225.0000 1.5475 1.6738 4.2227 -6.8957 1.4644 21.6510 0.0433 0.9996
Car 0.0000 0.0000 0.0000 -376.0000 183.0000 176.0000 385.0000 1.5152 1.6068 3.7749 -6.2500 1.6169 6.4893 0.1457 0.9993
Car 0.0000 0.0000 0.0000 744.0000 185.0000 987.0000 332.0000 1.5104 1.6332 3.9940 3.0704 1.6816 9.6428 1.5139 0.9993
Car 0.0000 0.0000 0.0000 669.0000 148.0000 762.0000 230.0000 1.9664 1.8112 4.7748 2.7365 1.3556 19.7211 1.5707 0.9991
Car 0.0000 0.0000 0.0000 455.0000 167.0000 542.0000 197.0000 1.6530 1.7599 4.7024 -6.3203 1.2653 41.6466 0.0354 0.9978
Car 0.0000 0.0000 0.0000 815.0000 -620.0000 3390.0000 1390.0000 2.6206 2.0037 5.3803 2.6766 1.6020 3.6660 1.5708 0.9936
Car 0.0000 0.0000 0.0000 425.0000 174.0000 506.0000 204.0000 1.5086 1.5982 3.8297 -7.4161 1.5097 37.1874 0.3449 0.9935
Car 0.0000 0.0000 0.0000 -1861.0000 190.0000 131.0000 966.0000 1.4895 1.6069 3.9623 -4.6766 1.6087 3.5089 -1.4402 0.9911
Car 0.0000 0.0000 0.0000 767.0000 167.0000 881.0000 207.0000 1.5547 1.7019 4.3391 8.9109 1.3189 30.1803 0.1358 0.9741
