Car 0.0000 0.0000 0.0000 318.0000 180.0000 372.0000 214.0000 1.5243 1.6424 3.7801 -12.8933 1.8454 35.3283 1.4642 0.9998
Car 0.0000 0.0000 0.0000 562.0000 179.0000 611.0000 225.0000 1.5398 1.5962 3.2217 -0.7455 1.7109 25.5007 1.5708 0.9998
Car 0.0000 0.0000 0.0000 352.0000 183.0000 425.0000 226.0000 1.5138 1.6516 4.0285 -8.3528 1.8558 27.5349 1.5364 0.9997
Car 0.0000 0.0000 0.0000 160.0000 186.0000 317.0000 269.0000 1.5309 1.6340 3.7706 -7.9259 1.8295 15.7314 1.5231 0.9997
Car 0.0000 0.0000 0.0000 423.0000 181.0000 511.0000 252.0000 1.5205 1.6033 3.5018 -3.4010 1.7164 17.6647 1.5320 0.9995
Car 0.0000 0.0000 0.0000 520.0000 156.0000 549.0000 182.0000 1.5400 1.6480 3.9884 -4.5417 0.4883 44.4117 1.4910 0.9993
Car 0.0000 0.0000 0.0000 496.0000 177.0000 537.0000 214.0000 1.5065 1.5966 3.6646 -4.0063 1.6645 31.5353 1.4878 0.9988
Car 0.0000 0.0000 0.0000 -257.0000 190.0000 48.0000 296.0000 1.5060 1.6060 3.8482 -12.2022 1.8300 12.6729 1.5509 0.9980
Car 0.0000 0.0000 0.0000 133.0000 183.0000 254.0000 237.0000 1.5094 1.6248 4.0910 -12.9879 1.8048 22.7562 1.5241 0.9978
Car 0.0000 0.0000 0.0000 -2498.0000 228.0000 260.0000 1706.0000 1.4978 1.5909 3.7622 -3.0516 1.8437 2.7662 1.5377 0.9966
Car 0.0000 0.0000 0.0000 388.0000 174.0000 441.0000 208.0000 1.4968 1.5860 3.7477 -9.1447 1.5255 34.0330 1.5382 0.9916
Car 0.0000 0.0000 0.0000 348.0000 177.0000 388.0000 200.0000 1.5039 1.6059 3.9667 -16.9736 1.7385 50.8918 1.5409 0.9815
Car 0.0000 0.0000 0.0000 149.0000 182.0000 172.0000 199.0000 1.4903 1.6394 3.8952 -40.6788 2.2201 65.3735 1.0347 0.9726
Car 0.0000 0.0000 0.0000 234.0000 185.0000 325.0000 227.0000 1.5208 1.6255 4.1173 -13.0822 1.9695 28.8307 1.5708 0.9679
Car 0.0000 0.0000 0.0000 109.0000 174.0000 141.0000 194.0000 1.6351 1.7090 4.1197 -40.6234 1.6511 60.5417 1.1068 0.9650
Car 0.0000 0.0000 0.0000 397.0000 184.0000 438.0000 206.0000 1.4990 1.6266 4.0579 -13.4744 2.1935 51.0251 1.5708 0.9627
