Car 0.0000 0.0000 0.0000 282.0000 154.0000 459.0000 213.0000 1.5711 1.7074 4.4293 -6.6833 1.0561 20.3623 0.0472 0.9999
Car 0.0000 0.0000 0.0000 -142.0000 183.0000 257.0000 318.0000 1.4686 1.6013 3.7364 -6.6345 1.6085 8.8652 0.0295 0.9997
Car 0.0000 0.0000 0.0000 175.0000 181.0000 386.0000 252.0000 1.4904 1.6463 4.0383 -7.3441 1.6596 16.2195 0.0808 0.9996
Car 0.0000 0.0000 0.0000 -246.0000 200.0000 259.0000 402.0000 1.5057 1.6294 3.9169 -5.6065 1.7834 6.7743 0.2297 0.9996
Car 0.0000 0.0000 0.0000 401.0000 177.0000 498.0000 212.0000 1.5340 1.6433 4.0062 -7.2986 1.7041 33.0086 0.1423 0.9996
Car 0.0000 0.0000 0.0000 632.0000 169.0000 666.0000 199.0000 1.5115 1.6118 3.7130 2.0517 1.2614 37.3898 1.5708 0.9996
Car 0.0000 0.0000 0.0000 723.0000 176.0000 839.0000 224.0000 1.5216 1.6380 3.9288 5.9091 1.6308 25.1967 1.0212 0.9995
Car 0.0000 0.0000 0.0000 609.0000 172.0000 635.0000 197.0000 1.5147 1.6258 3.8874 0.8385 1.4149 46.8258 1.5708 0.9990
Car 0.0000 0.0000 0.0000 659.0000 145.0000 755.0000 181.0000 1.5396 1.6659 4.2803 4.5379 0.2789 33.2856 0.1620 0.9982
Car 0.0000 0.0000 0.0000 437.0000 179.0000 511.0000 207.0000 1.4984 1.5800 3.6768 -7.4557 1.7969 39.9309 0.1458 0.9942
Car 0.0000 0.0000 0.0000 233.0000 171.0000 426.0000 239.0000 1.5842 1.7085 4.3694 -7.0308 1.5426 18.1388 0.2678 0.9691
Car 0.0000 0.0000 0.0000 487.0000 175.0000 520.0000 200.0000 1.5054 1.6036 3.9146 -6.6931 1.5754 46.0623 1.5447 0.9669
