Car 0.0000 0.0000 0.0000 568.0000 183.0000 624.0000 237.0000 1.5496 1.6310 3.4828 -0.4954 1.8650 22.9152 1.5105 0.9999
Car 0.0000 0.0000 0.0000 48.0000 178.0000 286.0000 279.0000 1.5274 1.6590 4.1171 -7.6789 1.6082 12.9750 1.5708 0.9997
Car 0.0000 0.0000 0.0000 289.0000 184.0000 353.0000 221.0000 1.5170 1.6223 3.7161 -12.5243 1.9585 31.5251 1.4775 0.9996
Car 0.0000 0.0000 0.0000 342.0000 180.0000 495.0000 284.0000 1.5223 1.6252 3.7713 -3.1841 1.6467 12.6466 1.5708 0.9996
Car 0.0000 0.0000 0.0000 323.0000 184.0000 403.0000 234.0000 1.5147 1.6226 3.7425 -8.2111 1.8729 24.2996 1.5112 0.9995
Car 0.0000 0.0000 0.0000 473.0000 179.0000 507.0000 201.0000 1.5076 1.6095 3.7406 -8.4234 1.8700 51.3846 1.5708 0.9995
Car 0.0000 0.0000 0.0000 -406.0000 200.0000 359.0000 645.0000 1.5020 1.6505 4.2514 -3.1506 1.7487 4.8398 1.4929 0.9993
Car 0.0000 0.0000 0.0000 486.0000 180.0000 551.0000 227.0000 1.5073 1.6345 4.0424 -3.1304 1.7331 25.5648 1.5708 0.9991
Car 0.0000 0.0000 0.0000 535.0000 163.0000 562.0000 185.0000 1.5180 1.6218 3.8794 -4.3759 0.7420 52.4981 1.5700 0.9984
Car 0.0000 0.0000 0.0000 429.0000 174.0000 475.0000 204.0000 1.5034 1.6133 3.8687 -8.2163 1.5149 37.9950 1.5541 0.9979
Car 0.0000 0.0000 0.0000 135.0000 185.0000 266.0000 242.0000 1.4949 1.5956 3.8606 -11.9491 1.8339 21.2885 1.5708 0.9977
