Car 0.0000 0.0000 0.0000 506.0000 174.0000 571.0000 210.0000 1.5394 1.6389 3.9903 -3.1059 1.5369 32.4266 -1.3094 0.9991
Car 0.0000 0.0000 0.0000 329.0000 182.0000 386.0000 212.0000 1.5037 1.6086 3.8448 -13.2232 1.9279 38.0815 1.5708 0.9971
Car 0.0000 0.0000 0.0000 645.0000 170.0000 666.0000 186.0000 1.4987 1.6095 3.9294 4.4675 1.1412 68.6640 1.5215 0.9963
Car 0.0000 0.0000 0.0000 -119.0000 185.0000 80.0000 256.0000 1.4975 1.5938 3.8602 -15.0044 1.7743 17.4353 1.5239 0.9927
Car 0.0000 0.0000 0.0000 485.0000 180.0000 510.0000 200.0000 1.5009 1.6081 3.9706 -8.9118 2.0020 58.0633 1.5207 0.9918
Car 0.0000 0.0000 0.0000 491.0000 183.0000 521.0000 206.0000 1.4850 1.5846 3.8450 -7.0255 2.1240 49.3962 1.5566 0.9885
Car 0.0000 0.0000 0.0000 595.0000 171.0000 618.0000 193.0000 1.5064 1.5937 3.8361 -0.1837 1.3159 51.7517 1.5591 0.9865
Car 0.0000 0.0000 0.0000 1032.0000 123.0000 1187.0000 182.0000 1.5219 1.6214 3.9035 14.1024 0.2240 20.5951 1.5464 0.9817
Car 0.0000 0.0000 0.0000 978.0000 130.0000 1089.0000 178.0000 1.5437 1.6176 3.8083 14.6733 0.1297 25.1588 1.5708 0.9787
Car 0.0000 0.0000 0.0000 380.0000 185.0000 424.0000 212.0000 1.4977 1.6216 4.0303 -12.6535 2.2194 44.2766 1.5566 0.9611
