Car 0.0000 0.0000 0.0000 668.0000 182.0000 746.0000 238.0000 1.5351 1.6457 3.8032 2.8304 1.7736 21.6776 1.5167 0.9998
Car 0.0000 0.0000 0.0000 752.0000 177.0000 1073.0000 372.0000 1.5329 1.6148 3.5860 2.7772 1.5822 7.5900 1.4858 0.9995
Car 0.0000 0.0000 0.0000 -74.0000 187.0000 321.0000 319.0000 1.4704 1.6285 3.9544 -5.9588 1.6580 9.0268 0.0697 0.9995
Car 0.0000 0.0000 0.0000 709.0000 180.0000 836.0000 224.0000 1.5345 1.6851 4.2763 5.9187 1.7845 26.4702 0.0383 0.9992
Car 0.0000 0.0000 0.0000 249.0000 188.0000 451.0000 259.0000 1.5225 1.6530 4.0796 -5.9461 1.8750 16.7115 0.0630 0.9992
Car 0.0000 0.0000 0.0000 0.0000 171.0000 326.0000 281.0000 1.5478 1.6578 4.1278 -6.8346 1.5387 11.2073 0.0552 0.9987
Car 0.0000 0.0000 0.0000 125.0000 181.0000 384.0000 269.0000 1.5978 1.6866 4.3094 -6.9144 1.7580 14.2145 0.0599 0.9986
Car 0.0000 0.0000 0.0000 -342.0000 214.0000 215.0000 430.0000 1.4748 1.5838 3.6462 -5.6531 1.8629 6.2067 0.1443 0.9980
Car 0.0000 0.0000 0.0000 314.0000 180.0000 479.0000 241.0000 1.4967 1.6145 3.8575 -5.5726 1.6845 19.0308 0.0719 0.9973
Car 0.0000 0.0000 0.0000 428.0000 168.0000 521.0000 200.0000 1.6041 1.7270 4.5858 -7.1289 1.3162 38.4068 0.0611 0.9962
Car 0.0000 0.0000 0.0000 361.0000 178.0000 498.0000 227.0000 1.5490 1.6467 4.0753 -5.8648 1.6892 23.6812 0.0716 0.9843
Car 0.0000 0.0000 0.0000 522.0000 172.0000 551.0000 195.0000 1.5230 1.6212 3.9508 -5.0608 1.4114 50.9010 1.5689 0.9716
