Car 0.0000 0.0000 0.0000 660.0000 181.0000 720.0000 229.0000 1.5239 1.6134 3.5681 2.7163 1.7798 24.9456 1.5647 0.9998
Car 0.0000 0.0000 0.0000 836.0000 160.0000 1046.0000 227.0000 1.5252 1.6996 4.3736 8.0478 1.2340 17.8041 0.0373 0.9997
Car 0.0000 0.0000 0.0000 186.0000 196.0000 419.0000 344.0000 1.5160 1.6087 3.6129 -3.8511 1.8543 9.6359 1.5595 0.9996
Car 0.0000 0.0000 0.0000 388.0000 194.0000 464.0000 243.0000 1.5235 1.6582 4.0929 -6.5425 2.2975 26.0306 1.5708 0.9995
Car 0.0000 0.0000 0.0000 746.0000 174.0000 864.0000 216.0000 1.4913 1.6516 4.1042 7.3300 1.5248 27.3078 0.1108 0.9995
Car 0.0000 0.0000 0.0000 424.0000 187.0000 488.0000 228.0000 1.5092 1.6032 3.6694 -6.1670 2.0737 29.2997 1.5708 0.9993
Car 0.0000 0.0000 0.0000 -1933.0000 209.0000 217.0000 1232.0000 1.5292 1.6217 3.8112 -3.5537 1.7705 3.1293 1.5362 0.9991
Car 0.0000 0.0000 0.0000 797.0000 172.0000 972.0000 230.0000 1.5676 1.7152 4.4263 7.8905 1.5441 20.9829 0.0272 0.9984
Car 0.0000 0.0000 0.0000 473.0000 184.0000 513.0000 213.0000 1.4995 1.6002 3.7901 -6.5025 2.0805 40.6636 1.5708 0.9981
Car 0.0000 0.0000 0.0000 1079.0000 155.0000 1205.0000 193.0000 1.4712 1.6047 3.9453 22.3710 0.7463 30.3579 1.0922 0.9979
Car 0.0000 0.0000 0.0000 1040.0000 151.0000 1120.0000 185.0000 1.4885 1.6150 3.9898 22.0672 0.4838 33.8951 -1.4222 0.9978
Car 0.0000 0.0000 0.0000 310.0000 187.0000 420.0000 254.0000 1.5015 1.6060 3.7879 -6.2249 1.8785 18.7001 1.5625 0.9969
Car 0.0000 0.0000 0.0000 980.0000 161.0000 1078.0000 192.0000 1.4906 1.6208 4.0084 21.5286 0.8889 37.0293 0.1184 0.9954
Car 0.0000 0.0000 0.0000 1116.0000 153.0000 1270.0000 197.0000 1.5689 1.6903 4.3751 22.0376 0.8280 27.2841 0.0480 0.9949
Car 0.0000 0.0000 0.0000 722.0000 178.0000 746.0000 198.0000 1.4945 1.5945 3.8492 9.7781 1.7977 56.3593 -1.4544 0.9771
Car 0.0000 0.0000 0.0000 518.0000 181.0000 559.0000 210.0000 1.5461 1.6720 4.2964 -3.8942 1.9276 40.3794 1.5708 0.9619
Car 0.0000 0.0000 0.0000 525.0000 188.0000 546.0000 206.0000 1.5105 1.6140 3.8580 -6.5002 2.7526 64.2575 1.5417 0.9619
