Car 0.0000 0.0000 0.0000 760.0000 180.0000 1018.0000 342.0000 1.5273 1.6038 3.4393 3.0082 1.6022 8.5937 1.5291 0.9998
Car 0.0000 0.0000 0.0000 324.0000 183.0000 434.0000 249.0000 1.5250 1.6490 3.9380 -5.9390 1.7901 19.0061 1.5679 0.9998
Car 0.0000 0.0000 0.0000 56.0000 199.0000 323.0000 333.0000 1.5278 1.6509 3.9921 -6.0025 1.9649 10.8576 1.5708 0.9997
Car 0.0000 0.0000 0.0000 543.0000 177.0000 570.0000 202.0000 1.5113 1.6369 3.8802 -3.3907 1.7486 47.2264 1.5388 0.9997
Car 0.0000 0.0000 0.0000 -1085.0000 208.0000 59.0000 624.0000 1.5159 1.6454 4.0599 -6.1866 1.8393 4.9772 1.5433 0.9995
Car 0.0000 0.0000 0.0000 638.0000 173.0000 660.0000 193.0000 1.5281 1.6332 3.9346 3.2406 1.4600 58.1180 1.5708 0.9988
Car 0.0000 0.0000 0.0000 509.0000 180.0000 540.0000 202.0000 1.5032 1.6158 3.8527 -5.9609 1.9483 51.3526 1.5708 0.9987
Car 0.0000 0.0000 0.0000 1009.0000 154.0000 1094.0000 181.0000 1.5849 1.6784 4.2475 27.7333 0.4071 45.1921 0.0497 0.9986
Car 0.0000 0.0000 0.0000 470.0000 183.0000 509.0000 216.0000 1.4987 1.6213 3.9837 -5.8418 1.9404 35.5651 1.4824 0.9986
Car 0.0000 0.0000 0.0000 397.0000 185.0000 469.0000 232.0000 1.4897 1.6108 3.9998 -6.1599 1.9056 25.4948 1.5616 0.9951
