Car 0.0000 0.0000 0.0000 416.0000 177.0000 519.0000 252.0000 1.5378 1.6133 3.4570 -3.1621 1.6208 16.5471 1.5708 0.9998
Car 0.0000 0.0000 0.0000 1078.0000 157.0000 1203.0000 193.0000 1.5490 1.7023 4.3684 23.9313 0.8269 32.5171 0.0239 0.9991
Car 0.0000 0.0000 0.0000 485.0000 175.0000 510.0000 195.0000 1.5008 1.6144 3.8886 -8.8025 1.5800 57.1330 1.5007 0.9985
Car 0.0000 0.0000 0.0000 904.0000 151.0000 1012.0000 207.0000 1.5042 1.5704 3.4975 10.2417 0.9073 21.4311 1.5708 0.9963
Car 0.0000 0.0000 0.0000 327.0000 178.0000 363.0000 201.0000 1.4999 1.6165 4.1027 -18.5639 1.8292 50.8530 1.4224 0.9948
Car 0.0000 0.0000 0.0000 977.0000 157.0000 1093.0000 192.0000 1.4982 1.6608 4.1616 19.1140 0.7840 32.4310 0.0719 0.9942
Car 0.0000 0.0000 0.0000 643.0000 183.0000 669.0000 205.0000 1.4901 1.6018 3.8955 3.3189 2.0981 49.8630 -1.4651 0.9937
Car 0.0000 0.0000 0.0000 699.0000 174.0000 755.0000 207.0000 1.5072 1.6160 3.8709 5.7949 1.5524 35.8460 1.4264 0.9936
Car 0.0000 0.0000 0.0000 236.0000 164.0000 278.0000 187.0000 1.5359 1.6285 3.9524 -24.2074 0.8867 49.6397 1.3912 0.9902
Car 0.0000 0.0000 0.0000 414.0000 168.0000 472.0000 208.0000 1.5094 1.5828 3.6571 -6.6916 1.3042 29.2553 1.5514 0.9793
Car 0.0000 0.0000 0.0000 1179.0000 162.0000 1305.0000 203.0000 1.5046 1.6188 4.0020 24.5276 1.0740 28.0997 1.5708 0.9761
Car 0.0000 0.0000 0.0000 -1762.0000 195.0000 -1154.0000 290.0000 1.5421 1.6831 4.1059 -41.2031 2.0169 14.6509 1.1057 0.9719
Car 0.0000 0.0000 0.0000 -1099.0000 192.0000 -762.0000 259.0000 1.5421 1.6831 4.1059 -41.2018 2.0531 19.4781 1.1057 0.9719
Car 0.0000 0.0000 0.0000 -726.0000 189.0000 -512.0000 241.0000 1.5421 1.6831 4.1058 -41.2005 2.0892 24.3052 1.1057 0.9717
Car 0.0000 0.0000 0.0000 -486.0000 188.0000 -340.0000 230.0000 1.5425 1.6830 4.1049 -41.1990 2.1247 29.1309 1.1056 0.9696
Car 0.0000 0.0000 0.0000 -103.0000 185.0000 -40.0000 213.0000 1.5426 1.6829 4.1046 -41.1950 2.2329 43.6119 1.1056 0.9687
Car 0.0000 0.0000 0.0000 -320.0000 187.0000 -213.0000 223.0000 1.5431 1.6828 4.1035 -41.1975 2.1598 33.9558 1.1056 0.9658
Car 0.0000 0.0000 0.0000 564.0000 184.0000 596.0000 212.0000 1.5072 1.6163 3.9865 -1.6835 2.1393 42.8299 1.5708 0.9641
Car 0.0000 0.0000 0.0000 -197.0000 186.0000 -116.0000 217.0000 1.5434 1.6827 4.1029 -41.1961 2.1954 38.7819 1.1055 0.9639
Car 0.0000 0.0000 0.0000 -40.0000 185.0000 12.0000 210.0000 1.5431 1.6818 4.0974 -41.1931 2.2613 47.6402 1.1060 0.9626
