Car 0.0000 0.0000 0.0000 -54.0000 198.0000 281.0000 363.0000 1.5128 1.6331 3.9286 -5.8778 1.8810 9.1303 1.5421 0.9998
Car 0.0000 0.0000 0.0000 758.0000 178.0000 1052.0000 352.0000 1.5426 1.6228 3.5489 3.0480 1.6065 8.3281 1.4625 0.9997
Car 0.0000 0.0000 0.0000 235.0000 192.0000 379.0000 286.0000 1.5313 1.6239 3.6735 -5.8518 1.9362 14.3179 1.4734 0.9997
Car 0.0000 0.0000 0.0000 919.0000 186.0000 2398.0000 929.0000 1.5306 1.6067 3.5304 2.9957 1.6082 3.3103 1.5437 0.9993
Car 0.0000 0.0000 0.0000 720.0000 179.0000 857.0000 271.0000 1.5283 1.6216 3.7311 3.3049 1.6446 14.0796 1.5387 0.9992
Car 0.0000 0.0000 0.0000 310.0000 192.0000 338.0000 217.0000 1.5164 1.6444 3.9711 -19.0788 2.7464 48.3631 1.2268 0.9986
Car 0.0000 0.0000 0.0000 270.0000 191.0000 306.0000 216.0000 1.5154 1.6260 3.8344 -21.3234 2.6976 47.9308 1.2950 0.9974
Car 0.0000 0.0000 0.0000 722.0000 160.0000 759.0000 187.0000 1.7689 1.7242 4.3159 9.0468 0.8642 49.7719 1.5708 0.9962
Car 0.0000 0.0000 0.0000 212.0000 192.0000 278.0000 222.0000 1.4885 1.5745 3.6167 -19.5883 2.4992 38.6871 0.5748 0.9960
Car 0.0000 0.0000 0.0000 729.0000 178.0000 773.0000 205.0000 1.5196 1.6159 4.0488 8.5355 1.7711 43.5206 1.5232 0.9927
Car 0.0000 0.0000 0.0000 328.0000 186.0000 360.0000 206.0000 1.4956 1.6141 3.9278 -21.0578 2.4818 57.4865 1.4286 0.9872
Car 0.0000 0.0000 0.0000 904.0000 160.0000 938.0000 182.0000 1.5171 1.5973 3.7137 22.7498 0.5679 52.5316 -1.3441 0.9697
