Car 0.0000 0.0000 0.0000 4.0000 183.0000 367.0000 297.0000 1.5004 1.7079 4.3434 -6.0689 1.6584 10.5913 0.0207 1.0000
Car 0.0000 0.0000 0.0000 679.0000 176.0000 782.0000 251.0000 1.5352 1.6357 3.7710 2.6826 1.6072 16.8532 1.5313 0.9998
Car 0.0000 0.0000 0.0000 665.0000 176.0000 719.0000 222.0000 1.5333 1.6371 3.8114 2.8977 1.6204 25.8787 1.5708 0.9996
Car 0.0000 0.0000 0.0000 272.0000 174.0000 464.0000 241.0000 1.5346 1.6698 4.1666 -5.8841 1.5629 17.7835 0.0633 0.9996
Car 0.0000 0.0000 0.0000 550.0000 177.0000 591.0000 205.0000 1.4920 1.6283 4.0821 -2.1229 1.6958 41.2373 -1.4436 0.9994
Car 0.0000 0.0000 0.0000 424.0000 181.0000 521.0000 217.0000 1.5594 1.6338 3.9853 -6.1044 1.8881 32.3790 0.0909 0.9989
Car 0.0000 0.0000 0.0000 286.0000 158.0000 449.0000 217.0000 1.5596 1.6480 4.0931 -6.8527 1.1625 20.5561 0.0894 0.9977
Car 0.0000 0.0000 0.0000 500.0000 174.0000 551.0000 198.0000 1.5361 1.6211 3.9078 -5.5733 1.5545 47.9804 0.9278 0.9952
Car 0.0000 0.0000 0.0000 642.0000 173.0000 671.0000 199.0000 1.4958 1.5917 3.7708 3.0003 1.4737 44.5417 -1.4577 0.9896
Car 0.0000 0.0000 0.0000 433.0000 180.0000 507.0000 228.0000 1.5020 1.6000 3.8917 -4.6544 1.7129 24.5125 1.5708 0.9887
Car 0.0000 0.0000 0.0000 515.0000 184.0000 563.0000 217.0000 1.5055 1.6244 3.9823 -3.3867 2.0154 35.6498 -1.4723 0.9787
