Car 0.0000 0.0000 0.0000 220.0000 188.0000 390.0000 282.0000 1.5311 1.6493 3.8569 -5.7981 1.8475 14.1838 1.5708 0.9998
Car 0.0000 0.0000 0.0000 767.0000 183.0000 1099.0000 374.0000 1.5321 1.6428 3.8785 3.0929 1.6505 7.9117 1.4881 0.9997
Car 0.0000 0.0000 0.0000 720.0000 176.0000 862.0000 273.0000 1.5257 1.6210 3.7389 3.1485 1.5843 13.3063 1.5616 0.9995
Car 0.0000 0.0000 0.0000 349.0000 183.0000 378.0000 205.0000 1.5074 1.6282 3.9441 -18.2037 2.1996 53.5310 1.3489 0.9992
Car 0.0000 0.0000 0.0000 702.0000 166.0000 793.0000 231.0000 1.5061 1.5930 3.6688 3.4570 1.3343 18.6664 1.5633 0.9985
Car 0.0000 0.0000 0.0000 342.0000 186.0000 442.0000 250.0000 1.5018 1.5873 3.6450 -5.7360 1.8525 19.3245 1.5660 0.9982
Car 0.0000 0.0000 0.0000 694.0000 162.0000 730.0000 187.0000 1.8244 1.7625 4.4944 7.8312 0.9601 54.8788 1.4951 0.9863
Car 0.0000 0.0000 0.0000 396.0000 181.0000 462.0000 206.0000 1.4868 1.5800 3.6656 -11.0201 1.9496 44.1105 0.3987 0.9683
Car 0.0000 0.0000 0.0000 354.0000 185.0000 393.0000 208.0000 1.4938 1.5921 3.8011 -15.9929 2.2296 49.1453 1.5218 0.9632
Car 0.0000 0.0000 0.0000 689.0000 171.0000 756.0000 196.0000 1.5556 1.6757 4.2652 7.4290 1.4160 47.2117 0.1406 0.9615
