Car 0.0000 0.0000 0.0000 467.0000 180.0000 503.0000 206.0000 1.5179 1.6341 3.9800 -7.7215 1.9251 45.2869 1.5577 0.9991
Car 0.0000 0.0000 0.0000 1106.0000 209.0000 1209.0000 249.0000 1.4860 1.6372 4.0792 23.9794 3.1174 31.6599 1.5708 0.9960
Car 0.0000 0.0000 0.0000 470.0000 170.0000 495.0000 189.0000 1.5261 1.6235 4.0438 -10.5417 1.1927 60.4703 1.5097 0.9945
Car 0.0000 0.0000 0.0000 932.0000 190.0000 966.0000 208.0000 1.4951 1.6246 3.9494 30.8059 3.0250 65.2392 -1.4443 0.9936
Car 0.0000 0.0000 0.0000 624.0000 165.0000 643.0000 183.0000 1.5290 1.6127 3.8980 2.2257 0.7440 63.8473 1.5708 0.9925
Car 0.0000 0.0000 0.0000 589.0000 172.0000 607.0000 189.0000 1.6302 1.6836 4.0104 -1.0341 1.4206 71.3445 1.5708 0.9915
Car 0.0000 0.0000 0.0000 1005.0000 190.0000 1050.0000 210.0000 1.4909 1.6424 4.0560 35.2306 2.9074 60.6965 1.5708 0.9903
Car 0.0000 0.0000 0.0000 422.0000 182.0000 456.0000 205.0000 1.4989 1.5974 3.9387 -11.5693 2.0555 49.2637 1.5304 0.9857
Car 0.0000 0.0000 0.0000 330.0000 183.0000 360.0000 199.0000 1.4700 1.5980 3.9967 -24.3142 2.2744 66.4631 1.4822 0.9851
Car 0.0000 0.0000 0.0000 422.0000 184.0000 456.0000 204.0000 1.4958 1.6123 4.0026 -13.4569 2.2756 57.3332 1.5708 0.9839
Car 0.0000 0.0000 0.0000 724.0000 122.0000 1052.0000 240.0000 1.4988 1.6516 4.1306 3.7831 0.8654 10.4504 0.2270 0.9787
Car 0.0000 0.0000 0.0000 504.0000 182.0000 537.0000 205.0000 1.4955 1.6134 3.9703 -6.0346 2.0701 49.6154 1.5708 0.9779
Car 0.0000 0.0000 0.0000 970.0000 195.0000 1026.0000 220.0000 1.4905 1.6428 4.0776 26.4205 2.9753 48.9894 1.5708 0.9747
Car 0.0000 0.0000 0.0000 -1762.0000 195.0000 -1154.0000 290.0000 1.5421 1.6831 4.1059 -41.2031 2.0169 14.6509 1.1057 0.9719
Car 0.0000 0.0000 0.0000 -1099.0000 192.0000 -762.0000 259.0000 1.5421 1.6831 4.1059 -41.2018 2.0531 19.4781 1.1057 0.9719
Car 0.0000 0.0000 0.0000 -726.0000 189.0000 -512.0000 241.0000 1.5421 1.6831 4.1057 -41.2005 2.0891 24.3050 1.1057 0.9715
Car 0.0000 0.0000 0.0000 65.0000 184.0000 102.0000 205.0000 1.5423 1.6830 4.1054 -41.1916 2.3298 56.4858 1.1057 0.9707
Car 0.0000 0.0000 0.0000 109.0000 184.0000 140.0000 203.0000 1.5427 1.6829 4.1045 -41.1902 2.3654 61.3116 1.1056 0.9686
Car 0.0000 0.0000 0.0000 -486.0000 188.0000 -340.0000 230.0000 1.5428 1.6829 4.1043 -41.1989 2.1242 29.1299 1.1056 0.9680
