Car 0.0000 0.0000 0.0000 460.0000 181.0000 511.0000 219.0000 1.5218 1.6498 3.9006 -5.3404 1.8183 30.6874 1.2762 0.9998
Car 0.0000 0.0000 0.0000 -448.0000 197.0000 164.0000 465.0000 1.5265 1.6374 3.9216 -5.9037 1.7884 6.4339 1.4741 0.9996
Car 0.0000 0.0000 0.0000 83.0000 185.0000 206.0000 238.0000 1.5091 1.6500 4.1104 -15.0545 1.9071 23.5597 1.4823 0.9996
Car 0.0000 0.0000 0.0000 930.0000 188.0000 2964.0000 1217.0000 1.5301 1.6093 3.5922 2.9656 1.6156 2.9454 1.5142 0.9990
Car 0.0000 0.0000 0.0000 533.0000 181.0000 571.0000 210.0000 1.4996 1.6156 3.9220 -3.1173 1.8808 39.8679 1.5708 0.9985
Car 0.0000 0.0000 0.0000 530.0000 182.0000 562.0000 205.0000 1.4954 1.6097 3.9363 -4.2651 2.0518 49.0530 1.5708 0.9947
Car 0.0000 0.0000 0.0000 391.0000 185.0000 439.0000 216.0000 1.5026 1.6201 4.0255 -10.4051 2.1371 38.9248 1.5450 0.9945
Car 0.0000 0.0000 0.0000 642.0000 178.0000 668.0000 200.0000 1.4881 1.5916 3.7952 3.3883 1.8013 52.5155 -1.4365 0.9941
Car 0.0000 0.0000 0.0000 12.0000 181.0000 112.0000 231.0000 1.5077 1.5964 3.7341 -18.1601 1.7519 24.0658 1.2320 0.9832
Car 0.0000 0.0000 0.0000 421.0000 177.0000 452.0000 197.0000 1.4980 1.6006 3.8866 -13.1448 1.7179 55.1577 1.5250 0.9831
Car 0.0000 0.0000 0.0000 402.0000 185.0000 444.0000 209.0000 1.4942 1.6270 4.1158 -12.2577 2.2146 47.6547 1.5708 0.9754
Car 0.0000 0.0000 0.0000 377.0000 175.0000 409.0000 196.0000 1.5017 1.6127 4.0609 -16.4044 1.5930 54.8983 1.4696 0.9712
