Car 0.0000 0.0000 0.0000 786.0000 176.0000 1020.0000 315.0000 1.5237 1.6159 3.5696 3.6923 1.5719 9.8226 1.5381 0.9999
Car 0.0000 0.0000 0.0000 727.0000 178.0000 864.0000 264.0000 1.5203 1.6541 4.1218 3.6412 1.6116 14.9366 1.5438 0.9997
Car 0.0000 0.0000 0.0000 302.0000 188.0000 449.0000 277.0000 1.5176 1.6458 4.0142 -4.6418 1.8471 14.8153 1.5708 0.9997
Car 0.0000 0.0000 0.0000 963.0000 194.0000 2219.0000 755.0000 1.5138 1.6325 3.9542 3.7509 1.6736 4.0410 1.5681 0.9996
Car 0.0000 0.0000 0.0000 61.0000 192.0000 370.0000 351.0000 1.5105 1.6494 4.1501 -4.6642 1.7805 9.2607 1.5708 0.9996
Car 0.0000 0.0000 0.0000 390.0000 180.0000 485.0000 243.0000 1.5278 1.6472 4.0236 -4.6377 1.7188 19.9614 1.5708 0.9996
Car 0.0000 0.0000 0.0000 706.0000 176.0000 788.0000 236.0000 1.5045 1.6119 3.8515 3.7390 1.5894 20.1913 1.5708 0.9988
Car 0.0000 0.0000 0.0000 696.0000 173.0000 757.0000 219.0000 1.5090 1.6172 3.9288 4.1022 1.5039 25.7149 1.5708 0.9979
Car 0.0000 0.0000 0.0000 508.0000 177.0000 552.0000 209.0000 1.4929 1.6075 3.9202 -3.9154 1.6632 36.2136 1.5708 0.9966
Car 0.0000 0.0000 0.0000 1172.0000 152.0000 1380.0000 224.0000 1.5105 1.5805 3.6814 15.5297 1.0653 17.0799 1.5708 0.9745
Car 0.0000 0.0000 0.0000 691.0000 173.0000 736.0000 211.0000 1.5013 1.5926 3.8348 4.3976 1.4787 30.8906 1.5708 0.9668
