Car 0.0000 0.0000 0.0000 657.0000 177.0000 706.0000 220.0000 1.5228 1.6167 3.5522 2.7036 1.6591 27.4846 1.5708 0.9998
Car 0.0000 0.0000 0.0000 704.0000 173.0000 835.0000 267.0000 1.5400 1.6186 3.5093 2.8378 1.5400 13.5837 1.5559 0.9998
Car 0.0000 0.0000 0.0000 90.0000 181.0000 383.0000 280.0000 1.5256 1.6607 4.1399 -6.2075 1.6698 12.1812 0.0636 0.9996
Car 0.0000 0.0000 0.0000 828.0000 184.0000 1589.0000 615.0000 1.5457 1.6358 3.7031 2.7347 1.6302 4.5022 1.5641 0.9995
Car 0.0000 0.0000 0.0000 219.0000 148.0000 429.0000 220.0000 1.5922 1.6935 4.3536 -6.7158 1.0426 17.1527 0.0696 0.9995
Car 0.0000 0.0000 0.0000 694.0000 176.0000 741.0000 210.0000 1.5011 1.5902 3.6420 4.9922 1.5963 33.5619 1.5696 0.9984
Car 0.0000 0.0000 0.0000 381.0000 175.0000 510.0000 222.0000 1.5120 1.6375 4.0126 -5.5999 1.5849 24.8605 0.0473 0.9980
Car 0.0000 0.0000 0.0000 270.0000 176.0000 431.0000 234.0000 1.5059 1.6164 3.8731 -7.0892 1.5930 19.8408 0.1635 0.9976
Car 0.0000 0.0000 0.0000 528.0000 174.0000 554.0000 195.0000 1.6192 1.6385 3.8595 -5.2814 1.6040 56.7498 1.5708 0.9955
Car 0.0000 0.0000 0.0000 340.0000 179.0000 487.0000 231.0000 1.5564 1.6638 4.1767 -6.1546 1.7311 22.7954 0.1303 0.9902
Car 0.0000 0.0000 0.0000 -254.0000 180.0000 222.0000 347.0000 1.5664 1.6444 3.9769 -6.6221 1.6486 7.7822 0.1164 0.9898
Car 0.0000 0.0000 0.0000 188.0000 180.0000 408.0000 259.0000 1.5082 1.6289 3.9307 -6.4199 1.6501 14.9380 0.1644 0.9749
