Car 0.0000 0.0000 0.0000 855.0000 177.0000 1209.0000 289.0000 1.4954 1.6906 4.2528 6.0589 1.5685 10.7317 0.0117 1.0000
Car 0.0000 0.0000 0.0000 0.0000 174.0000 302.0000 283.0000 1.4736 1.6013 3.7488 -6.8409 1.5050 10.8309 0.1705 0.9995
Car 0.0000 0.0000 0.0000 208.0000 185.0000 421.0000 259.0000 1.4735 1.6242 3.9192 -6.2892 1.7335 15.5589 0.0362 0.9995
Car 0.0000 0.0000 0.0000 641.0000 177.0000 672.0000 206.0000 1.5046 1.6211 3.8528 2.6394 1.6612 39.6218 1.5708 0.9995
Car 0.0000 0.0000 0.0000 803.0000 184.0000 1282.0000 471.0000 1.5413 1.6208 3.6434 2.8505 1.6461 5.7999 1.5619 0.9992
Car 0.0000 0.0000 0.0000 432.0000 173.0000 523.0000 206.0000 1.4958 1.6252 3.9699 -6.1488 1.4756 33.8799 0.0250 0.9991
Car 0.0000 0.0000 0.0000 297.0000 155.0000 455.0000 209.0000 1.5916 1.6956 4.3936 -7.2392 1.0419 22.5173 0.0597 0.9990
Car 0.0000 0.0000 0.0000 709.0000 182.0000 837.0000 229.0000 1.4981 1.6417 4.0497 5.4458 1.7993 24.3719 0.1123 0.9988
Car 0.0000 0.0000 0.0000 -137.0000 187.0000 312.0000 345.0000 1.5104 1.6362 3.9889 -5.6664 1.6850 8.0030 0.1129 0.9988
Car 0.0000 0.0000 0.0000 298.0000 184.0000 447.0000 240.0000 1.4820 1.5844 3.6790 -6.6761 1.7991 20.3691 0.2045 0.9981
Car 0.0000 0.0000 0.0000 736.0000 177.0000 895.0000 232.0000 1.5229 1.6642 4.2234 5.9878 1.6272 21.2642 0.0366 0.9980
Car 0.0000 0.0000 0.0000 871.0000 176.0000 1006.0000 268.0000 1.4623 1.6165 3.9650 6.3082 1.5138 13.6065 -0.9615 0.9971
Car 0.0000 0.0000 0.0000 805.0000 176.0000 903.0000 238.0000 1.4366 1.5737 3.7402 6.4918 1.5074 18.9376 -1.0002 0.9966
Car 0.0000 0.0000 0.0000 779.0000 189.0000 993.0000 261.0000 1.5076 1.6556 4.2572 6.0991 1.8723 16.3443 0.1559 0.9963
Car 0.0000 0.0000 0.0000 123.0000 174.0000 394.0000 270.0000 1.5780 1.6833 4.2560 -6.3482 1.6147 13.1318 0.1722 0.9959
Car 0.0000 0.0000 0.0000 712.0000 175.0000 835.0000 220.0000 1.5466 1.6639 4.1756 5.9426 1.6165 26.4149 0.0545 0.9924
Car 0.0000 0.0000 0.0000 446.0000 179.0000 529.0000 210.0000 1.5370 1.6096 3.8374 -6.1690 1.7993 36.7227 0.2046 0.9898
Car 0.0000 0.0000 0.0000 -432.0000 185.0000 147.0000 420.0000 1.5475 1.6183 3.9109 -6.2251 1.6655 6.0294 0.2375 0.9770
Car 0.0000 0.0000 0.0000 624.0000 177.0000 646.0000 198.0000 1.5075 1.6021 3.8389 2.0500 1.7743 54.7273 1.5708 0.9740
