Car 0.0000 0.0000 0.0000 281.0000 174.0000 464.0000 236.0000 1.5494 1.6962 4.3645 -6.3063 1.5895 19.4208 0.0222 0.9998
Car 0.0000 0.0000 0.0000 693.0000 173.0000 854.0000 279.0000 1.5446 1.6622 4.0470 2.6286 1.5503 12.6137 1.5100 0.9998
Car 0.0000 0.0000 0.0000 -277.0000 197.0000 225.0000 362.0000 1.4822 1.6304 3.8835 -6.4275 1.7566 7.5200 0.0345 0.9996
Car 0.0000 0.0000 0.0000 659.0000 178.0000 728.0000 229.0000 1.5283 1.6340 3.8812 2.6946 1.6793 23.9019 1.5137 0.9996
Car 0.0000 0.0000 0.0000 425.0000 180.0000 516.0000 214.0000 1.5356 1.6305 3.9322 -6.6019 1.8470 34.3370 0.1515 0.9994
Car 0.0000 0.0000 0.0000 -25.0000 186.0000 338.0000 312.0000 1.5213 1.6445 4.0184 -6.0557 1.7204 9.8227 0.0736 0.9994
Car 0.0000 0.0000 0.0000 672.0000 180.0000 766.0000 246.0000 1.5017 1.6017 3.7606 2.6636 1.6624 18.3738 1.5173 0.9982
Car 0.0000 0.0000 0.0000 639.0000 176.0000 685.0000 208.0000 1.4875 1.5851 3.7236 2.6687 1.6128 35.7458 -1.3029 0.9982
Car 0.0000 0.0000 0.0000 382.0000 179.0000 496.0000 223.0000 1.5388 1.6116 3.8255 -6.3224 1.7517 26.7476 0.2740 0.9974
Car 0.0000 0.0000 0.0000 257.0000 185.0000 396.0000 256.0000 1.4478 1.5705 3.6166 -6.5393 1.7347 16.9963 -1.4755 0.9969
Car 0.0000 0.0000 0.0000 314.0000 165.0000 465.0000 220.0000 1.5705 1.6488 4.0948 -6.6735 1.3431 22.0581 0.0915 0.9968
Car 0.0000 0.0000 0.0000 628.0000 175.0000 656.0000 199.0000 1.5092 1.6063 3.7889 2.1186 1.5871 46.6587 1.5532 0.9949
Car 0.0000 0.0000 0.0000 126.0000 179.0000 375.0000 277.0000 1.5230 1.6063 3.8036 -6.2158 1.6235 12.4661 0.3039 0.9885
