Car 0.0000 0.0000 0.0000 22.0000 179.0000 368.0000 287.0000 1.5517 1.7318 4.5460 -6.4593 1.6565 11.4901 0.0324 0.9999
Car 0.0000 0.0000 0.0000 644.0000 182.0000 701.0000 225.0000 1.5388 1.6239 3.4872 2.3946 1.8633 28.0959 1.4862 0.9998
Car 0.0000 0.0000 0.0000 -132.0000 199.0000 279.0000 334.0000 1.4749 1.6381 4.0197 -6.6218 1.8401 9.1487 -0.0051 0.9997
Car 0.0000 0.0000 0.0000 341.0000 190.0000 479.0000 238.0000 1.4890 1.6434 4.0491 -6.5372 2.0320 23.7592 0.1331 0.9994
Car 0.0000 0.0000 0.0000 809.0000 180.0000 1009.0000 260.0000 1.5209 1.6365 3.8465 6.3827 1.6621 15.8203 1.0545 0.9994
Car 0.0000 0.0000 0.0000 622.0000 182.0000 662.0000 212.0000 1.4954 1.6113 3.8696 1.7659 1.9104 37.5739 -1.3936 0.9984
Car 0.0000 0.0000 0.0000 258.0000 191.0000 421.0000 252.0000 1.5005 1.5935 3.7022 -7.0861 1.9748 18.9939 0.1346 0.9978
Car 0.0000 0.0000 0.0000 226.0000 195.0000 388.0000 270.0000 1.4860 1.5734 3.6564 -6.9311 1.9941 16.3354 0.5638 0.9911
Car 0.0000 0.0000 0.0000 454.0000 176.0000 520.0000 201.0000 1.5308 1.6225 3.9121 -7.8122 1.7056 46.3408 0.0706 0.9901
Car 0.0000 0.0000 0.0000 394.0000 191.0000 489.0000 228.0000 1.4570 1.5688 3.6103 -7.1268 2.2304 30.7283 0.1928 0.9890
Car 0.0000 0.0000 0.0000 -407.0000 184.0000 151.0000 370.0000 1.6150 1.6771 4.2293 -7.2954 1.7408 7.3152 0.0883 0.9800
Car 0.0000 0.0000 0.0000 762.0000 144.0000 820.0000 195.0000 1.5863 1.6332 3.8757 6.1064 0.6668 24.5458 -1.3989 0.9613
