Car 0.0000 0.0000 0.0000 415.0000 189.0000 481.0000 233.0000 1.5192 1.6263 3.7040 -6.1706 2.1463 27.8258 1.5708 0.9998
Car 0.0000 0.0000 0.0000 128.0000 198.0000 212.0000 235.0000 1.5171 1.6562 4.0433 -20.9404 2.7467 34.4962 1.5311 0.9997
Car 0.0000 0.0000 0.0000 654.0000 172.0000 702.0000 210.0000 1.5191 1.6369 3.9369 2.9406 1.4779 31.4258 1.5579 0.9995
Car 0.0000 0.0000 0.0000 -879.0000 223.0000 82.0000 611.0000 1.5220 1.6441 3.9417 -6.1446 2.0132 5.3019 1.5356 0.9994
Car 0.0000 0.0000 0.0000 185.0000 198.0000 248.0000 234.0000 1.5106 1.6546 4.0909 -18.7656 2.7135 34.5654 1.3342 0.9991
Car 0.0000 0.0000 0.0000 451.0000 189.0000 500.0000 225.0000 1.4999 1.6157 3.8927 -6.1129 2.2236 33.2766 1.5546 0.9987
Car 0.0000 0.0000 0.0000 88.0000 200.0000 170.0000 236.0000 1.5197 1.6553 4.0308 -23.5549 2.8686 35.4743 1.4763 0.9982
Car 0.0000 0.0000 0.0000 827.0000 163.0000 862.0000 185.0000 1.6529 1.6818 4.1504 18.4780 0.8625 56.5215 -1.4745 0.9964
Car 0.0000 0.0000 0.0000 481.0000 181.0000 517.0000 209.0000 1.4962 1.6075 3.9365 -6.2736 1.9050 41.4143 1.5358 0.9957
Car 0.0000 0.0000 0.0000 26.0000 201.0000 118.0000 237.0000 1.5300 1.6618 4.0571 -26.1933 2.9375 35.2967 1.5148 0.9901
Car 0.0000 0.0000 0.0000 523.0000 183.0000 547.0000 203.0000 1.5084 1.6147 3.9596 -5.8915 2.2292 58.0314 1.5525 0.9739
Car 0.0000 0.0000 0.0000 -368.0000 99.0000 41.0000 236.0000 1.5256 1.6127 3.8940 -10.2978 0.7004 10.0654 1.5412 0.9697
Car 0.0000 0.0000 0.0000 315.0000 195.0000 393.0000 255.0000 1.5130 1.5925 3.6839 -7.6022 2.1763 21.1717 1.0746 0.9649
