Car 0.0000 0.0000 0.0000 709.0000 180.0000 840.0000 269.0000 1.5294 1.6436 3.9065 3.1428 1.6708 14.5519 1.5482 0.9998
Car 0.0000 0.0000 0.0000 -175.0000 185.0000 261.0000 378.0000 1.4843 1.6275 3.9040 -5.6198 1.6189 7.0936 0.3721 0.9998
Car 0.0000 0.0000 0.0000 225.0000 185.0000 446.0000 264.0000 1.4759 1.6157 3.8393 -5.4724 1.7230 14.5590 0.0965 0.9996
Car 0.0000 0.0000 0.0000 119.0000 181.0000 419.0000 286.0000 1.5654 1.6723 4.2000 -5.5001 1.7008 11.8197 0.1071 0.9996
Car 0.0000 0.0000 0.0000 660.0000 180.0000 704.0000 216.0000 1.5157 1.6161 3.7023 3.3022 1.8142 33.1432 1.5602 0.9996
Car 0.0000 0.0000 0.0000 533.0000 182.0000 580.0000 221.0000 1.4890 1.6396 4.2590 -2.1392 1.8249 29.9859 1.5697 0.9993
Car 0.0000 0.0000 0.0000 804.0000 187.0000 1358.0000 508.0000 1.5130 1.6250 3.8981 2.8008 1.6419 5.4783 1.5657 0.9993
Car 0.0000 0.0000 0.0000 326.0000 177.0000 485.0000 234.0000 1.5365 1.6568 4.1135 -5.8423 1.6532 20.8261 0.0547 0.9992
Car 0.0000 0.0000 0.0000 456.0000 175.0000 542.0000 207.0000 1.5543 1.6516 4.0680 -5.5709 1.6123 36.6325 0.0615 0.9961
Car 0.0000 0.0000 0.0000 -129.0000 179.0000 253.0000 317.0000 1.5531 1.6140 3.8905 -6.8779 1.6324 9.1585 0.1422 0.9889
