Car 0.0000 0.0000 0.0000 680.0000 176.0000 860.0000 300.0000 1.5163 1.6011 3.5363 2.1591 1.5700 10.7420 1.4815 0.9996
Car 0.0000 0.0000 0.0000 575.0000 172.0000 696.0000 219.0000 1.5771 1.6649 4.1506 0.9845 1.5166 26.1495 -0.5420 0.9991
Car 0.0000 0.0000 0.0000 939.0000 165.0000 1036.0000 207.0000 1.4924 1.6346 4.0448 14.4381 1.1613 27.4028 -0.6384 0.9983
Car 0.0000 0.0000 0.0000 1103.0000 156.0000 1188.0000 188.0000 1.5008 1.6157 3.9699 26.3804 0.6621 35.3706 -0.4211 0.9962
Car 0.0000 0.0000 0.0000 767.0000 164.0000 910.0000 220.0000 1.5548 1.6503 4.2013 6.8764 1.2653 21.5170 -0.5144 0.9960
Car 0.0000 0.0000 0.0000 861.0000 157.0000 985.0000 206.0000 1.5388 1.6455 4.1585 10.5722 0.9984 24.2151 -0.5235 0.9960
Car 0.0000 0.0000 0.0000 737.0000 169.0000 803.0000 209.0000 1.5116 1.6123 4.0635 6.5882 1.3397 29.1668 -1.0974 0.9868
Car 0.0000 0.0000 0.0000 987.0000 166.0000 1060.0000 205.0000 1.4992 1.5814 3.6172 17.0972 1.2043 29.8860 -1.3584 0.9861
Car 0.0000 0.0000 0.0000 1209.0000 148.0000 1275.0000 187.0000 1.5652 1.6158 3.9802 26.7517 0.5351 30.3819 -0.7246 0.9745
Car 0.0000 0.0000 0.0000 1073.0000 168.0000 1120.0000 190.0000 1.5021 1.5938 3.7871 34.2900 1.0853 50.6813 -1.2971 0.9667
