Car 0.0000 0.0000 0.0000 337.0000 185.0000 472.0000 263.0000 1.5073 1.6518 4.1495 -4.5324 1.7961 16.5334 1.5708 0.9998
Car 0.0000 0.0000 0.0000 787.0000 181.0000 950.0000 296.0000 1.5177 1.5996 3.5048 3.8670 1.6467 11.3815 -1.4724 0.9998
Car 0.0000 0.0000 0.0000 731.0000 179.0000 837.0000 252.0000 1.5139 1.6091 3.6681 3.9708 1.6488 17.0043 1.5702 0.9994
Car 0.0000 0.0000 0.0000 870.0000 182.0000 1340.0000 423.0000 1.5086 1.6038 3.6510 3.8083 1.5990 6.4385 1.5457 0.9993
Car 0.0000 0.0000 0.0000 706.0000 179.0000 775.0000 233.0000 1.5144 1.6171 3.8309 3.9558 1.6630 22.2309 1.5708 0.9986
Car 0.0000 0.0000 0.0000 534.0000 180.0000 567.0000 207.0000 1.5034 1.6175 3.9305 -3.4981 1.9054 43.6954 1.5708 0.9981
Car 0.0000 0.0000 0.0000 421.0000 182.0000 499.0000 237.0000 1.4914 1.6020 3.9101 -4.5080 1.7669 22.1750 1.5708 0.9978
Car 0.0000 0.0000 0.0000 468.0000 182.0000 528.0000 225.0000 1.4989 1.6286 4.1371 -4.1565 1.8054 27.3981 1.5708 0.9956
Car 0.0000 0.0000 0.0000 977.0000 170.0000 1023.0000 200.0000 1.4814 1.5950 3.8201 20.1416 1.2723 36.9821 -0.9505 0.9729
Car 0.0000 0.0000 0.0000 674.0000 171.0000 712.0000 206.0000 1.4988 1.5940 3.8364 3.7708 1.4009 32.8843 -1.4796 0.9678
