Car 0.0000 0.0000 0.0000 455.0000 179.0000 485.0000 201.0000 1.5092 1.6381 3.9995 -10.0312 1.8899 52.3334 1.5215 0.9993
Car 0.0000 0.0000 0.0000 -931.0000 191.0000 307.0000 831.0000 1.5143 1.6227 3.9119 -3.1891 1.6477 3.7869 1.5213 0.9993
Car 0.0000 0.0000 0.0000 571.0000 175.0000 702.0000 224.0000 1.6505 1.7005 4.3606 0.9906 1.7230 25.6813 0.3148 0.9958
Car 0.0000 0.0000 0.0000 594.0000 169.0000 616.0000 189.0000 1.5033 1.6086 3.9139 -0.2763 1.1309 55.8776 1.5664 0.9943
Car 0.0000 0.0000 0.0000 507.0000 173.0000 527.0000 192.0000 1.5318 1.6105 3.7911 -7.9705 1.4825 62.6646 1.4194 0.9882
Car 0.0000 0.0000 0.0000 586.0000 167.0000 610.0000 189.0000 1.5088 1.6188 3.8624 -0.7464 1.0573 51.7593 1.5708 0.9807
Car 0.0000 0.0000 0.0000 1174.0000 172.0000 1300.0000 208.0000 1.4841 1.6274 3.9219 26.9956 1.4291 31.0345 0.0381 0.9789
Car 0.0000 0.0000 0.0000 291.0000 191.0000 344.0000 218.0000 1.5016 1.6229 3.9639 -17.8663 2.5990 44.3137 1.5708 0.9753
Car 0.0000 0.0000 0.0000 -28.0000 190.0000 47.0000 221.0000 1.5006 1.5902 3.8335 -31.8468 2.3989 38.3055 1.3273 0.9685
Car 0.0000 0.0000 0.0000 426.0000 178.0000 445.0000 196.0000 1.5057 1.6369 4.1494 -15.4036 1.8860 64.0582 1.3284 0.9677
Car 0.0000 0.0000 0.0000 -41.0000 185.0000 87.0000 231.0000 1.5118 1.5974 3.8116 -21.0148 1.9141 25.9733 1.5410 0.9633
Car 0.0000 0.0000 0.0000 94.0000 188.0000 156.0000 211.0000 1.5087 1.6251 4.1162 -33.1430 2.4699 49.4541 1.5152 0.9602
