Car 0.0000 0.0000 0.0000 632.0000 180.0000 703.0000 232.0000 1.5121 1.6457 4.0270 1.7891 1.7143 23.2496 1.4937 0.9998
Car 0.0000 0.0000 0.0000 376.0000 179.0000 487.0000 217.0000 1.5271 1.6833 4.2956 -7.5763 1.7680 30.9070 0.0295 0.9997
Car 0.0000 0.0000 0.0000 833.0000 167.0000 1200.0000 288.0000 1.5149 1.6700 4.1955 5.4798 1.4587 10.1284 0.0126 0.9996
Car 0.0000 0.0000 0.0000 984.0000 187.0000 1214.0000 379.0000 1.4557 1.5988 3.8222 5.1201 1.6235 7.6898 -0.9750 0.9993
Car 0.0000 0.0000 0.0000 1033.0000 197.0000 1941.0000 468.0000 1.4923 1.6453 4.1131 5.5046 1.6946 5.0461 0.0720 0.9988
Car 0.0000 0.0000 0.0000 226.0000 173.0000 425.0000 241.0000 1.5433 1.6728 4.1935 -6.8383 1.5454 17.5241 0.0576 0.9987
Car 0.0000 0.0000 0.0000 604.0000 175.0000 650.0000 205.0000 1.5076 1.6111 3.7604 0.9192 1.5740 38.2710 1.3612 0.9987
Car 0.0000 0.0000 0.0000 395.0000 179.0000 456.0000 224.0000 1.5057 1.6137 3.9428 -6.6663 1.6870 26.3597 1.4624 0.9924
Car 0.0000 0.0000 0.0000 305.0000 172.0000 378.0000 208.0000 1.5135 1.6064 3.6852 -11.7920 1.4448 31.9130 -1.4829 0.9911
Car 0.0000 0.0000 0.0000 493.0000 167.0000 519.0000 189.0000 1.5157 1.5887 3.6625 -7.4594 1.0686 52.7224 1.5112 0.9739
Car 0.0000 0.0000 0.0000 -529.0000 174.0000 143.0000 405.0000 1.6626 1.6959 4.3870 -6.7749 1.6962 6.2783 0.1142 0.9706
