Car 0.0000 0.0000 0.0000 271.0000 173.0000 448.0000 232.0000 1.5378 1.6886 4.3166 -6.8560 1.5397 19.9576 0.0396 0.9998
Car 0.0000 0.0000 0.0000 220.0000 191.0000 406.0000 256.0000 1.4354 1.6051 3.7988 -7.0511 1.8719 17.2612 0.0773 0.9998
Car 0.0000 0.0000 0.0000 643.0000 178.0000 678.0000 211.0000 1.5165 1.6156 3.6599 2.5394 1.7410 35.5619 1.5708 0.9997
Car 0.0000 0.0000 0.0000 774.0000 198.0000 1080.0000 396.0000 1.5048 1.6055 3.7076 2.9872 1.8170 7.7305 1.5652 0.9989
Car 0.0000 0.0000 0.0000 489.0000 181.0000 528.0000 213.0000 1.5969 1.6552 4.0284 -5.2761 1.9794 38.3262 1.5356 0.9987
Car 0.0000 0.0000 0.0000 666.0000 150.0000 775.0000 244.0000 2.0012 1.8449 4.9146 2.5945 1.5127 18.0285 1.5507 0.9987
Car 0.0000 0.0000 0.0000 453.0000 181.0000 507.0000 222.0000 1.5311 1.6310 3.9555 -5.2478 1.8104 28.8730 1.2640 0.9981
Car 0.0000 0.0000 0.0000 884.0000 -1758.0000 12431.0000 4813.0000 2.0876 1.8188 4.5981 2.7203 1.4713 2.5237 1.5708 0.9937
Car 0.0000 0.0000 0.0000 777.0000 166.0000 901.0000 209.0000 1.5931 1.7013 4.4017 8.9292 1.3380 28.2630 0.1155 0.9907
Car 0.0000 0.0000 0.0000 413.0000 167.0000 498.0000 199.0000 1.4973 1.5910 3.7607 -7.5118 1.2039 35.3838 0.1153 0.9862
