Car 0.0000 0.0000 0.0000 207.0000 191.0000 401.0000 293.0000 1.6039 1.7087 4.4366 -5.7107 1.9705 14.0770 1.5708 0.9998
Car 0.0000 0.0000 0.0000 335.0000 193.0000 444.0000 259.0000 1.5114 1.6633 4.3019 -5.8778 2.0817 19.7028 1.5703 0.9997
Car 0.0000 0.0000 0.0000 803.0000 155.0000 939.0000 201.0000 1.5546 1.6820 4.3139 9.3677 0.9174 26.0008 0.0621 0.9993
Car 0.0000 0.0000 0.0000 396.0000 185.0000 468.0000 236.0000 1.5223 1.6440 4.0521 -5.9038 1.9150 24.3289 1.5102 0.9992
Car 0.0000 0.0000 0.0000 438.0000 188.0000 520.0000 219.0000 1.4955 1.5995 3.7922 -6.5673 2.2175 36.5018 0.0645 0.9988
Car 0.0000 0.0000 0.0000 1126.0000 140.0000 1263.0000 182.0000 1.5070 1.6134 3.9480 22.8719 0.3066 28.2339 0.8461 0.9981
Car 0.0000 0.0000 0.0000 443.0000 188.0000 508.0000 228.0000 1.5002 1.6072 3.8716 -5.4765 2.0932 29.9597 -1.4640 0.9972
Car 0.0000 0.0000 0.0000 1188.0000 154.0000 1353.0000 200.0000 1.4693 1.6215 3.9465 22.6151 0.8422 24.7484 0.1119 0.9966
Car 0.0000 0.0000 0.0000 1092.0000 143.0000 1192.0000 180.0000 1.4879 1.6171 4.0785 23.1116 0.2233 31.1894 -0.3988 0.9905
Car 0.0000 0.0000 0.0000 778.0000 168.0000 854.0000 206.0000 1.5053 1.6031 4.0196 9.0094 1.2886 31.0959 -0.8580 0.9892
Car 0.0000 0.0000 0.0000 670.0000 175.0000 711.0000 212.0000 1.4946 1.5718 3.5580 3.6268 1.5691 31.7083 -1.4081 0.9870
