Car 0.0000 0.0000 0.0000 562.0000 174.0000 629.0000 239.0000 1.5449 1.6003 3.2194 -0.4245 1.5649 18.8978 1.5186 0.9999
Car 0.0000 0.0000 0.0000 314.0000 179.0000 478.0000 289.0000 1.5318 1.6545 4.0299 -3.4192 1.6337 12.2283 1.5516 0.9998
Car 0.0000 0.0000 0.0000 405.0000 174.0000 452.0000 209.0000 1.5074 1.6469 4.0928 -8.3430 1.5355 33.4730 1.4464 0.9994
Car 0.0000 0.0000 0.0000 426.0000 182.0000 521.0000 250.0000 1.5272 1.6687 4.2997 -3.4094 1.7556 18.7583 1.5675 0.9994
Car 0.0000 0.0000 0.0000 296.0000 178.0000 387.0000 235.0000 1.5098 1.5986 3.6489 -7.7876 1.6322 21.1860 1.4811 0.9991
Car 0.0000 0.0000 0.0000 480.0000 178.0000 536.0000 224.0000 1.5226 1.6522 4.2190 -3.5951 1.6824 26.0889 1.5148 0.9975
Car 0.0000 0.0000 0.0000 456.0000 175.0000 489.0000 199.0000 1.5025 1.5980 3.7336 -8.7180 1.5706 46.3730 1.5168 0.9973
Car 0.0000 0.0000 0.0000 -2213.0000 -334.0000 309.0000 1169.0000 2.0856 1.8019 4.3796 -3.1332 1.3804 3.2119 1.5325 0.9879
Car 0.0000 0.0000 0.0000 534.0000 171.0000 573.0000 204.0000 1.5103 1.6059 3.8560 -2.6374 1.3991 34.8891 1.5672 0.9873
Car 0.0000 0.0000 0.0000 352.0000 177.0000 408.0000 206.0000 1.4935 1.5957 3.8959 -12.5511 1.6959 39.6924 1.5708 0.9865
Car 0.0000 0.0000 0.0000 543.0000 159.0000 570.0000 178.0000 1.5380 1.6162 3.8345 -4.3181 0.3267 59.7931 1.5708 0.9648
