Car 0.0000 0.0000 0.0000 880.0000 163.0000 1159.0000 249.0000 1.5832 1.7278 4.5368 7.9943 1.4064 14.3762 0.0391 0.9999
Car 0.0000 0.0000 0.0000 844.0000 161.0000 1054.0000 229.0000 1.5311 1.6829 4.2736 8.0771 1.2516 17.4360 0.0460 0.9999
Car 0.0000 0.0000 0.0000 363.0000 192.0000 445.0000 248.0000 1.5230 1.6288 3.7028 -6.3320 2.1392 22.5008 1.5307 0.9997
Car 0.0000 0.0000 0.0000 224.0000 197.0000 382.0000 288.0000 1.5301 1.6567 4.0536 -6.2295 2.0713 15.1143 1.5540 0.9997
Car 0.0000 0.0000 0.0000 670.0000 179.0000 737.0000 236.0000 1.5350 1.6212 3.6476 2.7189 1.6959 21.5264 1.5708 0.9997
Car 0.0000 0.0000 0.0000 776.0000 172.0000 926.0000 223.0000 1.5735 1.7060 4.3843 7.9303 1.5425 23.8850 0.0267 0.9993
Car 0.0000 0.0000 0.0000 -237.0000 195.0000 314.0000 499.0000 1.5111 1.5791 3.5007 -3.7971 1.7256 5.5776 1.5400 0.9993
Car 0.0000 0.0000 0.0000 394.0000 187.0000 467.0000 234.0000 1.5152 1.6210 3.8501 -6.3442 2.0093 25.8843 1.5708 0.9983
Car 0.0000 0.0000 0.0000 467.0000 181.0000 511.0000 212.0000 1.5059 1.6282 4.0435 -6.1918 1.8914 37.4725 1.5589 0.9981
Car 0.0000 0.0000 0.0000 1078.0000 151.0000 1198.0000 190.0000 1.4985 1.6255 4.0134 22.0183 0.6286 30.1599 1.3997 0.9941
Car 0.0000 0.0000 0.0000 421.0000 174.0000 467.0000 202.0000 1.6796 1.6766 4.2427 -10.4427 1.6808 45.7789 1.5708 0.9938
Car 0.0000 0.0000 0.0000 1141.0000 152.0000 1281.0000 195.0000 1.4828 1.6028 3.9322 22.4536 0.7492 26.9874 0.7117 0.9859
Car 0.0000 0.0000 0.0000 1029.0000 158.0000 1136.0000 192.0000 1.4929 1.6036 3.9543 22.0317 0.8039 33.5416 0.7294 0.9799
Car 0.0000 0.0000 0.0000 742.0000 175.0000 768.0000 198.0000 1.4998 1.6053 3.9236 10.2699 1.6040 50.5719 -1.4128 0.9790
Car 0.0000 0.0000 0.0000 510.0000 176.0000 553.0000 208.0000 1.5082 1.6379 4.1313 -3.8730 1.6336 36.4452 1.5708 0.9788
Car 0.0000 0.0000 0.0000 224.0000 162.0000 287.0000 195.0000 1.5153 1.5842 3.6590 -17.3101 0.9792 35.4093 1.4841 0.9699
