Car 0.0000 0.0000 0.0000 27.0000 180.0000 380.0000 294.0000 1.4973 1.6901 4.2679 -5.8201 1.6160 10.6078 0.0275 0.9999
Car 0.0000 0.0000 0.0000 677.0000 181.0000 763.0000 249.0000 1.5289 1.6118 3.4558 2.6985 1.7283 18.3747 1.5632 0.9998
Car 0.0000 0.0000 0.0000 733.0000 180.0000 875.0000 229.0000 1.5120 1.6832 4.2805 6.3164 1.7424 23.7270 0.0929 0.9996
Car 0.0000 0.0000 0.0000 631.0000 178.0000 651.0000 196.0000 1.5127 1.6100 3.6919 2.8250 1.8275 61.9941 1.5708 0.9995
Car 0.0000 0.0000 0.0000 214.0000 167.0000 410.0000 235.0000 1.5705 1.6654 4.1371 -7.2325 1.4262 17.6923 0.0609 0.9994
Car 0.0000 0.0000 0.0000 -633.0000 184.0000 175.0000 434.0000 1.5827 1.6899 4.3522 -6.0326 1.6850 5.5024 0.0368 0.9988
Car 0.0000 0.0000 0.0000 339.0000 162.0000 503.0000 218.0000 1.6303 1.7425 4.6211 -5.8080 1.3053 22.4772 0.0531 0.9985
Car 0.0000 0.0000 0.0000 322.0000 186.0000 437.0000 250.0000 1.5625 1.6567 4.0179 -6.2537 1.9217 20.0455 1.5708 0.9982
Car 0.0000 0.0000 0.0000 189.0000 184.0000 414.0000 260.0000 1.4826 1.6424 4.0547 -6.4307 1.7204 15.2642 0.0228 0.9974
Car 0.0000 0.0000 0.0000 854.0000 -2533.0000 15132.0000 6173.0000 2.1955 1.8688 4.9199 2.6098 1.4985 2.6498 1.5708 0.9972
Car 0.0000 0.0000 0.0000 101.0000 180.0000 346.0000 272.0000 1.5195 1.6103 3.8148 -7.0368 1.6550 13.1942 0.2058 0.9965
Car 0.0000 0.0000 0.0000 413.0000 180.0000 514.0000 217.0000 1.4951 1.6029 3.8286 -6.0494 1.7499 30.1285 0.0550 0.9959
Car 0.0000 0.0000 0.0000 543.0000 167.0000 564.0000 188.0000 1.6569 1.6849 4.1837 -4.5802 1.1355 59.8949 1.4826 0.9945
Car 0.0000 0.0000 0.0000 671.0000 179.0000 699.0000 202.0000 1.5404 1.6199 3.9346 5.2040 1.8544 48.7482 -1.4048 0.9931
Car 0.0000 0.0000 0.0000 724.0000 177.0000 837.0000 219.0000 1.5149 1.6251 3.9626 6.5721 1.6433 27.8851 0.7952 0.9930
Car 0.0000 0.0000 0.0000 434.0000 172.0000 529.0000 208.0000 1.5684 1.6311 3.9858 -5.8098 1.5096 32.9359 0.1539 0.9888
Car 0.0000 0.0000 0.0000 509.0000 178.0000 552.0000 208.0000 1.5146 1.6020 3.9219 -4.1509 1.7428 38.5934 1.5708 0.9856
Car 0.0000 0.0000 0.0000 779.0000 198.0000 976.0000 325.0000 1.5103 1.5548 3.3340 3.8016 1.9291 10.8727 1.5087 0.9816
Car 0.0000 0.0000 0.0000 697.0000 167.0000 740.0000 199.0000 1.5937 1.6474 4.0374 5.8681 1.2794 39.0142 1.5529 0.9776
Car 0.0000 0.0000 0.0000 959.0000 165.0000 1241.0000 290.0000 1.5137 1.5996 3.9124 6.8745 1.4212 10.6957 1.5708 0.9676
