Car 0.0000 0.0000 0.0000 449.0000 178.0000 489.0000 210.0000 1.5063 1.6296 3.9677 -7.0416 1.7308 36.4816 1.4701 0.9995
Car 0.0000 0.0000 0.0000 -940.0000 188.0000 305.0000 824.0000 1.5136 1.6186 3.8967 -3.1910 1.6171 3.7685 1.5177 0.9991
Car 0.0000 0.0000 0.0000 1025.0000 157.0000 1199.0000 208.0000 1.5788 1.6825 4.3165 16.1937 1.0732 23.4056 0.1497 0.9981
Car 0.0000 0.0000 0.0000 208.0000 184.0000 303.0000 226.0000 1.5006 1.6186 4.0569 -13.5868 1.8897 27.8761 1.5708 0.9976
Car 0.0000 0.0000 0.0000 506.0000 176.0000 528.0000 194.0000 1.4942 1.6012 3.8688 -7.9294 1.6541 62.7161 1.5102 0.9967
Car 0.0000 0.0000 0.0000 489.0000 180.0000 520.0000 203.0000 1.5009 1.6277 4.1311 -7.4257 1.9696 51.4851 1.5598 0.9967
Car 0.0000 0.0000 0.0000 1160.0000 171.0000 1288.0000 208.0000 1.5015 1.6529 4.0737 26.5035 1.4007 31.0971 0.0156 0.9961
Car 0.0000 0.0000 0.0000 303.0000 186.0000 344.0000 207.0000 1.5020 1.6123 3.9170 -21.8231 2.4391 55.2077 1.5521 0.9950
Car 0.0000 0.0000 0.0000 727.0000 173.0000 750.0000 193.0000 1.4941 1.5999 3.9041 10.3570 1.4395 57.5653 -1.4470 0.9923
Car 0.0000 0.0000 0.0000 586.0000 183.0000 623.0000 214.0000 1.5025 1.6043 3.8855 -0.1810 1.9892 37.4079 1.5708 0.9915
Car 0.0000 0.0000 0.0000 595.0000 179.0000 617.0000 198.0000 1.4956 1.6149 3.9884 -0.1985 1.9088 58.2242 1.5708 0.9889
Car 0.0000 0.0000 0.0000 655.0000 183.0000 692.0000 215.0000 1.5050 1.6221 4.0071 3.4070 2.0168 37.2639 -1.4104 0.9883
Car 0.0000 0.0000 0.0000 235.0000 166.0000 299.0000 196.0000 1.5409 1.6510 4.2378 -18.6111 1.1365 39.3563 1.5263 0.9863
Car 0.0000 0.0000 0.0000 342.0000 179.0000 389.0000 209.0000 1.5153 1.6244 3.9672 -12.8468 1.7702 38.1718 1.4443 0.9812
Car 0.0000 0.0000 0.0000 78.0000 189.0000 135.0000 213.0000 1.4965 1.6174 4.0867 -33.8241 2.5435 48.5773 1.3846 0.9801
Car 0.0000 0.0000 0.0000 292.0000 190.0000 345.0000 217.0000 1.4991 1.6274 4.0758 -17.8655 2.5445 44.4593 1.5708 0.9795
Car 0.0000 0.0000 0.0000 1119.0000 165.0000 1248.0000 201.0000 1.5672 1.7371 4.5725 26.7648 1.2033 33.6316 0.0364 0.9761
Car 0.0000 0.0000 0.0000 -32.0000 189.0000 43.0000 220.0000 1.5003 1.5929 3.8181 -32.1326 2.3445 38.4217 1.3200 0.9759
