Car 0.0000 0.0000 0.0000 -1694.0000 205.0000 210.0000 1066.0000 1.5248 1.6254 3.8097 -3.7520 1.7476 3.3108 1.5664 0.9997
Car 0.0000 0.0000 0.0000 577.0000 178.0000 613.0000 212.0000 1.5170 1.6141 3.6451 -0.7308 1.7439 35.2019 1.5075 0.9996
Car 0.0000 0.0000 0.0000 303.0000 183.0000 391.0000 236.0000 1.5055 1.6236 3.9127 -8.1870 1.8074 22.7445 1.4890 0.9991
Car 0.0000 0.0000 0.0000 127.0000 185.0000 318.0000 277.0000 1.5190 1.6662 4.3059 -7.5183 1.7717 14.4876 1.5337 0.9983
Car 0.0000 0.0000 0.0000 493.0000 159.0000 547.0000 205.0000 2.0750 1.8447 5.0358 -4.3055 1.4186 35.5677 1.5708 0.9976
Car 0.0000 0.0000 0.0000 490.0000 159.0000 516.0000 181.0000 1.5454 1.6187 3.7202 -7.7971 0.5208 53.5449 1.5051 0.9931
Car 0.0000 0.0000 0.0000 -201.0000 194.0000 75.0000 295.0000 1.5218 1.6070 3.7808 -12.2628 1.9482 13.4596 1.5708 0.9929
Car 0.0000 0.0000 0.0000 390.0000 181.0000 441.0000 220.0000 1.4998 1.5909 3.7649 -7.9788 1.7970 29.8634 1.4326 0.9910
Car 0.0000 0.0000 0.0000 681.0000 175.0000 736.0000 215.0000 1.5378 1.5937 3.5131 4.0372 1.5817 29.7752 1.5197 0.9895
Car 0.0000 0.0000 0.0000 382.0000 173.0000 422.0000 198.0000 1.5162 1.6071 3.8484 -13.1832 1.4524 46.0563 1.5227 0.9758
