Car 0.0000 0.0000 0.0000 -65.0000 187.0000 305.0000 336.0000 1.5017 1.6412 4.0175 -5.9617 1.6786 8.7533 0.3277 0.9998
Car 0.0000 0.0000 0.0000 662.0000 176.0000 730.0000 227.0000 1.5358 1.6277 3.6294 2.7611 1.6162 23.7663 1.5249 0.9997
Car 0.0000 0.0000 0.0000 746.0000 177.0000 998.0000 350.0000 1.5290 1.6416 3.8699 2.6634 1.5782 8.3344 1.5708 0.9997
Car 0.0000 0.0000 0.0000 692.0000 178.0000 815.0000 268.0000 1.5470 1.6444 3.7654 2.6899 1.6389 14.3499 1.5579 0.9996
Car 0.0000 0.0000 0.0000 646.0000 177.0000 681.0000 208.0000 1.4984 1.6094 3.8518 2.7982 1.6872 37.5131 1.5708 0.9990
Car 0.0000 0.0000 0.0000 -404.0000 196.0000 158.0000 416.0000 1.5199 1.6094 3.8433 -6.2806 1.7461 6.2773 0.1997 0.9984
Car 0.0000 0.0000 0.0000 367.0000 171.0000 487.0000 215.0000 1.5560 1.6509 4.0766 -6.8515 1.4836 27.2145 0.0733 0.9978
Car 0.0000 0.0000 0.0000 446.0000 178.0000 537.0000 211.0000 1.5571 1.6393 4.0314 -5.7103 1.7836 35.0501 0.2072 0.9974
Car 0.0000 0.0000 0.0000 432.0000 185.0000 523.0000 219.0000 1.5061 1.5999 3.7875 -5.9806 2.0293 33.0047 0.1171 0.9929
Car 0.0000 0.0000 0.0000 319.0000 177.0000 468.0000 233.0000 1.5396 1.6393 4.0647 -6.5559 1.6522 21.9478 -0.5492 0.9902
Car 0.0000 0.0000 0.0000 63.0000 181.0000 351.0000 288.0000 1.5324 1.6119 3.8403 -6.3399 1.6608 11.4509 0.1730 0.9884
Car 0.0000 0.0000 0.0000 386.0000 173.0000 492.0000 211.0000 1.5032 1.6226 3.9743 -7.0413 1.4891 29.9439 0.0975 0.9780
Car 0.0000 0.0000 0.0000 625.0000 169.0000 643.0000 187.0000 1.7181 1.7145 3.8740 2.5602 1.2276 71.3114 1.5708 0.9733
Car 0.0000 0.0000 0.0000 542.0000 174.0000 565.0000 192.0000 1.6150 1.6650 4.1822 -5.0625 1.6137 66.8923 1.5708 0.9668
