Car 0.0000 0.0000 0.0000 421.0000 181.0000 474.0000 217.0000 1.5047 1.6339 3.9925 -7.3718 1.8589 33.1682 1.5367 0.9995
Car 0.0000 0.0000 0.0000 578.0000 174.0000 597.0000 192.0000 1.6170 1.6809 4.2051 -1.9224 1.6687 67.9477 1.5671 0.9991
Car 0.0000 0.0000 0.0000 510.0000 182.0000 539.0000 203.0000 1.4963 1.6165 4.0120 -6.4122 2.1361 54.9516 1.5708 0.9959
Car 0.0000 0.0000 0.0000 645.0000 158.0000 671.0000 179.0000 1.6168 1.6652 4.0822 3.9806 0.3683 58.4250 1.5470 0.9931
Car 0.0000 0.0000 0.0000 607.0000 179.0000 630.0000 199.0000 1.4977 1.6058 3.8742 0.8040 1.9147 55.9632 1.5708 0.9903
Car 0.0000 0.0000 0.0000 -42.0000 207.0000 82.0000 254.0000 1.4930 1.6385 4.2211 -22.5901 2.8407 27.8023 1.4898 0.9853
Car 0.0000 0.0000 0.0000 409.0000 184.0000 445.0000 206.0000 1.4903 1.5929 3.8250 -13.1364 2.2405 52.1566 1.5708 0.9845
Car 0.0000 0.0000 0.0000 638.0000 181.0000 658.0000 199.0000 1.5061 1.6301 4.1135 3.5325 2.1746 65.3278 1.5708 0.9679
Car 0.0000 0.0000 0.0000 55.0000 212.0000 139.0000 246.0000 1.5035 1.6361 3.8629 -27.1845 3.6390 38.3744 1.5708 0.9670
Car 0.0000 0.0000 0.0000 79.0000 188.0000 133.0000 216.0000 1.5033 1.6073 3.7739 -28.8565 2.3334 41.4079 1.2145 0.9661
Car 0.0000 0.0000 0.0000 512.0000 174.0000 533.0000 192.0000 1.5154 1.6257 4.0068 -7.8135 1.5696 65.5246 1.5302 0.9601
Car 0.0000 0.0000 0.0000 267.0000 176.0000 304.0000 192.0000 1.5560 1.6734 4.3050 -32.4498 1.7573 72.4242 1.5708 0.9600
Car 0.0000 0.0000 0.0000 924.0000 169.0000 960.0000 185.0000 1.5560 1.6734 4.3050 33.4760 1.0510 72.4113 1.5708 0.9600
Car 0.0000 0.0000 0.0000 284.0000 176.0000 319.0000 192.0000 1.5560 1.6734 4.3050 -30.8419 1.7400 72.4239 1.5708 0.9600
Car 0.0000 0.0000 0.0000 300.0000 175.0000 335.0000 192.0000 1.5560 1.6734 4.3050 -29.2339 1.7228 72.4236 1.5708 0.9600
Car 0.0000 0.0000 0.0000 317.0000 175.0000 350.0000 191.0000 1.5560 1.6734 4.3050 -27.6260 1.7056 72.4233 1.5708 0.9600
Car 0.0000 0.0000 0.0000 333.0000 175.0000 366.0000 191.0000 1.5560 1.6734 4.3050 -26.0180 1.6884 72.4230 1.5708 0.9600
Car 0.0000 0.0000 0.0000 350.0000 175.0000 381.0000 191.0000 1.5560 1.6734 4.3050 -24.4101 1.6711 72.4227 1.5708 0.9600
Car 0.0000 0.0000 0.0000 366.0000 175.0000 397.0000 191.0000 1.5560 1.6734 4.3050 -22.8021 1.6539 72.4223 1.5708 0.9600
Car 0.0000 0.0000 0.0000 823.0000 170.0000 853.0000 186.0000 1.5560 1.6734 4.3050 23.0243 1.1629 72.4133 1.5708 0.9600
