Car 0.0000 0.0000 0.0000 647.0000 174.0000 733.0000 239.0000 1.5345 1.6370 3.5748 2.0324 1.5623 19.1874 1.5059 0.9999
Car 0.0000 0.0000 0.0000 113.0000 176.0000 378.0000 264.0000 1.5250 1.6751 4.2163 -6.8183 1.5925 13.7125 0.0230 0.9998
Car 0.0000 0.0000 0.0000 216.0000 184.0000 426.0000 258.0000 1.5294 1.6564 4.0853 -6.4490 1.7914 16.2859 0.0592 0.9998
Car 0.0000 0.0000 0.0000 632.0000 176.0000 668.0000 209.0000 1.4957 1.6134 3.9233 1.9987 1.5972 34.6260 1.5708 0.9993
Car 0.0000 0.0000 0.0000 277.0000 169.0000 434.0000 224.0000 1.5212 1.6494 4.0840 -7.4861 1.4157 21.3710 0.1111 0.9992
Car 0.0000 0.0000 0.0000 1020.0000 105.0000 1778.0000 328.0000 1.5183 1.6553 4.1516 5.8914 1.0780 5.8659 0.0678 0.9991
Car 0.0000 0.0000 0.0000 466.0000 170.0000 506.0000 200.0000 1.5082 1.5901 3.6838 -6.5508 1.3192 38.6571 1.5492 0.9923
Car 0.0000 0.0000 0.0000 478.0000 169.0000 507.0000 196.0000 1.5984 1.6424 4.1739 -7.1684 1.3137 44.3861 1.4132 0.9852
Car 0.0000 0.0000 0.0000 617.0000 173.0000 648.0000 202.0000 1.5026 1.6088 3.9004 1.3478 1.4538 39.7090 1.5708 0.9753
Car 0.0000 0.0000 0.0000 347.0000 165.0000 473.0000 209.0000 1.5361 1.6761 4.2506 -7.4814 1.2533 27.2291 0.0629 0.9683
