Car 0.0000 0.0000 0.0000 323.0000 187.0000 443.0000 254.0000 1.5028 1.6673 4.3682 -5.7538 1.8600 18.8100 1.5708 0.9998
Car 0.0000 0.0000 0.0000 -264.0000 202.0000 226.0000 426.0000 1.5160 1.6462 4.0700 -5.8251 1.8815 7.4221 1.5226 0.9995
Car 0.0000 0.0000 0.0000 502.0000 181.0000 537.0000 208.0000 1.5057 1.6340 4.0434 -5.2088 1.9317 42.2759 1.5418 0.9992
Car 0.0000 0.0000 0.0000 400.0000 182.0000 479.0000 232.0000 1.5052 1.5959 3.6658 -5.5810 1.8048 24.0397 1.5708 0.9987
Car 0.0000 0.0000 0.0000 927.0000 187.0000 3183.0000 1272.0000 1.5099 1.6187 3.9157 2.9024 1.5920 3.0187 1.5708 0.9983
Car 0.0000 0.0000 0.0000 439.0000 181.0000 494.0000 222.0000 1.5057 1.6208 3.9327 -5.6725 1.7878 28.9976 1.5151 0.9979
Car 0.0000 0.0000 0.0000 489.0000 182.0000 532.0000 214.0000 1.5009 1.6103 3.9448 -4.8698 1.8963 35.9444 1.5607 0.9912
Car 0.0000 0.0000 0.0000 860.0000 164.0000 943.0000 191.0000 1.5701 1.6814 4.2315 17.3545 1.0001 42.8361 0.0784 0.9892
Car 0.0000 0.0000 0.0000 1015.0000 139.0000 1111.0000 171.0000 1.5283 1.6410 4.1543 23.8018 -0.2114 37.8198 0.5930 0.9810
Car 0.0000 0.0000 0.0000 -16.0000 136.0000 210.0000 227.0000 1.6131 1.6454 3.9785 -10.3059 0.9594 14.8386 1.5708 0.9766
Car 0.0000 0.0000 0.0000 1037.0000 137.0000 1146.0000 171.0000 1.5370 1.6366 4.1247 23.5278 -0.1644 35.2109 0.1612 0.9716
Car 0.0000 0.0000 0.0000 1110.0000 142.0000 1200.0000 181.0000 1.5029 1.5971 4.0330 22.6789 0.2761 30.0865 -1.2951 0.9696
