Car 0.0000 0.0000 0.0000 786.0000 169.0000 1069.0000 325.0000 1.5044 1.6626 4.3738 3.6043 1.4841 9.1978 1.5708 0.9996
Car 0.0000 0.0000 0.0000 713.0000 147.0000 818.0000 230.0000 1.8958 1.8046 4.8288 3.9430 1.2991 19.0445 1.5708 0.9994
Car 0.0000 0.0000 0.0000 540.0000 175.0000 601.0000 224.0000 1.5101 1.6036 3.6582 -1.2176 1.5560 23.9487 1.5708 0.9992
Car 0.0000 0.0000 0.0000 692.0000 168.0000 730.0000 199.0000 1.5172 1.6250 3.9302 5.2585 1.2573 37.3430 1.5708 0.9986
Car 0.0000 0.0000 0.0000 684.0000 172.0000 710.0000 193.0000 1.5101 1.6225 3.9346 6.6579 1.4079 54.7628 1.5708 0.9985
Car 0.0000 0.0000 0.0000 579.0000 179.0000 627.0000 214.0000 1.4938 1.6177 4.0496 -0.2075 1.7141 32.8956 -1.4313 0.9983
Car 0.0000 0.0000 0.0000 614.0000 171.0000 632.0000 187.0000 1.4992 1.5962 3.8047 1.3513 1.2122 67.3181 1.5708 0.9917
Car 0.0000 0.0000 0.0000 417.0000 171.0000 482.0000 236.0000 1.7252 1.6841 3.9100 -4.6832 1.6744 21.3449 1.3824 0.9865
Car 0.0000 0.0000 0.0000 375.0000 123.0000 442.0000 172.0000 1.5620 1.6302 3.8413 -7.0908 -0.1122 25.7245 1.4903 0.9764
Car 0.0000 0.0000 0.0000 625.0000 171.0000 643.0000 188.0000 1.6371 1.7062 4.1663 2.5187 1.3295 71.3284 1.5708 0.9667
Car 0.0000 0.0000 0.0000 366.0000 175.0000 397.0000 191.0000 1.5560 1.6734 4.3050 -22.8021 1.6539 72.4223 1.5708 0.9600
Car 0.0000 0.0000 0.0000 259.0000 176.0000 296.0000 192.0000 1.5560 1.6734 4.3050 -33.2538 1.7659 72.4244 1.5708 0.9600
Car 0.0000 0.0000 0.0000 350.0000 175.0000 381.0000 191.0000 1.5560 1.6734 4.3050 -24.4101 1.6711 72.4227 1.5708 0.9600
Car 0.0000 0.0000 0.0000 333.0000 175.0000 366.0000 191.0000 1.5560 1.6734 4.3050 -26.0180 1.6884 72.4230 1.5708 0.9600
Car 0.0000 0.0000 0.0000 317.0000 175.0000 350.0000 191.0000 1.5560 1.6734 4.3050 -27.6260 1.7056 72.4233 1.5708 0.9600
Car 0.0000 0.0000 0.0000 514.0000 173.0000 536.0000 189.0000 1.5560 1.6734 4.3050 -8.3306 1.4989 72.4195 1.5708 0.9600
Car 0.0000 0.0000 0.0000 300.0000 175.0000 335.0000 192.0000 1.5560 1.6734 4.3050 -29.2339 1.7228 72.4236 1.5708 0.9600
Car 0.0000 0.0000 0.0000 284.0000 176.0000 319.0000 192.0000 1.5560 1.6734 4.3050 -30.8419 1.7400 72.4239 1.5708 0.9600
Car 0.0000 0.0000 0.0000 924.0000 169.0000 960.0000 185.0000 1.5560 1.6734 4.3050 33.4760 1.0510 72.4113 1.5708 0.9600
Car 0.0000 0.0000 0.0000 440.0000 174.0000 467.0000 190.0000 1.5560 1.6734 4.3050 -15.5664 1.5764 72.4209 1.5708 0.9600
