Car 0.0000 0.0000 0.0000 575.0000 180.0000 606.0000 209.0000 1.5315 1.6222 3.5366 -1.0387 1.8985 40.3495 1.5428 0.9998
Car 0.0000 0.0000 0.0000 347.0000 184.0000 451.0000 255.0000 1.5323 1.6425 3.8111 -5.0869 1.7911 17.8200 1.5135 0.9998
Car 0.0000 0.0000 0.0000 32.0000 182.0000 246.0000 286.0000 1.5351 1.6054 3.4341 -7.9553 1.6836 12.5244 1.5180 0.9997
Car 0.0000 0.0000 0.0000 234.0000 182.0000 348.0000 244.0000 1.5273 1.6178 3.7098 -8.7170 1.7774 19.9984 1.5340 0.9994
Car 0.0000 0.0000 0.0000 579.0000 174.0000 602.0000 193.0000 1.5068 1.6150 3.8366 -1.4433 1.5113 58.8352 1.5708 0.9992
Car 0.0000 0.0000 0.0000 -1968.0000 200.0000 220.0000 1276.0000 1.5211 1.6034 3.6343 -3.3327 1.6885 2.9687 1.4935 0.9991
Car 0.0000 0.0000 0.0000 261.0000 179.0000 344.0000 222.0000 1.5109 1.6163 3.9171 -11.5996 1.7234 27.4786 1.5274 0.9977
Car 0.0000 0.0000 0.0000 354.0000 180.0000 402.0000 208.0000 1.5040 1.6113 3.8642 -13.0894 1.8638 40.9869 1.5210 0.9964
Car 0.0000 0.0000 0.0000 -32.0000 181.0000 148.0000 255.0000 1.5096 1.5951 3.6935 -12.6600 1.6850 16.7947 1.4991 0.9959
Car 0.0000 0.0000 0.0000 463.0000 163.0000 527.0000 215.0000 2.0315 1.8156 4.5375 -4.7855 1.6231 30.7821 1.5708 0.9956
Car 0.0000 0.0000 0.0000 369.0000 175.0000 419.0000 214.0000 1.4960 1.6044 3.8258 -8.7143 1.5402 29.3923 1.3772 0.9868
