Car 0.0000 0.0000 0.0000 -160.0000 186.0000 309.0000 337.0000 1.5457 1.6906 4.2846 -6.0430 1.7167 8.3945 0.0416 0.9999
Car 0.0000 0.0000 0.0000 678.0000 179.0000 776.0000 251.0000 1.5559 1.6328 3.4706 2.7477 1.6944 17.6307 1.5125 0.9999
Car 0.0000 0.0000 0.0000 200.0000 183.0000 421.0000 256.0000 1.4990 1.6768 4.2547 -6.6109 1.7269 16.1295 0.0436 0.9999
Car 0.0000 0.0000 0.0000 321.0000 180.0000 472.0000 235.0000 1.4916 1.6236 3.8964 -6.1251 1.6938 20.9308 0.0341 0.9993
Car 0.0000 0.0000 0.0000 802.0000 185.0000 1355.0000 498.0000 1.5323 1.6411 3.9640 2.8894 1.6470 5.6442 1.5395 0.9992
Car 0.0000 0.0000 0.0000 664.0000 178.0000 711.0000 220.0000 1.5260 1.6140 3.6721 3.0352 1.7031 28.5934 1.5708 0.9991
Car 0.0000 0.0000 0.0000 403.0000 183.0000 513.0000 224.0000 1.5523 1.6362 4.0210 -6.0404 1.9381 28.9446 0.0670 0.9989
Car 0.0000 0.0000 0.0000 -403.0000 201.0000 162.0000 423.0000 1.4488 1.5739 3.5964 -5.9383 1.7048 5.9643 0.1937 0.9986
Car 0.0000 0.0000 0.0000 380.0000 183.0000 500.0000 227.0000 1.4982 1.6185 3.9119 -6.0915 1.8484 26.1077 0.0473 0.9985
Car 0.0000 0.0000 0.0000 55.0000 186.0000 323.0000 290.0000 1.4805 1.5902 3.7025 -6.7699 1.6949 11.6194 0.2606 0.9985
Car 0.0000 0.0000 0.0000 536.0000 177.0000 559.0000 198.0000 1.5235 1.6138 3.9406 -4.7122 1.8069 55.9631 1.5362 0.9778
Car 0.0000 0.0000 0.0000 630.0000 171.0000 658.0000 197.0000 1.4962 1.5925 3.8799 2.1572 1.3549 43.9363 1.5708 0.9768
Car 0.0000 0.0000 0.0000 502.0000 163.0000 544.0000 201.0000 1.9523 1.7908 4.5544 -4.6204 1.4097 39.2846 1.5516 0.9652
