Car 0.0000 0.0000 0.0000 223.0000 187.0000 447.0000 261.0000 1.5086 1.6977 4.3769 -6.0580 1.8404 16.1612 0.0057 0.9999
Car 0.0000 0.0000 0.0000 936.0000 182.0000 1395.0000 325.0000 1.4013 1.6079 3.8297 5.9057 1.5178 8.0468 0.0367 0.9999
Car 0.0000 0.0000 0.0000 348.0000 173.0000 490.0000 222.0000 1.5061 1.6674 4.1872 -6.1559 1.5112 23.5103 0.0403 0.9997
Car 0.0000 0.0000 0.0000 654.0000 179.0000 723.0000 232.0000 1.5216 1.6122 3.5536 2.3828 1.6759 22.4681 1.5336 0.9997
Car 0.0000 0.0000 0.0000 549.0000 178.0000 586.0000 202.0000 1.4930 1.6342 4.1191 -2.6203 1.7828 46.9720 -1.4360 0.9995
Car 0.0000 0.0000 0.0000 -190.0000 198.0000 248.0000 353.0000 1.4641 1.5899 3.6890 -6.2551 1.7719 7.9410 0.0775 0.9995
Car 0.0000 0.0000 0.0000 -516.0000 189.0000 124.0000 423.0000 1.4794 1.5979 3.7665 -6.2162 1.6284 5.7054 0.1552 0.9990
Car 0.0000 0.0000 0.0000 -29.0000 194.0000 299.0000 310.0000 1.4832 1.5933 3.7019 -6.6574 1.7948 10.2603 0.0745 0.9983
Car 0.0000 0.0000 0.0000 649.0000 177.0000 689.0000 214.0000 1.4965 1.5958 3.7371 2.6683 1.6368 31.5345 -1.4591 0.9974
Car 0.0000 0.0000 0.0000 516.0000 183.0000 548.0000 212.0000 1.5029 1.6355 4.1073 -4.3619 2.0602 41.2199 1.4987 0.9968
Car 0.0000 0.0000 0.0000 632.0000 175.0000 657.0000 197.0000 1.5022 1.5940 3.7339 2.4721 1.5811 50.2176 1.5708 0.9940
Car 0.0000 0.0000 0.0000 404.0000 181.0000 515.0000 221.0000 1.5482 1.6407 4.0225 -5.9879 1.8360 28.9910 0.1168 0.9936
Car 0.0000 0.0000 0.0000 350.0000 170.0000 471.0000 215.0000 1.5659 1.6238 3.9340 -7.2488 1.4640 26.3810 0.1051 0.9932
Car 0.0000 0.0000 0.0000 488.0000 181.0000 530.0000 214.0000 1.5039 1.5997 3.8389 -4.8167 1.8311 34.9956 1.5351 0.9833
Car 0.0000 0.0000 0.0000 283.0000 172.0000 357.0000 235.0000 1.4999 1.6441 4.0559 -7.7750 1.4689 19.2207 1.1662 0.9787
Car 0.0000 0.0000 0.0000 500.0000 177.0000 557.0000 198.0000 1.5444 1.6445 4.0021 -5.9263 1.7726 53.5741 0.0773 0.9686
Car 0.0000 0.0000 0.0000 450.0000 178.0000 531.0000 209.0000 1.5574 1.6132 3.8640 -6.2280 1.8004 37.9741 0.2182 0.9658
