Car 0.0000 0.0000 0.0000 115.0000 196.0000 360.0000 317.0000 1.5129 1.6422 4.0089 -5.7213 1.9283 11.6434 1.5708 0.9998
Car 0.0000 0.0000 0.0000 741.0000 181.0000 942.0000 304.0000 1.5347 1.6600 4.0498 3.2816 1.6541 11.1390 1.5346 0.9998
Car 0.0000 0.0000 0.0000 420.0000 184.0000 493.0000 230.0000 1.5221 1.6463 4.0516 -5.5142 1.9114 26.4319 1.5708 0.9996
Car 0.0000 0.0000 0.0000 313.0000 187.0000 427.0000 259.0000 1.5314 1.6314 3.7519 -5.7096 1.8641 17.5716 1.5412 0.9995
Car 0.0000 0.0000 0.0000 696.0000 181.0000 767.0000 238.0000 1.5107 1.5958 3.5464 3.4977 1.7291 21.1278 1.5708 0.9994
Car 0.0000 0.0000 0.0000 492.0000 182.0000 532.0000 210.0000 1.5001 1.6183 3.9187 -5.5715 1.9890 41.6713 1.5708 0.9993
Car 0.0000 0.0000 0.0000 661.0000 176.0000 697.0000 209.0000 1.5121 1.6107 3.7532 3.4204 1.6364 35.5546 1.5708 0.9990
Car 0.0000 0.0000 0.0000 670.0000 179.0000 730.0000 223.0000 1.5210 1.6277 3.8941 3.3153 1.7059 26.9590 1.5358 0.9989
Car 0.0000 0.0000 0.0000 848.0000 172.0000 1443.0000 475.0000 1.5262 1.6343 3.9040 3.3759 1.5415 5.6443 1.5317 0.9984
Car 0.0000 0.0000 0.0000 1163.0000 164.0000 1805.0000 392.0000 1.4967 1.5831 3.7585 7.1989 1.4491 6.6675 -1.4655 0.9863
Car 0.0000 0.0000 0.0000 -1046.0000 191.0000 66.0000 601.0000 1.5044 1.5959 3.8048 -5.7577 1.6548 4.7179 1.5099 0.9784
Car 0.0000 0.0000 0.0000 689.0000 168.0000 717.0000 191.0000 1.5046 1.5677 3.5846 6.2274 1.1175 47.8734 1.5708 0.9725
