Car 0.0000 0.0000 0.0000 193.0000 181.0000 349.0000 237.0000 1.4722 1.6250 3.9892 -9.8764 1.7115 21.1128 -0.4679 0.9994
Car 0.0000 0.0000 0.0000 541.0000 173.0000 581.0000 206.0000 1.5077 1.6399 4.1628 -2.3173 1.4814 35.6489 1.5708 0.9991
Car 0.0000 0.0000 0.0000 585.0000 171.0000 606.0000 189.0000 1.5829 1.6621 4.2181 -1.1470 1.2984 65.6811 1.5708 0.9977
Car 0.0000 0.0000 0.0000 424.0000 184.0000 462.0000 211.0000 1.4949 1.6138 3.9980 -9.8962 2.1174 43.1796 1.5047 0.9945
Car 0.0000 0.0000 0.0000 331.0000 181.0000 389.0000 212.0000 1.5166 1.6025 3.7275 -13.1159 1.9074 38.0986 1.5708 0.9924
Car 0.0000 0.0000 0.0000 1166.0000 176.0000 1506.0000 287.0000 1.4965 1.5909 3.8055 11.3961 1.5510 11.7472 1.5257 0.9916
Car 0.0000 0.0000 0.0000 523.0000 180.0000 547.0000 200.0000 1.5021 1.6121 4.0308 -5.8081 1.9930 57.1566 1.5359 0.9911
Car 0.0000 0.0000 0.0000 490.0000 183.0000 525.0000 206.0000 1.4928 1.5976 3.9424 -6.9304 2.1282 49.4818 1.5708 0.9829
Car 0.0000 0.0000 0.0000 483.0000 180.0000 512.0000 200.0000 1.5011 1.6074 3.9464 -8.8876 2.0162 57.8690 1.5708 0.9736
Car 0.0000 0.0000 0.0000 757.0000 160.0000 791.0000 181.0000 1.5276 1.6110 3.7488 12.6493 0.5477 55.1405 1.5457 0.9709
