Car 0.0000 0.0000 0.0000 1035.0000 152.0000 1221.0000 207.0000 1.6474 1.7367 4.5541 16.2723 0.9966 22.7539 0.0414 0.9999
Car 0.0000 0.0000 0.0000 -826.0000 183.0000 311.0000 761.0000 1.5119 1.6124 3.8456 -3.1885 1.5804 3.8841 1.5261 0.9989
Car 0.0000 0.0000 0.0000 596.0000 179.0000 617.0000 198.0000 1.5001 1.6099 3.9476 -0.2227 1.8855 58.1197 1.5471 0.9845
Car 0.0000 0.0000 0.0000 486.0000 180.0000 519.0000 204.0000 1.5008 1.6109 3.9440 -7.2312 1.9461 49.2640 1.5696 0.9814
Car 0.0000 0.0000 0.0000 521.0000 177.0000 543.0000 193.0000 1.5393 1.6449 3.9887 -7.5712 1.8335 71.6694 1.5708 0.9814
Car 0.0000 0.0000 0.0000 506.0000 175.0000 529.0000 193.0000 1.4994 1.5951 3.8218 -7.9321 1.6362 62.6671 1.5461 0.9722
Car 0.0000 0.0000 0.0000 727.0000 174.0000 750.0000 193.0000 1.4985 1.6008 3.8893 10.3394 1.4992 57.4774 -1.4255 0.9698
Car 0.0000 0.0000 0.0000 -29.0000 190.0000 48.0000 222.0000 1.5059 1.6011 3.8775 -31.7607 2.4021 38.2075 1.3444 0.9698
Car 0.0000 0.0000 0.0000 515.0000 180.0000 542.0000 199.0000 1.5024 1.6264 4.0002 -6.4229 1.9810 58.2803 1.5708 0.9696
Car 0.0000 0.0000 0.0000 657.0000 183.0000 691.0000 214.0000 1.5105 1.6115 3.9279 3.4166 1.9805 37.2151 -1.4461 0.9608
