Car 0.0000 0.0000 0.0000 730.0000 176.0000 897.0000 283.0000 1.5256 1.6599 4.0808 3.2716 1.5820 12.4638 1.5558 0.9997
Car 0.0000 0.0000 0.0000 805.0000 179.0000 1210.0000 404.0000 1.5162 1.6309 3.7620 3.2034 1.5740 6.8023 1.5389 0.9997
Car 0.0000 0.0000 0.0000 -842.0000 208.0000 115.0000 585.0000 1.5198 1.6545 4.0800 -5.8689 1.8638 5.3205 1.5304 0.9997
Car 0.0000 0.0000 0.0000 161.0000 194.0000 376.0000 305.0000 1.5446 1.6559 4.0993 -5.7365 1.9508 12.6834 1.5708 0.9997
Car 0.0000 0.0000 0.0000 688.0000 182.0000 759.0000 237.0000 1.5323 1.6290 3.7529 3.4367 1.7861 22.3430 1.5708 0.9996
Car 0.0000 0.0000 0.0000 495.0000 180.0000 535.0000 207.0000 1.5020 1.6379 4.0521 -5.5433 1.8879 42.8585 1.5708 0.9995
Car 0.0000 0.0000 0.0000 325.0000 191.0000 445.0000 259.0000 1.5099 1.6169 3.7910 -5.6776 1.9920 18.6371 -1.4732 0.9995
Car 0.0000 0.0000 0.0000 651.0000 177.0000 687.0000 208.0000 1.5080 1.6128 3.7781 3.0178 1.6612 36.6851 1.5708 0.9993
Car 0.0000 0.0000 0.0000 918.0000 132.0000 1130.0000 227.0000 1.7095 1.7274 4.3823 8.4171 0.9705 15.1861 1.5101 0.9991
Car 0.0000 0.0000 0.0000 1104.0000 169.0000 1441.0000 312.0000 1.4233 1.5835 3.7475 8.0035 1.3896 8.7138 -0.4026 0.9987
Car 0.0000 0.0000 0.0000 423.0000 183.0000 490.0000 226.0000 1.4969 1.5919 3.7355 -5.7487 1.8585 27.4001 1.5708 0.9987
Car 0.0000 0.0000 0.0000 -7.0000 188.0000 81.0000 255.0000 1.5299 1.6174 3.8186 -14.8981 1.9186 18.8617 0.9541 0.9961
Car 0.0000 0.0000 0.0000 674.0000 180.0000 727.0000 222.0000 1.4981 1.5953 3.7804 3.4350 1.7212 27.7790 1.5708 0.9861
Car 0.0000 0.0000 0.0000 648.0000 170.0000 678.0000 197.0000 1.4995 1.5845 3.7249 3.2157 1.2869 42.4011 -1.4450 0.9720
