Car 0.0000 0.0000 0.0000 244.0000 136.0000 447.0000 274.0000 1.5487 1.6361 3.7007 -3.4610 1.1377 10.0533 1.5189 0.9998
Car 0.0000 0.0000 0.0000 431.0000 183.0000 501.0000 231.0000 1.5296 1.6310 3.5921 -4.9115 1.8588 25.0839 1.5708 0.9998
Car 0.0000 0.0000 0.0000 439.0000 183.0000 488.0000 199.0000 1.4810 1.6552 4.1056 -13.3624 2.2881 66.3490 0.0185 0.9997
Car 0.0000 0.0000 0.0000 49.0000 189.0000 272.0000 297.0000 1.5319 1.6331 3.8538 -7.5998 1.8222 12.6116 1.5281 0.9996
Car 0.0000 0.0000 0.0000 577.0000 182.0000 609.0000 212.0000 1.5286 1.6196 3.6780 -0.8040 1.9500 38.5608 1.5643 0.9995
Car 0.0000 0.0000 0.0000 47.0000 185.0000 176.0000 250.0000 1.5063 1.5966 3.6661 -12.9737 1.8053 18.9708 1.3303 0.9984
Car 0.0000 0.0000 0.0000 201.0000 185.0000 290.0000 231.0000 1.4962 1.6141 3.9730 -13.0041 1.8967 25.9723 1.4560 0.9984
Car 0.0000 0.0000 0.0000 291.0000 182.0000 380.0000 238.0000 1.5015 1.6071 3.8519 -7.9974 1.7360 21.3285 1.4411 0.9983
Car 0.0000 0.0000 0.0000 368.0000 180.0000 438.0000 220.0000 1.4982 1.5958 3.8082 -8.3553 1.7655 29.4756 1.5708 0.9952
Car 0.0000 0.0000 0.0000 497.0000 165.0000 533.0000 205.0000 2.0129 1.8169 4.6547 -5.1562 1.5859 39.2296 1.4264 0.9928
Car 0.0000 0.0000 0.0000 411.0000 181.0000 460.0000 210.0000 1.4922 1.5952 3.8167 -9.2811 1.8738 38.8244 1.5708 0.9873
Car 0.0000 0.0000 0.0000 393.0000 183.0000 425.0000 207.0000 1.5018 1.5928 3.7872 -13.3416 2.1090 48.2638 1.4182 0.9867
Car 0.0000 0.0000 0.0000 525.0000 183.0000 553.0000 205.0000 1.5013 1.6126 3.9626 -4.8772 2.1349 50.8487 1.5538 0.9776
