Car 0.0000 0.0000 0.0000 265.0000 182.0000 437.0000 284.0000 1.5312 1.6301 3.7095 -4.4235 1.6835 12.8400 1.5708 0.9997
Car 0.0000 0.0000 0.0000 577.0000 177.0000 610.0000 208.0000 1.5273 1.6248 3.6676 -0.7520 1.7074 37.6107 1.5693 0.9996
Car 0.0000 0.0000 0.0000 416.0000 178.0000 495.0000 231.0000 1.5057 1.6151 3.7982 -4.7272 1.6517 22.5629 1.5708 0.9995
Car 0.0000 0.0000 0.0000 477.0000 179.0000 527.0000 215.0000 1.5013 1.6217 3.9074 -4.7019 1.7132 32.0700 1.5708 0.9993
Car 0.0000 0.0000 0.0000 257.0000 182.0000 359.0000 241.0000 1.5084 1.6117 3.7352 -8.6636 1.7692 20.9822 1.5076 0.9991
Car 0.0000 0.0000 0.0000 -193.0000 192.0000 165.0000 335.0000 1.5126 1.6327 4.0258 -8.2637 1.8090 10.0734 1.5398 0.9990
Car 0.0000 0.0000 0.0000 19.0000 175.0000 197.0000 243.0000 1.5006 1.6362 4.1463 -12.3329 1.5422 18.0301 1.5494 0.9990
Car 0.0000 0.0000 0.0000 458.0000 172.0000 494.0000 196.0000 1.6046 1.6642 4.1348 -9.4104 1.4954 51.3848 1.5708 0.9983
Car 0.0000 0.0000 0.0000 369.0000 176.0000 414.0000 215.0000 1.4948 1.5859 3.7694 -8.9017 1.6005 29.6594 1.3285 0.9911
Car 0.0000 0.0000 0.0000 493.0000 165.0000 513.0000 185.0000 1.7879 1.7323 4.2719 -9.7582 0.9589 66.7794 1.4630 0.9688
Car 0.0000 0.0000 0.0000 411.0000 179.0000 454.0000 208.0000 1.5026 1.5834 3.7353 -9.7869 1.7899 40.1033 1.5315 0.9639
