Car 0.0000 0.0000 0.0000 76.0000 193.0000 406.0000 391.0000 1.5175 1.6486 3.9108 -3.5949 1.7696 7.8196 1.5490 0.9998
Car 0.0000 0.0000 0.0000 793.0000 181.0000 1144.0000 411.0000 1.5251 1.5931 3.3610 2.7901 1.6016 6.5066 1.5708 0.9997
Car 0.0000 0.0000 0.0000 700.0000 179.0000 849.0000 285.0000 1.5376 1.6514 4.1449 2.6557 1.6330 12.6264 1.5708 0.9995
Car 0.0000 0.0000 0.0000 327.0000 188.0000 483.0000 287.0000 1.5155 1.6339 3.9446 -3.6552 1.8141 13.5030 1.5708 0.9995
Car 0.0000 0.0000 0.0000 681.0000 177.0000 782.0000 243.0000 1.4984 1.6452 4.1789 2.9977 1.5924 18.5620 1.5122 0.9988
Car 0.0000 0.0000 0.0000 673.0000 173.0000 730.0000 222.0000 1.5009 1.5834 3.6259 3.0272 1.4911 24.2626 1.5708 0.9980
Car 0.0000 0.0000 0.0000 421.0000 180.0000 502.0000 244.0000 1.5523 1.6624 4.2006 -3.9539 1.7261 19.7466 1.4875 0.9968
Car 0.0000 0.0000 0.0000 -8262.0000 -3595.0000 1401.0000 563.0000 1.4927 1.5913 3.8297 2.9527 1.3640 1.6242 1.5708 0.9963
Car 0.0000 0.0000 0.0000 599.0000 174.0000 620.0000 193.0000 1.5001 1.6004 3.8342 0.0797 1.5383 60.6326 1.5393 0.9950
Car 0.0000 0.0000 0.0000 736.0000 197.0000 785.0000 231.0000 1.5226 1.6221 4.0121 7.5914 2.6952 35.8345 -1.1611 0.9823
