Car 0.0000 0.0000 0.0000 5.0000 195.0000 131.0000 245.0000 1.5148 1.6339 3.8293 -18.7481 2.2972 25.1318 1.5269 0.9997
Car 0.0000 0.0000 0.0000 303.0000 193.0000 346.0000 217.0000 1.4970 1.6231 3.9766 -19.4410 2.8285 49.4297 1.4985 0.9980
Car 0.0000 0.0000 0.0000 -123.0000 196.0000 40.0000 255.0000 1.4814 1.5679 3.6261 -17.8860 2.1275 19.7711 0.2371 0.9950
Car 0.0000 0.0000 0.0000 871.0000 177.0000 906.0000 198.0000 1.4904 1.6040 3.8978 20.6056 1.7113 53.1273 -1.4137 0.9945
Car 0.0000 0.0000 0.0000 110.0000 193.0000 164.0000 218.0000 1.5002 1.6056 3.8536 -30.5704 2.7648 46.7875 1.3798 0.9917
Car 0.0000 0.0000 0.0000 959.0000 183.0000 984.0000 202.0000 1.5351 1.6555 4.1205 31.7218 2.3601 62.8407 -1.0219 0.9904
Car 0.0000 0.0000 0.0000 166.0000 199.0000 206.0000 219.0000 1.4957 1.6269 3.9180 -35.2742 3.6669 60.2053 1.3861 0.9871
Car 0.0000 0.0000 0.0000 803.0000 185.0000 828.0000 208.0000 1.4902 1.6162 3.9229 14.7257 2.3257 51.0880 -1.2778 0.9812
Car 0.0000 0.0000 0.0000 977.0000 150.0000 1023.0000 179.0000 1.5108 1.5914 3.7181 21.5809 0.2560 39.8652 -1.2474 0.9798
Car 0.0000 0.0000 0.0000 395.0000 190.0000 431.0000 211.0000 1.4964 1.6050 3.8518 -14.7516 2.7177 54.4246 1.5708 0.9777
Car 0.0000 0.0000 0.0000 179.0000 188.0000 241.0000 227.0000 1.5046 1.6118 3.8678 -17.1119 2.1350 31.0113 1.2636 0.9774
Car 0.0000 0.0000 0.0000 747.0000 178.0000 771.0000 200.0000 1.4895 1.5883 3.7856 10.6971 1.8075 51.3194 -1.3691 0.9754
Car 0.0000 0.0000 0.0000 910.0000 183.0000 934.0000 204.0000 1.4829 1.5977 3.8001 23.5113 2.1783 54.0482 -1.1722 0.9692
Car 0.0000 0.0000 0.0000 160.0000 202.0000 217.0000 227.0000 1.5100 1.6314 3.9752 -28.3342 3.4453 48.6336 1.5467 0.9649
