Car 0.0000 0.0000 0.0000 712.0000 182.0000 904.0000 308.0000 1.5360 1.6655 4.0992 2.7503 1.6785 11.0288 1.5382 0.9999
Car 0.0000 0.0000 0.0000 -47.0000 203.0000 382.0000 464.0000 1.5178 1.6190 3.7852 -3.4632 1.8491 6.4882 1.5466 0.9997
Car 0.0000 0.0000 0.0000 817.0000 187.0000 1422.0000 538.0000 1.5361 1.6174 3.6211 2.8298 1.6590 5.1017 1.5370 0.9997
Car 0.0000 0.0000 0.0000 691.0000 178.0000 803.0000 252.0000 1.5334 1.6281 3.7512 3.1080 1.6396 17.0773 1.4907 0.9996
Car 0.0000 0.0000 0.0000 639.0000 177.0000 675.0000 203.0000 1.5044 1.6340 3.9939 2.9310 1.6989 44.5570 1.4832 0.9994
Car 0.0000 0.0000 0.0000 309.0000 197.0000 475.0000 314.0000 1.5193 1.6215 3.8317 -3.4348 1.9614 11.9977 1.5624 0.9991
Car 0.0000 0.0000 0.0000 672.0000 179.0000 743.0000 231.0000 1.5096 1.6092 3.7328 3.0237 1.6680 22.9114 1.5342 0.9988
Car 0.0000 0.0000 0.0000 599.0000 181.0000 621.0000 200.0000 1.4989 1.6078 3.8932 0.1519 2.0822 59.0047 1.5708 0.9960
Car 0.0000 0.0000 0.0000 682.0000 168.0000 736.0000 211.0000 1.5014 1.5776 3.5749 3.7251 1.3189 27.3314 1.5708 0.9956
Car 0.0000 0.0000 0.0000 403.0000 183.0000 501.0000 254.0000 1.5268 1.6132 3.7543 -3.7866 1.7772 17.8312 1.5634 0.9877
