Car 0.0000 0.0000 0.0000 39.0000 192.0000 351.0000 354.0000 1.5360 1.6643 4.0977 -4.9244 1.8077 9.2585 1.5708 0.9998
Car 0.0000 0.0000 0.0000 128.0000 178.0000 262.0000 238.0000 1.5094 1.6428 3.9993 -11.4878 1.6304 20.2608 1.5151 0.9995
Car 0.0000 0.0000 0.0000 238.0000 181.0000 362.0000 246.0000 1.5278 1.6640 4.1606 -8.2339 1.7413 19.5515 1.5448 0.9995
Car 0.0000 0.0000 0.0000 330.0000 190.0000 407.0000 240.0000 1.5275 1.6593 4.1975 -8.3725 2.1458 25.3844 1.4793 0.9995
Car 0.0000 0.0000 0.0000 572.0000 180.0000 604.0000 208.0000 1.5092 1.6144 3.7369 -1.1688 1.8716 41.2832 1.5708 0.9994
Car 0.0000 0.0000 0.0000 -234.0000 190.0000 136.0000 334.0000 1.5290 1.6312 3.8635 -8.6345 1.7793 9.9313 1.5541 0.9992
Car 0.0000 0.0000 0.0000 410.0000 148.0000 506.0000 238.0000 2.3861 1.9406 5.1260 -4.4620 1.7248 21.9981 1.5506 0.9987
Car 0.0000 0.0000 0.0000 316.0000 194.0000 361.0000 220.0000 1.5205 1.6304 3.8663 -17.5941 2.8660 47.0396 1.5389 0.9920
Car 0.0000 0.0000 0.0000 493.0000 180.0000 535.0000 215.0000 1.5025 1.6091 3.8982 -4.4415 1.8138 34.0557 1.5426 0.9912
Car 0.0000 0.0000 0.0000 371.0000 180.0000 414.0000 203.0000 1.4967 1.5866 3.8014 -14.2052 1.8671 47.4248 1.5708 0.9763
