Car 0.0000 0.0000 0.0000 399.0000 180.0000 433.0000 202.0000 1.5019 1.6305 4.0230 -13.7690 1.9394 51.5814 1.4825 0.9990
Car 0.0000 0.0000 0.0000 968.0000 123.0000 1643.0000 473.0000 1.7831 1.7482 4.6270 4.7166 1.5468 6.0855 -1.4108 0.9972
Car 0.0000 0.0000 0.0000 322.0000 192.0000 361.0000 215.0000 1.5121 1.6508 4.1022 -19.4253 2.8933 52.5207 1.4884 0.9947
Car 0.0000 0.0000 0.0000 327.0000 192.0000 376.0000 219.0000 1.4981 1.6103 3.8491 -15.5084 2.6127 43.6132 1.5621 0.9944
Car 0.0000 0.0000 0.0000 515.0000 183.0000 548.0000 208.0000 1.4957 1.5999 3.9128 -4.9764 2.0904 46.7582 1.5708 0.9878
Car 0.0000 0.0000 0.0000 284.0000 194.0000 344.0000 226.0000 1.4913 1.6121 3.9778 -15.5568 2.6063 38.1852 1.5468 0.9865
Car 0.0000 0.0000 0.0000 274.0000 193.0000 315.0000 220.0000 1.5054 1.6122 3.8889 -19.4052 2.7436 44.5622 1.3570 0.9855
Car 0.0000 0.0000 0.0000 697.0000 182.0000 723.0000 202.0000 1.4879 1.6038 3.9206 7.7215 2.0837 55.2625 1.5708 0.9804
Car 0.0000 0.0000 0.0000 224.0000 194.0000 276.0000 226.0000 1.4997 1.6099 3.8308 -19.3728 2.6552 38.9998 1.3615 0.9773
Car 0.0000 0.0000 0.0000 758.0000 179.0000 788.0000 201.0000 1.5015 1.6096 3.8950 11.9842 1.8783 52.6313 -1.4835 0.9634
