Car 0.0000 0.0000 0.0000 -19.0000 137.0000 326.0000 245.0000 1.5922 1.7454 4.6257 -7.3115 1.0633 11.7645 0.0579 1.0000
Car 0.0000 0.0000 0.0000 896.0000 180.0000 1134.0000 309.0000 1.5304 1.6752 4.2445 5.6810 1.6297 10.7839 -1.4214 0.9998
Car 0.0000 0.0000 0.0000 634.0000 181.0000 682.0000 222.0000 1.5170 1.6356 3.9089 1.8824 1.7952 28.9615 1.5659 0.9997
Car 0.0000 0.0000 0.0000 -67.0000 202.0000 252.0000 338.0000 1.4857 1.6308 3.8618 -6.9220 1.8845 9.5933 0.3734 0.9994
Car 0.0000 0.0000 0.0000 362.0000 175.0000 488.0000 221.0000 1.5713 1.6559 4.0792 -6.6195 1.6496 26.0450 0.1542 0.9993
Car 0.0000 0.0000 0.0000 755.0000 174.0000 971.0000 248.0000 1.5083 1.6664 4.1766 5.4138 1.5443 15.8401 0.0943 0.9992
Car 0.0000 0.0000 0.0000 765.0000 181.0000 1011.0000 270.0000 1.5012 1.6275 4.0575 5.1803 1.6610 13.6439 -0.1692 0.9992
Car 0.0000 0.0000 0.0000 306.0000 174.0000 461.0000 227.0000 1.5898 1.7167 4.4599 -7.2267 1.6295 23.2897 0.0477 0.9992
Car 0.0000 0.0000 0.0000 973.0000 188.0000 1469.0000 339.0000 1.4476 1.6233 3.9650 6.4295 1.6284 8.0290 0.1184 0.9985
Car 0.0000 0.0000 0.0000 1090.0000 163.0000 2010.0000 480.0000 1.4807 1.6180 3.9594 6.1626 1.4485 5.5066 1.2100 0.9972
Car 0.0000 0.0000 0.0000 429.0000 165.0000 514.0000 196.0000 1.5212 1.6187 3.9550 -6.9683 1.0798 36.7454 0.0426 0.9959
Car 0.0000 0.0000 0.0000 366.0000 166.0000 413.0000 197.0000 1.5220 1.6079 3.7139 -11.4477 1.1451 37.7584 1.4933 0.9829
