Car 0.0000 0.0000 0.0000 -50.0000 189.0000 287.0000 320.0000 1.4340 1.6196 3.8835 -6.7315 1.6929 10.3622 -1.2916 1.0000
Car 0.0000 0.0000 0.0000 31.0000 146.0000 338.0000 244.0000 1.5923 1.7212 4.5122 -7.4749 1.1615 12.8726 0.0407 0.9999
Car 0.0000 0.0000 0.0000 756.0000 178.0000 981.0000 263.0000 1.5148 1.6493 4.1638 5.2188 1.6191 14.6053 -0.3261 0.9998
Car 0.0000 0.0000 0.0000 864.0000 182.0000 1090.0000 297.0000 1.5247 1.6725 4.2394 5.6856 1.6766 11.8434 1.5708 0.9998
Car 0.0000 0.0000 0.0000 742.0000 172.0000 944.0000 241.0000 1.4934 1.6711 4.1700 5.3321 1.4837 16.8483 0.0083 0.9998
Car 0.0000 0.0000 0.0000 631.0000 181.0000 681.0000 221.0000 1.5112 1.6507 4.0521 1.8856 1.8229 29.9595 1.5304 0.9997
Car 0.0000 0.0000 0.0000 318.0000 174.0000 458.0000 223.0000 1.5325 1.6691 4.1779 -7.3523 1.5761 24.1338 0.0338 0.9996
Car 0.0000 0.0000 0.0000 -495.0000 190.0000 118.0000 411.0000 1.5189 1.6252 3.9008 -6.6259 1.6824 6.1188 0.1537 0.9994
Car 0.0000 0.0000 0.0000 374.0000 180.0000 488.0000 223.0000 1.5275 1.6116 3.8218 -6.6179 1.7598 26.8822 0.1029 0.9984
Car 0.0000 0.0000 0.0000 956.0000 195.0000 1336.0000 396.0000 1.4879 1.6161 4.0444 5.2246 1.7686 7.8009 -1.4015 0.9983
Car 0.0000 0.0000 0.0000 434.0000 169.0000 516.0000 200.0000 1.5073 1.6160 3.9197 -7.0048 1.3007 37.8498 0.0468 0.9953
Car 0.0000 0.0000 0.0000 365.0000 173.0000 415.0000 203.0000 1.5211 1.6183 3.7928 -11.6604 1.4861 38.5137 1.5472 0.9802
