Car 0.0000 0.0000 0.0000 580.0000 176.0000 598.0000 194.0000 1.6452 1.6923 4.2576 -1.8848 1.8437 68.5973 1.5353 0.9994
Car 0.0000 0.0000 0.0000 407.0000 185.0000 443.0000 209.0000 1.5018 1.6176 4.0436 -11.8712 2.2038 46.7114 1.4935 0.9974
Car 0.0000 0.0000 0.0000 494.0000 183.0000 527.0000 208.0000 1.4975 1.6123 4.0092 -6.4493 2.1398 47.5848 1.5708 0.9870
Car 0.0000 0.0000 0.0000 472.0000 168.0000 497.0000 187.0000 1.5084 1.6061 3.8458 -10.0075 1.0214 58.2603 1.5047 0.9847
Car 0.0000 0.0000 0.0000 618.0000 179.0000 643.0000 203.0000 1.4909 1.6109 4.0677 1.4552 1.8449 47.8914 1.5708 0.9828
Car 0.0000 0.0000 0.0000 643.0000 157.0000 666.0000 176.0000 1.5735 1.6350 3.7035 3.9012 0.1706 61.8562 1.5335 0.9818
Car 0.0000 0.0000 0.0000 -46.0000 208.0000 79.0000 255.0000 1.5362 1.6399 3.8427 -22.5065 2.9009 27.5075 1.5691 0.9787
Car 0.0000 0.0000 0.0000 411.0000 181.0000 444.0000 201.0000 1.4917 1.5972 3.8692 -14.2738 2.0901 56.9114 1.5708 0.9771
Car 0.0000 0.0000 0.0000 372.0000 183.0000 407.0000 202.0000 1.4952 1.6245 4.0501 -17.7435 2.2378 58.4928 1.5585 0.9748
Car 0.0000 0.0000 0.0000 736.0000 200.0000 764.0000 225.0000 1.5114 1.6318 3.9451 9.5138 3.3255 48.6490 -1.4321 0.9605
