Car 0.0000 0.0000 0.0000 232.0000 161.0000 448.0000 231.0000 1.5795 1.7385 4.6154 -6.4630 1.3019 17.5114 0.0440 0.9999
Car 0.0000 0.0000 0.0000 719.0000 182.0000 918.0000 310.0000 1.5172 1.6370 3.9889 2.8145 1.6498 10.7067 1.5307 0.9997
Car 0.0000 0.0000 0.0000 666.0000 179.0000 741.0000 235.0000 1.5318 1.6271 3.7694 2.7560 1.7009 21.8751 1.5258 0.9994
Car 0.0000 0.0000 0.0000 -194.0000 193.0000 280.0000 358.0000 1.5400 1.6411 4.0145 -6.0056 1.7862 7.8494 0.0748 0.9990
Car 0.0000 0.0000 0.0000 689.0000 183.0000 791.0000 260.0000 1.5011 1.5911 3.6616 2.7591 1.7088 16.0303 1.5667 0.9989
Car 0.0000 0.0000 0.0000 646.0000 176.0000 687.0000 210.0000 1.5096 1.6099 3.7325 2.7530 1.6295 33.9657 -1.4123 0.9989
Car 0.0000 0.0000 0.0000 467.0000 177.0000 511.0000 213.0000 1.5044 1.6162 3.8456 -5.4721 1.6786 33.1922 1.5038 0.9989
Car 0.0000 0.0000 0.0000 282.0000 163.0000 461.0000 226.0000 1.6401 1.6933 4.3660 -6.4986 1.3758 19.8723 0.0693 0.9986
Car 0.0000 0.0000 0.0000 360.0000 176.0000 494.0000 225.0000 1.5754 1.6491 4.0759 -6.1658 1.6768 24.4962 0.1163 0.9984
Car 0.0000 0.0000 0.0000 31.0000 186.0000 328.0000 302.0000 1.4696 1.5757 3.6163 -6.1642 1.6592 10.3775 0.2450 0.9976
Car 0.0000 0.0000 0.0000 -522.0000 195.0000 122.0000 431.0000 1.4990 1.5930 3.6977 -6.2138 1.6981 5.6988 0.1291 0.9939
Car 0.0000 0.0000 0.0000 494.0000 170.0000 534.0000 201.0000 1.4975 1.6060 4.0078 -5.0005 1.3409 38.2043 1.5645 0.9856
Car 0.0000 0.0000 0.0000 195.0000 184.0000 405.0000 260.0000 1.4886 1.5989 3.7508 -6.4768 1.7154 15.2319 0.0505 0.9789
Car 0.0000 0.0000 0.0000 334.0000 183.0000 475.0000 236.0000 1.5193 1.6171 3.8930 -6.3014 1.8265 22.1331 0.2783 0.9752
Car 0.0000 0.0000 0.0000 635.0000 175.0000 665.0000 201.0000 1.5002 1.5966 3.8217 2.6083 1.5927 44.6798 -1.4460 0.9722
