Car 0.0000 0.0000 0.0000 252.0000 195.0000 406.0000 283.0000 1.5177 1.6349 3.8854 -5.7438 2.0156 15.2075 1.5708 0.9998
Car 0.0000 0.0000 0.0000 488.0000 183.0000 527.0000 213.0000 1.5088 1.6354 3.9511 -5.4287 2.0154 38.8696 1.5355 0.9996
Car 0.0000 0.0000 0.0000 354.0000 188.0000 453.0000 249.0000 1.5054 1.6376 4.0728 -5.7850 1.9416 20.6384 1.5708 0.9994
Car 0.0000 0.0000 0.0000 662.0000 170.0000 702.0000 205.0000 1.4994 1.5965 3.7751 3.3049 1.3443 33.1201 1.5708 0.9969
Car 0.0000 0.0000 0.0000 410.0000 179.0000 484.0000 225.0000 1.4993 1.6139 4.0537 -5.7164 1.6788 25.8445 1.5708 0.9969
Car 0.0000 0.0000 0.0000 816.0000 154.0000 893.0000 198.0000 1.5304 1.6394 4.0659 9.2252 0.8478 27.3717 1.5708 0.9967
Car 0.0000 0.0000 0.0000 1097.0000 137.0000 1159.0000 174.0000 1.5393 1.6368 4.1316 23.2590 -0.0003 32.2080 -0.7991 0.9960
Car 0.0000 0.0000 0.0000 655.0000 173.0000 688.0000 203.0000 1.5215 1.6160 3.8076 3.3279 1.4969 38.5314 1.5708 0.9951
Car 0.0000 0.0000 0.0000 882.0000 157.0000 971.0000 187.0000 1.5443 1.6488 4.1506 17.2993 0.6906 39.3440 0.0618 0.9920
Car 0.0000 0.0000 0.0000 979.0000 154.0000 1054.0000 186.0000 1.6853 1.6881 4.1912 22.3699 0.6472 39.7318 1.5545 0.9733
Car 0.0000 0.0000 0.0000 712.0000 172.0000 750.0000 197.0000 1.4955 1.5688 3.6038 7.7005 1.4222 45.6133 1.5240 0.9696
