Car 0.0000 0.0000 0.0000 729.0000 185.0000 933.0000 310.0000 1.5431 1.6691 4.0751 3.1569 1.7409 11.2486 1.4993 0.9999
Car 0.0000 0.0000 0.0000 800.0000 194.0000 1463.0000 577.0000 1.5406 1.6448 3.8538 2.7637 1.7254 5.0432 1.4981 0.9998
Car 0.0000 0.0000 0.0000 379.0000 191.0000 500.0000 270.0000 1.5051 1.6252 3.9212 -3.7327 1.9390 16.3807 1.5708 0.9995
Car 0.0000 0.0000 0.0000 695.0000 184.0000 796.0000 258.0000 1.5162 1.6079 3.6938 3.0539 1.7581 16.9195 1.5539 0.9995
Car 0.0000 0.0000 0.0000 -127.0000 206.0000 366.0000 488.0000 1.5283 1.6438 3.9697 -3.6677 1.8935 6.3153 1.5694 0.9992
Car 0.0000 0.0000 0.0000 285.0000 195.0000 456.0000 312.0000 1.5191 1.6038 3.5888 -3.7151 1.9103 11.7352 1.5633 0.9991
Car 0.0000 0.0000 0.0000 1039.0000 167.0000 1168.0000 205.0000 1.4302 1.6258 3.9182 19.4976 1.1796 28.4959 0.0197 0.9877
Car 0.0000 0.0000 0.0000 609.0000 185.0000 636.0000 207.0000 1.5004 1.6121 3.9363 1.0659 2.3692 53.4293 -1.4367 0.9831
Car 0.0000 0.0000 0.0000 619.0000 186.0000 646.0000 204.0000 1.5084 1.6372 4.0940 2.2058 2.6171 65.2113 -1.3186 0.9771
Car 0.0000 0.0000 0.0000 648.0000 186.0000 687.0000 217.0000 1.4930 1.5865 3.6872 3.1501 2.1640 38.1669 -1.3576 0.9734
Car 0.0000 0.0000 0.0000 1005.0000 174.0000 1414.0000 369.0000 1.6153 1.6699 4.3102 6.1798 1.6356 8.2246 -1.3894 0.9684
