Car 0.0000 0.0000 0.0000 803.0000 182.0000 1097.0000 346.0000 1.5182 1.6419 3.8257 3.7248 1.6347 8.7584 1.5373 0.9998
Car 0.0000 0.0000 0.0000 500.0000 180.0000 543.0000 213.0000 1.5175 1.6287 3.7469 -4.2045 1.7938 35.0138 1.5708 0.9998
Car 0.0000 0.0000 0.0000 379.0000 184.0000 477.0000 251.0000 1.5328 1.6634 4.1059 -4.6733 1.8093 19.0274 1.5426 0.9998
Car 0.0000 0.0000 0.0000 730.0000 181.0000 886.0000 276.0000 1.5342 1.6518 4.0270 3.5797 1.6833 13.8320 1.5084 0.9997
Car 0.0000 0.0000 0.0000 -48.0000 189.0000 323.0000 380.0000 1.5248 1.6549 4.0488 -4.8175 1.7278 8.0782 1.5261 0.9996
Car 0.0000 0.0000 0.0000 280.0000 188.0000 441.0000 284.0000 1.5014 1.6349 4.1202 -4.5953 1.8132 13.8649 1.5708 0.9995
Car 0.0000 0.0000 0.0000 696.0000 177.0000 763.0000 225.0000 1.5188 1.6155 3.7188 4.0293 1.6218 24.6395 1.5600 0.9993
Car 0.0000 0.0000 0.0000 706.0000 174.0000 800.0000 239.0000 1.5243 1.6234 3.7878 3.6530 1.5367 18.9408 1.5496 0.9989
Car 0.0000 0.0000 0.0000 1032.0000 184.0000 3121.0000 1052.0000 1.5163 1.6033 3.6750 3.6560 1.5836 3.1351 1.5708 0.9988
Car 0.0000 0.0000 0.0000 685.0000 174.0000 734.0000 213.0000 1.4977 1.5932 3.7901 4.1051 1.5161 29.8980 1.5708 0.9905
Car 0.0000 0.0000 0.0000 688.0000 169.0000 725.0000 202.0000 1.5085 1.6007 3.8182 4.7914 1.3070 35.8160 1.5708 0.9837
