Car 0.0000 0.0000 0.0000 421.0000 175.0000 495.0000 225.0000 1.5236 1.6928 4.5603 -4.9821 1.5757 24.2772 1.5354 0.9997
Car 0.0000 0.0000 0.0000 -107.0000 187.0000 304.0000 385.0000 1.5318 1.6498 3.9803 -4.9823 1.6970 7.7605 1.5614 0.9997
Car 0.0000 0.0000 0.0000 807.0000 181.0000 1126.0000 364.0000 1.5158 1.6208 3.6974 3.4612 1.5988 7.8736 1.5665 0.9996
Car 0.0000 0.0000 0.0000 742.0000 178.0000 892.0000 275.0000 1.5160 1.6380 4.0151 3.6183 1.5963 13.3761 1.5708 0.9995
Car 0.0000 0.0000 0.0000 704.0000 177.0000 799.0000 243.0000 1.5316 1.6384 3.8653 3.5759 1.6162 18.7953 1.5581 0.9994
Car 0.0000 0.0000 0.0000 1002.0000 191.0000 3260.0000 1201.0000 1.5102 1.5858 3.6010 3.3150 1.6168 2.9360 1.5708 0.9988
Car 0.0000 0.0000 0.0000 693.0000 174.0000 761.0000 223.0000 1.5149 1.6002 3.6227 3.8787 1.5391 24.2981 1.5510 0.9986
Car 0.0000 0.0000 0.0000 -10.0000 178.0000 70.0000 237.0000 1.5057 1.5941 3.6956 -16.3111 1.6301 20.3438 0.9434 0.9961
Car 0.0000 0.0000 0.0000 461.0000 182.0000 521.0000 224.0000 1.5066 1.6120 3.8811 -4.5711 1.8279 28.3020 1.5708 0.9931
Car 0.0000 0.0000 0.0000 674.0000 173.0000 727.0000 192.0000 1.6294 1.7181 4.4619 7.9795 1.5435 62.1453 0.1422 0.9842
