Car 0.0000 0.0000 0.0000 256.0000 183.0000 449.0000 249.0000 1.5191 1.6793 4.2428 -6.3831 1.7833 18.1043 0.0263 0.9999
Car 0.0000 0.0000 0.0000 638.0000 176.0000 714.0000 233.0000 1.5312 1.6260 3.5208 1.8550 1.6007 21.1661 1.4936 0.9998
Car 0.0000 0.0000 0.0000 998.0000 173.0000 1766.0000 398.0000 1.4638 1.6421 4.0576 5.5158 1.4848 5.6555 0.0765 0.9998
Car 0.0000 0.0000 0.0000 914.0000 170.0000 1411.0000 325.0000 1.5003 1.6696 4.1796 5.7933 1.4873 7.9713 0.0161 0.9996
Car 0.0000 0.0000 0.0000 163.0000 166.0000 388.0000 243.0000 1.5317 1.6571 4.1307 -7.1421 1.4057 15.5857 0.0452 0.9995
Car 0.0000 0.0000 0.0000 299.0000 177.0000 447.0000 228.0000 1.5504 1.6693 4.1953 -7.5524 1.6704 23.1426 0.0662 0.9987
Car 0.0000 0.0000 0.0000 381.0000 172.0000 490.0000 211.0000 1.5099 1.6309 3.9985 -7.0175 1.4480 29.3203 0.1003 0.9974
Car 0.0000 0.0000 0.0000 621.0000 177.0000 657.0000 208.0000 1.4954 1.6035 3.9012 1.4819 1.6528 36.6449 1.5652 0.9963
Car 0.0000 0.0000 0.0000 400.0000 181.0000 493.0000 215.0000 1.4875 1.5880 3.7643 -7.2840 1.8145 32.3888 0.1244 0.9684
Car 0.0000 0.0000 0.0000 297.0000 173.0000 359.0000 213.0000 1.5182 1.6107 3.8403 -11.6470 1.5080 30.0211 1.4258 0.9670
