Car 0.0000 0.0000 0.0000 183.0000 179.0000 435.0000 262.0000 1.5168 1.6883 4.2700 -5.8140 1.6304 14.1678 0.0445 1.0000
Car 0.0000 0.0000 0.0000 707.0000 181.0000 842.0000 282.0000 1.5374 1.6468 3.8631 2.7619 1.6700 12.9478 1.5708 0.9998
Car 0.0000 0.0000 0.0000 -337.0000 194.0000 253.0000 394.0000 1.5749 1.6751 4.2059 -5.8998 1.8016 6.7751 0.0656 0.9998
Car 0.0000 0.0000 0.0000 676.0000 177.0000 748.0000 231.0000 1.5143 1.6595 4.2079 3.0829 1.6224 22.4271 1.5708 0.9998
Car 0.0000 0.0000 0.0000 653.0000 177.0000 686.0000 205.0000 1.5202 1.6161 3.6945 3.3986 1.6947 40.8156 1.5708 0.9995
Car 0.0000 0.0000 0.0000 552.0000 177.0000 589.0000 208.0000 1.4918 1.6264 4.0825 -1.9218 1.6580 37.3397 1.5708 0.9988
Car 0.0000 0.0000 0.0000 231.0000 172.0000 426.0000 242.0000 1.5166 1.6262 3.9232 -6.4756 1.4960 16.7736 0.0582 0.9986
Car 0.0000 0.0000 0.0000 479.0000 177.0000 551.0000 203.0000 1.5456 1.6507 4.0842 -5.7209 1.7240 44.1211 0.0614 0.9985
Car 0.0000 0.0000 0.0000 308.0000 180.0000 479.0000 241.0000 1.5448 1.6533 4.0733 -5.7516 1.7222 19.3762 0.0514 0.9979
Car 0.0000 0.0000 0.0000 368.0000 181.0000 500.0000 232.0000 1.4900 1.5803 3.6246 -5.3421 1.7143 22.0935 0.0611 0.9950
Car 0.0000 0.0000 0.0000 -51.0000 175.0000 333.0000 306.0000 1.5717 1.6823 4.2362 -6.1894 1.6152 9.6948 0.1090 0.9912
Car 0.0000 0.0000 0.0000 457.0000 172.0000 511.0000 213.0000 1.5293 1.6096 3.8736 -5.0829 1.4864 29.5606 1.5541 0.9889
