Car 0.0000 0.0000 0.0000 411.0000 179.0000 490.0000 237.0000 1.5381 1.6392 3.7379 -4.5881 1.6910 21.2048 1.5363 0.9998
Car 0.0000 0.0000 0.0000 576.0000 176.0000 612.0000 209.0000 1.5253 1.6401 3.7818 -0.7757 1.6311 35.3994 1.5242 0.9998
Car 0.0000 0.0000 0.0000 212.0000 185.0000 406.0000 300.0000 1.5398 1.6721 4.1610 -4.7607 1.7416 12.0050 1.5220 0.9997
Car 0.0000 0.0000 0.0000 96.0000 176.0000 233.0000 237.0000 1.5100 1.6296 3.8701 -12.2096 1.5792 20.0344 1.4986 0.9997
Car 0.0000 0.0000 0.0000 -202.0000 184.0000 175.0000 336.0000 1.6775 1.7147 4.3634 -8.4014 1.8388 10.3254 1.5485 0.9995
Car 0.0000 0.0000 0.0000 425.0000 177.0000 470.0000 206.0000 1.5003 1.6124 3.8599 -8.8708 1.6649 39.8394 1.5708 0.9980
Car 0.0000 0.0000 0.0000 220.0000 183.0000 319.0000 249.0000 1.5004 1.6058 3.8339 -8.7737 1.7491 18.8252 1.3274 0.9952
Car 0.0000 0.0000 0.0000 493.0000 173.0000 540.0000 211.0000 1.8599 1.7352 4.3943 -4.6960 1.8221 37.0868 1.5708 0.9868
Car 0.0000 0.0000 0.0000 410.0000 179.0000 439.0000 201.0000 1.5065 1.6029 3.8494 -13.2857 1.8763 52.1880 1.4349 0.9821
Car 0.0000 0.0000 0.0000 446.0000 179.0000 500.0000 220.0000 1.5009 1.6024 3.8470 -5.4251 1.7209 28.9756 1.5230 0.9743
