Car 0.0000 0.0000 0.0000 616.0000 181.0000 640.0000 200.0000 1.5237 1.6503 3.9057 1.5729 2.0913 59.4405 1.5055 0.9999
Car 0.0000 0.0000 0.0000 -258.0000 208.0000 246.0000 396.0000 1.4823 1.6314 3.9220 -5.9226 1.8628 7.0657 0.1640 0.9998
Car 0.0000 0.0000 0.0000 753.0000 184.0000 1112.0000 405.0000 1.5483 1.6613 3.9182 2.7039 1.6662 7.1648 1.5291 0.9998
Car 0.0000 0.0000 0.0000 196.0000 178.0000 327.0000 274.0000 1.4881 1.6302 3.9180 -6.3070 1.5873 13.3827 1.2690 0.9998
Car 0.0000 0.0000 0.0000 379.0000 180.0000 489.0000 222.0000 1.5221 1.6898 4.2859 -6.9885 1.7801 29.0488 -0.9808 0.9997
Car 0.0000 0.0000 0.0000 647.0000 182.0000 709.0000 229.0000 1.5362 1.6153 3.5328 2.3745 1.8354 25.7631 1.4961 0.9997
Car 0.0000 0.0000 0.0000 479.0000 181.0000 547.0000 235.0000 1.5027 1.6277 3.9345 -2.9118 1.7237 22.3838 1.5652 0.9996
Car 0.0000 0.0000 0.0000 686.0000 178.0000 733.0000 196.0000 1.4929 1.6146 3.8986 8.5863 1.8559 61.4541 0.0505 0.9965
Car 0.0000 0.0000 0.0000 54.0000 173.0000 310.0000 292.0000 1.4646 1.5640 3.6874 -6.2758 1.4715 10.4375 0.5177 0.9952
Car 0.0000 0.0000 0.0000 702.0000 178.0000 773.0000 204.0000 1.5719 1.6717 4.2436 7.9831 1.8426 44.8358 0.1065 0.9890
