Car 0.0000 0.0000 0.0000 163.0000 186.0000 242.0000 220.0000 1.5026 1.6155 4.0293 -19.4775 2.1102 34.6493 1.5415 0.9952
Car 0.0000 0.0000 0.0000 779.0000 148.0000 831.0000 197.0000 1.8438 1.7653 4.5918 7.8782 0.8819 29.2297 -1.3616 0.9943
Car 0.0000 0.0000 0.0000 135.0000 186.0000 215.0000 215.0000 1.4635 1.5889 3.6984 -23.3320 2.1507 38.7173 0.2988 0.9937
Car 0.0000 0.0000 0.0000 731.0000 156.0000 820.0000 204.0000 1.5901 1.6503 4.0107 5.9068 1.0240 26.0921 1.3902 0.9922
Car 0.0000 0.0000 0.0000 214.0000 184.0000 279.0000 208.0000 1.4917 1.6147 3.8135 -23.9587 2.1988 47.6947 -0.4575 0.9847
Car 0.0000 0.0000 0.0000 337.0000 171.0000 381.0000 197.0000 1.5376 1.6276 4.0141 -15.9780 1.3916 46.2270 1.5128 0.9819
Car 0.0000 0.0000 0.0000 805.0000 183.0000 871.0000 230.0000 1.5069 1.6573 4.2001 7.9855 1.8342 25.4129 -1.3955 0.9811
Car 0.0000 0.0000 0.0000 647.0000 148.0000 683.0000 178.0000 1.7294 1.7271 4.2905 3.3813 0.2133 44.0778 1.5387 0.9760
Car 0.0000 0.0000 0.0000 691.0000 148.0000 727.0000 175.0000 1.5542 1.6347 4.0488 6.1209 0.0128 44.4984 1.5692 0.9712
Car 0.0000 0.0000 0.0000 8.0000 155.0000 100.0000 188.0000 1.5928 1.6618 4.1768 -28.7333 0.7052 37.4088 1.5331 0.9679
Car 0.0000 0.0000 0.0000 901.0000 133.0000 984.0000 173.0000 1.5616 1.6567 4.0967 14.1741 -0.0750 30.8422 1.5708 0.9639
