Car 0.0000 0.0000 0.0000 51.0000 190.0000 406.0000 394.0000 1.5448 1.6995 4.4406 -3.7221 1.7655 8.0004 1.5420 0.9999
Car 0.0000 0.0000 0.0000 359.0000 187.0000 482.0000 271.0000 1.5315 1.6309 3.8015 -3.9262 1.8323 15.4906 1.5704 0.9996
Car 0.0000 0.0000 0.0000 649.0000 180.0000 696.0000 220.0000 1.5272 1.6239 3.7166 2.5520 1.7692 29.6693 1.5708 0.9995
Car 0.0000 0.0000 0.0000 727.0000 171.0000 834.0000 208.0000 1.5568 1.6919 4.3252 7.5233 1.4367 31.8214 0.0295 0.9994
Car 0.0000 0.0000 0.0000 483.0000 182.0000 519.0000 208.0000 1.5076 1.6145 3.8265 -6.7216 2.0173 45.0391 1.5708 0.9990
Car 0.0000 0.0000 0.0000 754.0000 172.0000 885.0000 218.0000 1.5262 1.6727 4.2250 7.4118 1.5023 25.7271 0.0970 0.9988
Car 0.0000 0.0000 0.0000 788.0000 168.0000 931.0000 222.0000 1.5358 1.6551 4.1841 7.7517 1.3891 22.7429 1.0457 0.9984
Car 0.0000 0.0000 0.0000 -212.0000 204.0000 198.0000 390.0000 1.5060 1.5928 3.6826 -6.5829 1.9284 8.2442 1.5556 0.9984
Car 0.0000 0.0000 0.0000 357.0000 183.0000 446.0000 236.0000 1.5138 1.6251 3.8915 -6.5125 1.8070 22.9262 1.5708 0.9984
Car 0.0000 0.0000 0.0000 323.0000 169.0000 359.0000 193.0000 1.5080 1.5916 3.6751 -17.6372 1.2292 47.5397 1.3968 0.9938
Car 0.0000 0.0000 0.0000 940.0000 159.0000 1027.0000 186.0000 1.5012 1.6378 4.1382 21.7120 0.6591 41.8145 0.0980 0.9933
Car 0.0000 0.0000 0.0000 1036.0000 148.0000 1089.0000 181.0000 1.5134 1.6079 3.9740 22.1388 0.3231 35.2667 -1.1539 0.9921
Car 0.0000 0.0000 0.0000 969.0000 155.0000 1049.0000 185.0000 1.5247 1.6221 4.0899 21.4185 0.5705 38.7071 1.4470 0.9909
Car 0.0000 0.0000 0.0000 1031.0000 150.0000 1152.0000 186.0000 1.5188 1.6490 4.1362 21.2940 0.5176 31.9110 0.1495 0.9895
Car 0.0000 0.0000 0.0000 887.0000 167.0000 959.0000 217.0000 1.4962 1.6090 3.9982 10.1964 1.2964 23.6616 -1.2970 0.9894
Car 0.0000 0.0000 0.0000 454.0000 174.0000 481.0000 195.0000 1.5043 1.6109 3.9466 -10.8784 1.5594 55.6935 1.5011 0.9880
Car 0.0000 0.0000 0.0000 441.0000 184.0000 490.0000 219.0000 1.5023 1.6051 3.9242 -6.6254 1.9710 33.4961 1.5404 0.9835
