Car 0.0000 0.0000 0.0000 214.0000 178.0000 447.0000 332.0000 1.5226 1.6258 3.6714 -3.2453 1.5890 9.0540 1.5317 0.9998
Car 0.0000 0.0000 0.0000 563.0000 177.0000 604.0000 217.0000 1.5363 1.6045 3.3343 -1.0655 1.6652 29.7910 1.5300 0.9998
Car 0.0000 0.0000 0.0000 136.0000 183.0000 246.0000 236.0000 1.5114 1.6383 3.9226 -13.3099 1.8208 23.1658 1.4541 0.9996
Car 0.0000 0.0000 0.0000 384.0000 181.0000 481.0000 255.0000 1.5403 1.6042 3.4350 -4.0890 1.7276 17.0561 1.5186 0.9995
Car 0.0000 0.0000 0.0000 -181.0000 191.0000 186.0000 336.0000 1.5196 1.6497 4.1087 -7.9664 1.8036 10.0128 1.5698 0.9993
Car 0.0000 0.0000 0.0000 400.0000 172.0000 443.0000 210.0000 1.6254 1.6770 4.1865 -8.7119 1.5735 33.6436 1.3824 0.9961
Car 0.0000 0.0000 0.0000 459.0000 180.0000 491.0000 203.0000 1.5063 1.6032 3.7976 -9.1079 1.9418 49.2583 1.5458 0.9936
Car 0.0000 0.0000 0.0000 397.0000 215.0000 440.0000 249.0000 1.5213 1.6260 3.7542 -10.0686 3.7989 38.2411 1.4628 0.9791
Car 0.0000 0.0000 0.0000 -238.0000 139.0000 63.0000 242.0000 1.5123 1.6039 3.9091 -11.9322 1.0156 12.7069 1.5541 0.9664
Car 0.0000 0.0000 0.0000 228.0000 183.0000 329.0000 246.0000 1.5013 1.5828 3.7072 -8.7945 1.7588 19.4016 1.3953 0.9642
