Car 0.0000 0.0000 0.0000 429.0000 163.0000 532.0000 199.0000 1.5489 1.6965 4.3513 -5.8270 1.0735 32.8113 0.0424 0.9999
Car 0.0000 0.0000 0.0000 19.0000 195.0000 344.0000 305.0000 1.4337 1.6263 3.8681 -6.2177 1.7881 10.6957 0.0128 0.9999
Car 0.0000 0.0000 0.0000 118.0000 183.0000 371.0000 271.0000 1.4596 1.6107 3.7861 -6.5446 1.6561 13.1031 0.0373 0.9998
Car 0.0000 0.0000 0.0000 338.0000 182.0000 496.0000 238.0000 1.5098 1.6448 4.0478 -5.4409 1.7555 20.5739 0.0656 0.9996
Car 0.0000 0.0000 0.0000 760.0000 175.0000 856.0000 206.0000 1.5493 1.7247 4.5239 10.3320 1.6393 37.5362 0.0403 0.9994
Car 0.0000 0.0000 0.0000 -489.0000 196.0000 141.0000 425.0000 1.5010 1.6053 3.8055 -6.2255 1.7138 5.8881 0.1336 0.9988
Car 0.0000 0.0000 0.0000 897.0000 146.0000 2763.0000 1094.0000 1.5278 1.6058 3.6083 2.7327 1.5036 2.9951 1.5411 0.9983
Car 0.0000 0.0000 0.0000 665.0000 177.0000 701.0000 209.0000 1.4982 1.6178 3.9652 3.6538 1.6679 36.1997 1.5708 0.9983
Car 0.0000 0.0000 0.0000 438.0000 182.0000 536.0000 219.0000 1.4974 1.6100 3.8042 -5.1563 1.8697 30.6085 0.0771 0.9975
Car 0.0000 0.0000 0.0000 377.0000 180.0000 510.0000 229.0000 1.4806 1.6022 3.8185 -5.2705 1.6890 23.0722 0.1272 0.9944
Car 0.0000 0.0000 0.0000 392.0000 183.0000 488.0000 228.0000 1.4939 1.5791 3.6798 -6.1144 1.8219 25.7578 0.7720 0.9919
Car 0.0000 0.0000 0.0000 521.0000 167.0000 550.0000 191.0000 1.6143 1.6593 4.0261 -5.1760 1.1874 51.2491 1.5708 0.9916
Car 0.0000 0.0000 0.0000 288.0000 186.0000 404.0000 255.0000 1.4930 1.5791 3.6622 -6.4750 1.8216 18.0668 1.5702 0.9850
Car 0.0000 0.0000 0.0000 456.0000 154.0000 484.0000 179.0000 1.5497 1.6150 3.7560 -9.2456 0.3116 48.2101 1.4435 0.9822
