Car 0.0000 0.0000 0.0000 295.0000 187.0000 419.0000 262.0000 1.5416 1.6806 4.2286 -6.0255 1.8981 17.6571 1.5411 0.9998
Car 0.0000 0.0000 0.0000 401.0000 189.0000 475.0000 239.0000 1.5319 1.6404 3.8035 -5.8613 2.0987 24.9987 1.5689 0.9998
Car 0.0000 0.0000 0.0000 682.0000 179.0000 779.0000 242.0000 1.5096 1.6514 4.1204 3.1389 1.6580 19.5646 1.4958 0.9998
Car 0.0000 0.0000 0.0000 520.0000 181.0000 547.0000 202.0000 1.5246 1.6448 3.9154 -5.7438 2.0951 55.2495 1.5708 0.9997
Car 0.0000 0.0000 0.0000 954.0000 132.0000 1251.0000 225.0000 1.5762 1.6913 4.3108 8.9756 0.8827 13.4136 0.0378 0.9996
Car 0.0000 0.0000 0.0000 -345.0000 201.0000 184.0000 439.0000 1.5199 1.6229 3.7878 -5.9621 1.8409 6.9119 1.5045 0.9995
Car 0.0000 0.0000 0.0000 117.0000 197.0000 336.0000 317.0000 1.5232 1.6235 3.7962 -5.9780 1.9597 11.7305 1.5470 0.9994
Car 0.0000 0.0000 0.0000 484.0000 184.0000 522.0000 213.0000 1.5054 1.6140 3.7944 -5.8198 2.0827 39.9415 1.5407 0.9989
Car 0.0000 0.0000 0.0000 666.0000 177.0000 729.0000 225.0000 1.5314 1.6279 4.0145 2.9616 1.6442 25.0184 1.5589 0.9987
Car 0.0000 0.0000 0.0000 440.0000 189.0000 504.0000 228.0000 1.4949 1.6272 3.9988 -5.7574 2.1544 30.6519 -1.4795 0.9986
Car 0.0000 0.0000 0.0000 803.0000 161.0000 948.0000 217.0000 1.5336 1.6249 4.0755 7.9209 1.1715 21.4098 -0.4221 0.9980
Car 0.0000 0.0000 0.0000 979.0000 146.0000 1127.0000 225.0000 1.5044 1.5998 3.9931 9.5641 0.9872 15.8918 -1.3340 0.9975
Car 0.0000 0.0000 0.0000 207.0000 175.0000 325.0000 232.0000 1.7307 1.6941 4.1139 -11.3723 1.7868 24.1406 -1.4794 0.9945
Car 0.0000 0.0000 0.0000 789.0000 157.0000 869.0000 201.0000 1.5374 1.6134 3.7395 8.2526 0.9456 27.3663 1.4760 0.9891
Car 0.0000 0.0000 0.0000 853.0000 154.0000 1013.0000 216.0000 1.4716 1.6141 3.8626 8.3805 0.9901 18.6397 -0.4372 0.9797
Car 0.0000 0.0000 0.0000 638.0000 175.0000 665.0000 198.0000 1.5102 1.6088 3.9113 2.9552 1.5783 49.2476 -1.4516 0.9644
