Car 0.0000 0.0000 0.0000 699.0000 179.0000 860.0000 298.0000 1.5416 1.6244 3.5788 2.4184 1.6301 11.1952 1.5644 0.9998
Car 0.0000 0.0000 0.0000 347.0000 186.0000 510.0000 309.0000 1.5301 1.6138 3.4766 -2.5824 1.7352 10.9427 1.5673 0.9998
Car 0.0000 0.0000 0.0000 628.0000 178.0000 654.0000 200.0000 1.5222 1.6317 3.7626 2.2917 1.8032 51.6051 1.5648 0.9998
Car 0.0000 0.0000 0.0000 655.0000 183.0000 733.0000 241.0000 1.5252 1.6306 3.7987 2.4035 1.8139 21.4283 1.5038 0.9994
Car 0.0000 0.0000 0.0000 678.0000 188.0000 790.0000 267.0000 1.5011 1.6090 3.9230 2.6448 1.8463 16.2001 1.5122 0.9989
Car 0.0000 0.0000 0.0000 700.0000 146.0000 760.0000 189.0000 1.7914 1.7343 4.3042 5.3269 0.6241 32.2102 1.5269 0.9971
Car 0.0000 0.0000 0.0000 484.0000 194.0000 547.0000 245.0000 1.5106 1.5981 3.6497 -3.1408 2.2546 24.6480 1.5708 0.9970
Car 0.0000 0.0000 0.0000 455.0000 195.0000 537.0000 257.0000 1.5358 1.6366 4.0181 -3.1847 2.1986 20.9034 1.5708 0.9882
Car 0.0000 0.0000 0.0000 617.0000 181.0000 637.0000 199.0000 1.5032 1.6258 4.0906 1.6128 2.0843 62.1536 1.5708 0.9843
Car 0.0000 0.0000 0.0000 730.0000 161.0000 789.0000 205.0000 1.5084 1.5854 3.6384 5.5100 1.0748 26.7776 1.5708 0.9661
