Car 0.0000 0.0000 0.0000 -89.0000 186.0000 328.0000 326.0000 1.4710 1.6492 4.0027 -5.7385 1.6463 8.6439 0.0769 0.9999
Car 0.0000 0.0000 0.0000 694.0000 180.0000 810.0000 257.0000 1.5394 1.6691 4.1589 3.1093 1.6822 16.6153 1.5304 0.9998
Car 0.0000 0.0000 0.0000 661.0000 179.0000 703.0000 212.0000 1.5234 1.6221 3.6016 3.5014 1.7570 34.9248 1.5617 0.9998
Car 0.0000 0.0000 0.0000 766.0000 182.0000 1112.0000 393.0000 1.5345 1.6426 3.9272 2.8508 1.6303 7.3230 1.5530 0.9998
Car 0.0000 0.0000 0.0000 200.0000 187.0000 451.0000 275.0000 1.5182 1.6497 4.0813 -5.2674 1.7932 13.5849 0.0477 0.9997
Car 0.0000 0.0000 0.0000 540.0000 180.0000 590.0000 217.0000 1.5031 1.6218 3.8733 -1.8886 1.7921 31.6331 -1.4815 0.9997
Car 0.0000 0.0000 0.0000 21.0000 183.0000 338.0000 292.0000 1.5113 1.6322 3.9590 -6.4910 1.6802 11.0713 0.0632 0.9993
Car 0.0000 0.0000 0.0000 343.0000 174.0000 494.0000 227.0000 1.5989 1.6873 4.3126 -5.9841 1.6215 22.8131 0.0732 0.9991
Car 0.0000 0.0000 0.0000 274.0000 186.0000 473.0000 258.0000 1.5230 1.6290 3.9771 -5.2877 1.8161 16.3509 0.0672 0.9985
Car 0.0000 0.0000 0.0000 470.0000 180.0000 547.0000 209.0000 1.4732 1.6129 3.8515 -5.3268 1.8253 38.5348 0.0422 0.9983
Car 0.0000 0.0000 0.0000 643.0000 178.0000 660.0000 194.0000 1.5217 1.6183 3.7933 4.0875 1.8904 68.8471 1.5708 0.9966
Car 0.0000 0.0000 0.0000 326.0000 184.0000 500.0000 246.0000 1.5043 1.6471 4.0764 -5.0795 1.8048 18.8430 0.0662 0.9908
