Car 0.0000 0.0000 0.0000 41.0000 187.0000 359.0000 289.0000 1.4566 1.6728 4.1329 -6.3950 1.6888 11.5175 -0.0006 0.9999
Car 0.0000 0.0000 0.0000 904.0000 184.0000 1311.0000 311.0000 1.4407 1.6309 3.9733 6.0457 1.5943 9.1673 0.0704 0.9999
Car 0.0000 0.0000 0.0000 184.0000 178.0000 442.0000 266.0000 1.5617 1.6967 4.2774 -5.6222 1.6579 13.9036 0.0578 0.9998
Car 0.0000 0.0000 0.0000 789.0000 180.0000 1005.0000 250.0000 1.5083 1.7031 4.3606 6.6066 1.6824 16.8755 0.0025 0.9998
Car 0.0000 0.0000 0.0000 772.0000 182.0000 953.0000 243.0000 1.5084 1.6733 4.1887 6.5976 1.7383 19.0657 0.0041 0.9998
Car 0.0000 0.0000 0.0000 291.0000 178.0000 478.0000 243.0000 1.5565 1.6809 4.2523 -5.6923 1.6818 18.4406 0.0477 0.9997
Car 0.0000 0.0000 0.0000 640.0000 176.0000 673.0000 203.0000 1.5032 1.6306 3.9567 2.8060 1.6569 43.3343 1.5553 0.9993
Car 0.0000 0.0000 0.0000 706.0000 180.0000 814.0000 221.0000 1.5241 1.6495 4.1454 6.0839 1.7798 28.9669 -0.4859 0.9990
Car 0.0000 0.0000 0.0000 500.0000 178.0000 538.0000 212.0000 1.6803 1.6925 4.2438 -4.7010 1.9033 38.2075 1.5138 0.9986
Car 0.0000 0.0000 0.0000 573.0000 178.0000 593.0000 195.0000 1.5085 1.6188 3.8794 -2.3724 1.9115 67.4140 1.5708 0.9968
Car 0.0000 0.0000 0.0000 -2473.0000 183.0000 127.0000 1163.0000 1.5412 1.6245 3.9225 -4.2504 1.6011 3.1322 1.5534 0.9957
Car 0.0000 0.0000 0.0000 -400.0000 196.0000 171.0000 396.0000 1.5124 1.6128 3.9044 -6.4529 1.7510 6.5946 0.1096 0.9910
Car 0.0000 0.0000 0.0000 426.0000 164.0000 480.0000 216.0000 1.6068 1.6445 3.9153 -5.2923 1.3256 24.6511 1.3860 0.9759
Car 0.0000 0.0000 0.0000 553.0000 181.0000 576.0000 200.0000 1.5138 1.6115 3.9143 -3.7383 2.1359 62.0248 1.5708 0.9742
