Car 0.0000 0.0000 0.0000 585.0000 174.0000 649.0000 236.0000 1.5404 1.6165 3.3611 0.1395 1.5619 19.9008 1.5451 0.9999
Car 0.0000 0.0000 0.0000 334.0000 185.0000 471.0000 279.0000 1.5425 1.6488 3.8556 -3.8874 1.7804 14.0864 1.5440 0.9998
Car 0.0000 0.0000 0.0000 191.0000 184.0000 322.0000 257.0000 1.5243 1.6178 3.5779 -8.2778 1.7862 17.1883 1.4915 0.9997
Car 0.0000 0.0000 0.0000 -1632.0000 158.0000 200.0000 1022.0000 1.8640 1.7512 4.1987 -4.1533 1.8529 3.6992 1.5259 0.9995
Car 0.0000 0.0000 0.0000 455.0000 178.0000 510.0000 224.0000 1.5253 1.6094 3.5616 -4.4790 1.6716 25.7437 1.4893 0.9995
Car 0.0000 0.0000 0.0000 293.0000 183.0000 364.0000 219.0000 1.5049 1.6313 3.9519 -12.6644 1.9291 32.7338 1.5708 0.9993
Car 0.0000 0.0000 0.0000 98.0000 188.0000 207.0000 236.0000 1.5068 1.5911 3.6768 -16.1888 2.0442 25.6917 1.5546 0.9981
Car 0.0000 0.0000 0.0000 520.0000 178.0000 553.0000 203.0000 1.4938 1.6074 3.8981 -4.5102 1.7533 45.4917 1.5708 0.9979
Car 0.0000 0.0000 0.0000 -93.0000 190.0000 204.0000 315.0000 1.5050 1.6016 3.8194 -8.1389 1.7957 11.0334 1.5708 0.9969
Car 0.0000 0.0000 0.0000 318.0000 182.0000 392.0000 228.0000 1.4940 1.5962 3.8281 -9.0788 1.7948 25.9624 1.4784 0.9968
Car 0.0000 0.0000 0.0000 489.0000 180.0000 533.0000 211.0000 1.4921 1.5980 3.8360 -4.9837 1.8274 37.0447 1.5708 0.9959
Car 0.0000 0.0000 0.0000 432.0000 180.0000 479.0000 209.0000 1.4895 1.5886 3.8021 -8.3718 1.8231 39.5319 1.5708 0.9826
Car 0.0000 0.0000 0.0000 148.0000 184.0000 223.0000 221.0000 1.5009 1.5922 3.7723 -18.6940 1.9803 31.9119 1.4098 0.9768
Car 0.0000 0.0000 0.0000 475.0000 179.0000 528.0000 217.0000 1.4939 1.6184 4.0693 -4.5975 1.7385 31.3312 1.5708 0.9763
Car 0.0000 0.0000 0.0000 62.0000 185.0000 164.0000 229.0000 1.5147 1.5950 3.6770 -18.9559 1.9742 27.6892 1.4886 0.9662
Car 0.0000 0.0000 0.0000 628.0000 177.0000 645.0000 193.0000 1.5012 1.6128 4.0711 2.7658 1.8399 70.8951 1.5708 0.9621
