Car 0.0000 0.0000 0.0000 258.0000 182.0000 459.0000 304.0000 1.5204 1.6190 3.6629 -3.5963 1.6539 10.9276 1.5708 0.9999
Car 0.0000 0.0000 0.0000 702.0000 180.0000 819.0000 267.0000 1.5455 1.6152 3.4757 2.9134 1.6718 14.6451 1.5617 0.9997
Car 0.0000 0.0000 0.0000 628.0000 179.0000 650.0000 199.0000 1.5169 1.6225 3.7648 2.3436 1.8892 56.4764 1.5708 0.9996
Car 0.0000 0.0000 0.0000 -43.0000 184.0000 207.0000 298.0000 1.5133 1.6297 3.8516 -8.3161 1.6969 11.7721 1.4519 0.9996
Car 0.0000 0.0000 0.0000 440.0000 179.0000 514.0000 236.0000 1.5394 1.6060 3.4565 -3.8829 1.7107 21.5484 1.5575 0.9996
Car 0.0000 0.0000 0.0000 655.0000 177.0000 708.0000 219.0000 1.5184 1.6221 3.7298 2.7658 1.6422 28.1850 1.5606 0.9996
Car 0.0000 0.0000 0.0000 382.0000 177.0000 442.0000 215.0000 1.5033 1.6209 3.8889 -8.4601 1.6672 31.1303 1.5439 0.9995
Car 0.0000 0.0000 0.0000 587.0000 180.0000 611.0000 202.0000 1.5156 1.6197 3.7798 -0.6475 1.9740 52.1724 1.5708 0.9985
Car 0.0000 0.0000 0.0000 257.0000 178.0000 363.0000 237.0000 1.5151 1.6221 3.9019 -8.5190 1.6515 20.7915 1.5193 0.9983
Car 0.0000 0.0000 0.0000 483.0000 181.0000 538.0000 221.0000 1.5042 1.6052 3.7963 -3.9716 1.8004 29.4009 1.5708 0.9978
Car 0.0000 0.0000 0.0000 433.0000 181.0000 474.0000 209.0000 1.4987 1.6071 3.8724 -8.7685 1.8794 40.8623 1.5423 0.9969
Car 0.0000 0.0000 0.0000 531.0000 178.0000 561.0000 200.0000 1.5286 1.6336 3.9523 -4.4878 1.8428 52.1309 1.5708 0.9935
Car 0.0000 0.0000 0.0000 539.0000 180.0000 564.0000 198.0000 1.5073 1.6190 4.0112 -4.7784 1.9790 60.5542 1.5708 0.9783
