Car 0.0000 0.0000 0.0000 171.0000 186.0000 445.0000 277.0000 1.5163 1.7052 4.3730 -5.4593 1.7765 13.3210 0.0423 1.0000
Car 0.0000 0.0000 0.0000 727.0000 182.0000 947.0000 331.0000 1.5316 1.6552 4.0202 2.6683 1.6462 9.5210 1.5708 0.9998
Car 0.0000 0.0000 0.0000 265.0000 178.0000 454.0000 243.0000 1.5245 1.6781 4.2423 -6.2983 1.6605 18.3600 0.0401 0.9998
Car 0.0000 0.0000 0.0000 683.0000 180.0000 770.0000 241.0000 1.5299 1.6504 4.0042 3.1846 1.7092 20.4028 1.5301 0.9998
Car 0.0000 0.0000 0.0000 661.0000 175.0000 694.0000 204.0000 1.5117 1.6142 3.7663 3.7066 1.5852 39.5857 1.5708 0.9995
Car 0.0000 0.0000 0.0000 -247.0000 194.0000 231.0000 374.0000 1.6024 1.6769 4.1965 -6.5804 1.8499 7.7788 0.1903 0.9991
Car 0.0000 0.0000 0.0000 471.0000 181.0000 548.0000 210.0000 1.4670 1.5833 3.6784 -5.1356 1.8434 37.3177 0.1716 0.9981
Car 0.0000 0.0000 0.0000 453.0000 177.0000 512.0000 223.0000 1.5900 1.6610 4.1830 -4.7054 1.7061 27.1096 1.5257 0.9962
Car 0.0000 0.0000 0.0000 644.0000 174.0000 668.0000 196.0000 1.5015 1.5932 3.7523 3.3271 1.5043 50.8147 1.5708 0.9923
Car 0.0000 0.0000 0.0000 233.0000 187.0000 436.0000 260.0000 1.4791 1.6302 3.8768 -6.0176 1.7998 15.9779 0.0293 0.9912
Car 0.0000 0.0000 0.0000 446.0000 169.0000 532.0000 201.0000 1.4869 1.5905 3.7755 -5.8062 1.2795 35.0061 0.1796 0.9729
