Car 0.0000 0.0000 0.0000 5.0000 190.0000 343.0000 299.0000 1.4742 1.6713 4.1513 -6.4565 1.7450 10.9146 0.0337 0.9999
Car 0.0000 0.0000 0.0000 669.0000 184.0000 762.0000 252.0000 1.5411 1.6458 3.7577 2.5869 1.8100 18.4759 1.5257 0.9999
Car 0.0000 0.0000 0.0000 760.0000 184.0000 1074.0000 383.0000 1.5420 1.6409 3.6761 2.7989 1.6660 7.5623 1.5475 0.9998
Car 0.0000 0.0000 0.0000 287.0000 182.0000 463.0000 245.0000 1.5251 1.6478 4.0485 -6.0462 1.7690 18.7983 0.0575 0.9995
Car 0.0000 0.0000 0.0000 223.0000 185.0000 432.0000 259.0000 1.5229 1.6396 4.0101 -6.2013 1.7919 16.0385 0.0570 0.9994
Car 0.0000 0.0000 0.0000 355.0000 179.0000 483.0000 221.0000 1.5512 1.7252 4.4863 -7.3130 1.7662 27.9644 0.0436 0.9993
Car 0.0000 0.0000 0.0000 631.0000 180.0000 657.0000 204.0000 1.5026 1.6097 3.8053 2.3593 1.8910 47.5743 1.5708 0.9992
Car 0.0000 0.0000 0.0000 470.0000 172.0000 508.0000 206.0000 1.7108 1.6930 4.0673 -6.3507 1.6140 38.4374 1.4706 0.9982
Car 0.0000 0.0000 0.0000 483.0000 179.0000 550.0000 204.0000 1.5052 1.6208 3.9182 -5.7455 1.8138 44.9252 0.0779 0.9981
Car 0.0000 0.0000 0.0000 -378.0000 196.0000 142.0000 425.0000 1.5285 1.6036 3.7995 -6.2956 1.7480 6.2503 0.2965 0.9959
Car 0.0000 0.0000 0.0000 654.0000 177.0000 722.0000 226.0000 1.4994 1.5829 3.6446 2.5415 1.6170 24.0947 1.4880 0.9945
Car 0.0000 0.0000 0.0000 409.0000 174.0000 510.0000 210.0000 1.5480 1.6540 4.1075 -6.7076 1.5970 32.4333 0.1512 0.9937
Car 0.0000 0.0000 0.0000 466.0000 184.0000 533.0000 210.0000 1.4816 1.5757 3.6566 -6.4456 2.0915 42.6527 0.0750 0.9922
Car 0.0000 0.0000 0.0000 142.0000 185.0000 397.0000 275.0000 1.5768 1.6510 4.0941 -6.3552 1.8119 13.6461 0.0734 0.9666
