Car 0.0000 0.0000 0.0000 36.0000 175.0000 368.0000 289.0000 1.4887 1.6467 4.0087 -5.8341 1.5327 10.4759 0.1274 0.9999
Car 0.0000 0.0000 0.0000 690.0000 179.0000 791.0000 247.0000 1.5283 1.6664 4.1387 3.2141 1.6609 18.5031 1.5283 0.9998
Car 0.0000 0.0000 0.0000 738.0000 181.0000 984.0000 334.0000 1.5429 1.6400 3.7731 2.9024 1.6471 9.2916 1.5065 0.9998
Car 0.0000 0.0000 0.0000 665.0000 177.0000 702.0000 209.0000 1.5189 1.5916 3.4171 3.8468 1.6915 36.7106 -1.3919 0.9997
Car 0.0000 0.0000 0.0000 549.0000 180.0000 594.0000 215.0000 1.4960 1.6322 4.0861 -1.6745 1.8076 33.5414 1.5708 0.9996
Car 0.0000 0.0000 0.0000 311.0000 182.0000 489.0000 246.0000 1.5135 1.6428 4.0465 -5.2687 1.7377 18.3613 0.0522 0.9995
Car 0.0000 0.0000 0.0000 373.0000 178.0000 507.0000 226.0000 1.5600 1.6614 4.1542 -5.7775 1.7345 24.7678 0.0698 0.9994
Car 0.0000 0.0000 0.0000 471.0000 177.0000 550.0000 206.0000 1.5302 1.6640 4.1547 -5.4999 1.7427 40.5625 0.0375 0.9994
Car 0.0000 0.0000 0.0000 254.0000 182.0000 472.0000 259.0000 1.5569 1.6642 4.1637 -5.2889 1.7611 15.6559 0.0864 0.9994
Car 0.0000 0.0000 0.0000 -303.0000 192.0000 250.0000 434.0000 1.4827 1.6178 3.8839 -5.1612 1.6568 5.8597 0.3082 0.9992
Car 0.0000 0.0000 0.0000 98.0000 165.0000 364.0000 259.0000 1.5452 1.6351 3.9846 -6.6995 1.4248 12.8967 0.1088 0.9981
