Car 0.0000 0.0000 0.0000 582.0000 182.0000 626.0000 224.0000 1.5279 1.6162 3.5100 -0.2243 1.8544 28.6533 1.5502 0.9998
Car 0.0000 0.0000 0.0000 722.0000 177.0000 940.0000 321.0000 1.5449 1.6140 3.5248 2.6784 1.6025 9.6426 1.5058 0.9997
Car 0.0000 0.0000 0.0000 639.0000 176.0000 737.0000 251.0000 1.5209 1.6112 3.5404 1.6873 1.5871 16.6511 1.4916 0.9995
Car 0.0000 0.0000 0.0000 558.0000 179.0000 590.0000 209.0000 1.5054 1.6162 3.8179 -1.8727 1.8060 39.0256 1.5476 0.9993
Car 0.0000 0.0000 0.0000 209.0000 191.0000 376.0000 297.0000 1.5203 1.5830 3.3386 -5.3305 1.8409 12.4867 1.5161 0.9992
Car 0.0000 0.0000 0.0000 539.0000 178.0000 568.0000 199.0000 1.5016 1.6114 3.8680 -4.1399 1.8215 54.3919 1.5708 0.9988
Car 0.0000 0.0000 0.0000 407.0000 191.0000 449.0000 226.0000 1.5041 1.6286 3.9923 -8.4355 2.3162 33.7795 1.3899 0.9983
Car 0.0000 0.0000 0.0000 390.0000 179.0000 426.0000 206.0000 1.5593 1.6572 4.3630 -12.2963 1.8844 44.1982 1.4110 0.9914
Car 0.0000 0.0000 0.0000 298.0000 195.0000 419.0000 268.0000 1.4971 1.5996 3.7751 -6.0351 2.0726 17.7255 1.5708 0.9887
Car 0.0000 0.0000 0.0000 659.0000 178.0000 768.0000 218.0000 1.5099 1.6178 3.9503 4.1414 1.6754 28.6079 -0.2605 0.9629
