Car 0.0000 0.0000 0.0000 108.0000 174.0000 405.0000 273.0000 1.5363 1.6827 4.2302 -5.8656 1.5631 12.1944 0.0542 0.9999
Car 0.0000 0.0000 0.0000 723.0000 181.0000 901.0000 302.0000 1.5273 1.6255 3.6966 2.8681 1.6409 11.0849 1.5550 0.9998
Car 0.0000 0.0000 0.0000 685.0000 175.0000 764.0000 235.0000 1.5144 1.6592 4.1521 3.1521 1.5603 20.5042 1.5708 0.9998
Car 0.0000 0.0000 0.0000 550.0000 177.0000 592.0000 209.0000 1.5077 1.6065 3.6714 -1.8227 1.6493 35.4659 1.5708 0.9996
Car 0.0000 0.0000 0.0000 384.0000 178.0000 508.0000 222.0000 1.5397 1.6582 4.1380 -5.9383 1.7010 26.4592 0.0517 0.9993
Car 0.0000 0.0000 0.0000 332.0000 177.0000 496.0000 236.0000 1.5502 1.6566 4.1212 -5.4446 1.6709 20.2431 0.0995 0.9993
Car 0.0000 0.0000 0.0000 477.0000 174.0000 551.0000 201.0000 1.5179 1.6418 4.0398 -5.5357 1.5262 42.2590 0.0359 0.9993
Car 0.0000 0.0000 0.0000 657.0000 174.0000 692.0000 203.0000 1.5102 1.6046 3.6964 3.4996 1.5182 38.9190 1.5708 0.9990
Car 0.0000 0.0000 0.0000 176.0000 175.0000 396.0000 252.0000 1.4970 1.6231 3.9248 -6.6857 1.5341 15.0015 0.1505 0.9985
Car 0.0000 0.0000 0.0000 292.0000 183.0000 478.0000 250.0000 1.5042 1.6351 3.9912 -5.3572 1.7538 17.4612 0.0296 0.9981
Car 0.0000 0.0000 0.0000 -563.0000 192.0000 160.0000 472.0000 1.5131 1.5998 3.7669 -5.5072 1.6735 5.0594 0.1552 0.9971
Car 0.0000 0.0000 0.0000 -139.0000 177.0000 339.0000 342.0000 1.5552 1.6660 4.1378 -5.3480 1.6133 7.7912 0.0904 0.9953
Car 0.0000 0.0000 0.0000 561.0000 165.0000 580.0000 183.0000 1.6741 1.6935 4.0925 -3.7831 0.8558 70.7835 1.4835 0.9716
