Car 0.0000 0.0000 0.0000 822.0000 179.0000 1130.0000 350.0000 1.5646 1.6292 3.5149 3.9270 1.6377 8.4757 1.4999 0.9998
Car 0.0000 0.0000 0.0000 383.0000 183.0000 483.0000 251.0000 1.5350 1.6502 3.9369 -4.4396 1.7918 18.6099 1.5550 0.9997
Car 0.0000 0.0000 0.0000 751.0000 182.0000 889.0000 276.0000 1.5223 1.5936 3.4160 3.7767 1.6848 13.5338 1.5708 0.9997
Car 0.0000 0.0000 0.0000 720.0000 179.0000 808.0000 243.0000 1.5259 1.6448 3.9533 4.0036 1.6747 19.2620 1.5708 0.9997
Car 0.0000 0.0000 0.0000 442.0000 182.0000 526.0000 232.0000 1.5012 1.6133 3.8636 -4.1212 1.7917 24.2089 -1.4052 0.9989
Car 0.0000 0.0000 0.0000 542.0000 177.0000 574.0000 202.0000 1.4948 1.6053 3.8537 -3.1681 1.6911 45.7695 1.5708 0.9986
Car 0.0000 0.0000 0.0000 1076.0000 161.0000 3698.0000 1221.0000 1.5192 1.5930 3.5935 3.8587 1.5222 2.8718 1.5229 0.9969
Car 0.0000 0.0000 0.0000 701.0000 172.0000 770.0000 221.0000 1.5020 1.5832 3.5924 4.1378 1.4710 24.1447 1.5505 0.9967
Car 0.0000 0.0000 0.0000 500.0000 178.0000 549.0000 218.0000 1.4903 1.5916 3.8383 -3.3795 1.6808 29.3297 1.5604 0.9949
Car 0.0000 0.0000 0.0000 300.0000 162.0000 421.0000 204.0000 1.5810 1.6656 4.1801 -9.7848 1.1558 28.4642 0.0910 0.9641
