Car 0.0000 0.0000 0.0000 454.0000 183.0000 533.0000 245.0000 1.5363 1.6603 4.0341 -3.1807 1.8167 20.2938 1.5464 0.9998
Car 0.0000 0.0000 0.0000 703.0000 175.0000 826.0000 271.0000 1.5511 1.6482 3.9012 2.7536 1.5936 13.6382 1.5708 0.9998
Car 0.0000 0.0000 0.0000 671.0000 177.0000 743.0000 237.0000 1.5303 1.6220 3.6646 2.6801 1.6325 20.5361 1.5708 0.9995
Car 0.0000 0.0000 0.0000 521.0000 179.0000 560.0000 212.0000 1.5166 1.6519 4.1615 -3.3275 1.7943 35.6397 1.5455 0.9992
Car 0.0000 0.0000 0.0000 -1170.0000 202.0000 284.0000 909.0000 1.5106 1.6230 3.9273 -3.3984 1.7229 3.6396 1.5708 0.9989
Car 0.0000 0.0000 0.0000 632.0000 179.0000 654.0000 198.0000 1.5130 1.6228 3.8632 2.8954 1.9670 60.1264 -1.4786 0.9988
Car 0.0000 0.0000 0.0000 658.0000 181.0000 707.0000 227.0000 1.5022 1.5975 3.7347 2.6159 1.7559 25.7558 -1.4713 0.9923
Car 0.0000 0.0000 0.0000 495.0000 171.0000 554.0000 215.0000 1.4968 1.5794 3.7002 -3.0912 1.4229 26.7702 1.5708 0.9748
Car 0.0000 0.0000 0.0000 593.0000 177.0000 631.0000 210.0000 1.5110 1.6453 4.1229 0.2011 1.6585 34.8674 1.5708 0.9739
Car 0.0000 0.0000 0.0000 492.0000 163.0000 522.0000 191.0000 1.8894 1.7667 4.6138 -7.2931 1.1672 51.8451 1.5112 0.9721
