Car 0.0000 0.0000 0.0000 741.0000 184.0000 1015.0000 355.0000 1.5735 1.6564 3.8024 2.8678 1.7084 8.7178 1.4986 0.9998
Car 0.0000 0.0000 0.0000 628.0000 177.0000 657.0000 202.0000 1.5131 1.6267 3.7976 2.1254 1.7233 46.6403 1.5502 0.9997
Car 0.0000 0.0000 0.0000 249.0000 184.0000 457.0000 259.0000 1.5338 1.6376 4.0012 -5.5877 1.7679 15.7967 0.1639 0.9995
Car 0.0000 0.0000 0.0000 113.0000 190.0000 362.0000 280.0000 1.4648 1.5901 3.6714 -6.5924 1.7860 12.9416 0.0279 0.9993
Car 0.0000 0.0000 0.0000 337.0000 177.0000 466.0000 224.0000 1.5373 1.6465 4.0360 -7.2295 1.6736 25.2397 0.0529 0.9991
Car 0.0000 0.0000 0.0000 493.0000 177.0000 525.0000 204.0000 1.5042 1.6054 3.7375 -5.9306 1.7229 43.0687 1.5062 0.9989
Car 0.0000 0.0000 0.0000 391.0000 162.0000 513.0000 204.0000 1.6345 1.7366 4.6226 -6.4279 1.1957 29.7181 0.0630 0.9988
Car 0.0000 0.0000 0.0000 706.0000 177.0000 780.0000 212.0000 1.5649 1.6377 3.9300 6.3112 1.7111 34.3753 1.1965 0.9981
Car 0.0000 0.0000 0.0000 -4564.0000 198.0000 149.0000 2067.0000 1.4963 1.6148 4.0208 -3.7944 1.6450 2.6560 1.5366 0.9979
Car 0.0000 0.0000 0.0000 507.0000 183.0000 540.0000 206.0000 1.4905 1.6075 3.9962 -5.7916 2.0944 49.1929 1.5708 0.9881
Car 0.0000 0.0000 0.0000 -120.0000 182.0000 300.0000 382.0000 1.6634 1.7156 4.4638 -5.6747 1.7694 7.7287 0.4380 0.9868
Car 0.0000 0.0000 0.0000 610.0000 174.0000 641.0000 194.0000 1.4919 1.6032 3.9026 1.3588 1.5354 55.9735 -1.3163 0.9864
Car 0.0000 0.0000 0.0000 508.0000 166.0000 530.0000 187.0000 1.7985 1.7341 4.3950 -8.1601 1.1131 65.7187 1.4955 0.9761
Car 0.0000 0.0000 0.0000 360.0000 175.0000 415.0000 206.0000 1.5028 1.6018 3.8936 -11.4097 1.5625 37.3609 1.5708 0.9753
Car 0.0000 0.0000 0.0000 362.0000 178.0000 487.0000 223.0000 1.5838 1.6641 4.1966 -6.8533 1.7601 26.9137 0.1439 0.9672
Car 0.0000 0.0000 0.0000 307.0000 179.0000 389.0000 245.0000 1.4914 1.5706 3.6288 -6.8060 1.6461 18.5156 1.1118 0.9667
