Car 0.0000 0.0000 0.0000 839.0000 188.0000 1196.0000 379.0000 1.5337 1.6365 3.8279 3.9994 1.7170 7.9307 1.5345 0.9997
Car 0.0000 0.0000 0.0000 726.0000 181.0000 818.0000 247.0000 1.5360 1.6407 3.8886 4.1369 1.7349 18.9259 1.5708 0.9996
Car 0.0000 0.0000 0.0000 441.0000 185.0000 517.0000 236.0000 1.5017 1.6273 3.9649 -4.2293 1.9049 23.9185 1.5708 0.9995
Car 0.0000 0.0000 0.0000 557.0000 181.0000 583.0000 204.0000 1.5118 1.6102 3.7174 -2.7037 2.0403 50.8853 1.5708 0.9995
Car 0.0000 0.0000 0.0000 759.0000 180.0000 905.0000 273.0000 1.5205 1.5919 3.4705 4.0309 1.6528 13.6823 1.5399 0.9994
Car 0.0000 0.0000 0.0000 703.0000 177.0000 770.0000 226.0000 1.5100 1.6139 3.7781 4.2197 1.6405 24.4402 1.5708 0.9989
Car 0.0000 0.0000 0.0000 695.0000 178.0000 738.0000 218.0000 1.4934 1.6084 3.9470 4.3850 1.6677 29.3442 -1.4087 0.9907
Car 0.0000 0.0000 0.0000 365.0000 171.0000 459.0000 204.0000 1.5142 1.6326 3.9841 -9.3165 1.3921 34.1246 0.1345 0.9859
Car 0.0000 0.0000 0.0000 527.0000 178.0000 566.0000 210.0000 1.4901 1.5793 3.7738 -3.0814 1.6941 36.1204 1.5708 0.9849
Car 0.0000 0.0000 0.0000 484.0000 187.0000 527.0000 228.0000 1.4995 1.6206 3.9380 -4.2526 2.0623 29.6265 1.4431 0.9841
Car 0.0000 0.0000 0.0000 918.0000 179.0000 952.0000 205.0000 1.4934 1.5959 3.7490 20.2824 1.8464 44.8781 -1.2240 0.9808
