Car 0.0000 0.0000 0.0000 579.0000 174.0000 659.0000 252.0000 1.5438 1.5959 3.2631 0.1167 1.5706 16.1277 1.5408 0.9998
Car 0.0000 0.0000 0.0000 1.0000 189.0000 166.0000 260.0000 1.5139 1.6389 3.9241 -12.9908 1.9338 18.0747 1.4493 0.9997
Car 0.0000 0.0000 0.0000 267.0000 183.0000 425.0000 281.0000 1.5407 1.6171 3.5594 -4.7403 1.7344 13.4119 1.5708 0.9997
Car 0.0000 0.0000 0.0000 419.0000 178.0000 495.0000 234.0000 1.5112 1.6197 3.7713 -4.4580 1.6313 21.4942 1.5220 0.9996
Car 0.0000 0.0000 0.0000 197.0000 182.0000 326.0000 253.0000 1.5255 1.6288 3.7501 -8.4769 1.7436 17.8419 1.4915 0.9996
Car 0.0000 0.0000 0.0000 644.0000 178.0000 673.0000 197.0000 1.5047 1.6151 3.7700 4.0492 1.8087 57.7013 -1.3058 0.9995
Car 0.0000 0.0000 0.0000 343.0000 178.0000 398.0000 210.0000 1.5181 1.6262 3.8197 -12.2239 1.7447 37.0786 1.5570 0.9994
Car 0.0000 0.0000 0.0000 384.0000 180.0000 444.0000 218.0000 1.5037 1.6293 3.9536 -8.2924 1.7722 30.8938 1.5413 0.9993
Car 0.0000 0.0000 0.0000 120.0000 187.0000 223.0000 232.0000 1.5097 1.6166 3.8679 -16.1544 2.0226 26.7914 1.5216 0.9988
Car 0.0000 0.0000 0.0000 491.0000 178.0000 538.0000 216.0000 1.4990 1.6188 4.0566 -3.9693 1.6957 30.6992 1.5373 0.9978
Car 0.0000 0.0000 0.0000 275.0000 181.0000 342.0000 220.0000 1.4978 1.6011 3.8976 -12.4536 1.8025 30.0387 1.4452 0.9898
Car 0.0000 0.0000 0.0000 100.0000 184.0000 210.0000 224.0000 1.5049 1.5999 3.7708 -18.6309 1.9335 29.7322 -1.3114 0.9805
Car 0.0000 0.0000 0.0000 -98.0000 190.0000 62.0000 245.0000 1.4860 1.5959 3.8100 -19.1429 2.0178 22.1610 1.5708 0.9798
