Car 0.0000 0.0000 0.0000 110.0000 187.0000 243.0000 244.0000 1.5216 1.6525 4.0699 -13.0967 1.9545 22.0584 1.5580 0.9994
Car 0.0000 0.0000 0.0000 355.0000 191.0000 391.0000 212.0000 1.4970 1.6216 3.9660 -18.4703 2.8464 56.5278 1.5457 0.9971
Car 0.0000 0.0000 0.0000 688.0000 159.0000 796.0000 246.0000 1.8575 1.7765 4.5375 3.1076 1.5573 17.8153 1.5628 0.9969
Car 0.0000 0.0000 0.0000 220.0000 199.0000 284.0000 231.0000 1.4958 1.6059 3.8293 -18.3641 2.8202 37.1923 1.5152 0.9958
Car 0.0000 0.0000 0.0000 678.0000 176.0000 738.0000 228.0000 1.5106 1.6194 3.8906 3.0931 1.5967 23.1987 1.5708 0.9942
Car 0.0000 0.0000 0.0000 364.0000 175.0000 389.0000 192.0000 1.5013 1.5964 3.8333 -21.3348 1.6441 66.3157 1.4178 0.9904
Car 0.0000 0.0000 0.0000 -25.0000 197.0000 56.0000 229.0000 1.5042 1.6004 3.7365 -31.3438 2.7640 38.1109 1.4364 0.9899
Car 0.0000 0.0000 0.0000 387.0000 183.0000 437.0000 211.0000 1.4925 1.5957 3.8910 -11.0448 2.0010 40.6452 1.5708 0.9886
Car 0.0000 0.0000 0.0000 58.0000 183.0000 125.0000 212.0000 1.4990 1.5971 3.8532 -28.7422 2.0093 40.1251 1.3654 0.9860
Car 0.0000 0.0000 0.0000 642.0000 182.0000 674.0000 206.0000 1.4852 1.5973 3.8532 3.2142 1.9957 46.4780 -1.3950 0.9852
Car 0.0000 0.0000 0.0000 636.0000 182.0000 661.0000 203.0000 1.4965 1.6122 3.9827 3.0355 2.1374 54.1130 -1.4643 0.9832
