Car 0.0000 0.0000 0.0000 155.0000 184.0000 389.0000 271.0000 1.4612 1.6348 3.8696 -6.2915 1.6707 13.8237 -0.2979 0.9999
Car 0.0000 0.0000 0.0000 737.0000 185.0000 973.0000 332.0000 1.5228 1.6355 3.7627 2.9260 1.6836 9.5382 1.5109 0.9999
Car 0.0000 0.0000 0.0000 -87.0000 195.0000 322.0000 333.0000 1.5032 1.6491 4.0345 -5.9659 1.7998 8.9533 0.0580 0.9998
Car 0.0000 0.0000 0.0000 757.0000 175.0000 936.0000 235.0000 1.5238 1.6826 4.2607 6.2632 1.5683 19.3825 0.0327 0.9997
Car 0.0000 0.0000 0.0000 305.0000 155.0000 459.0000 208.0000 1.5864 1.6921 4.3478 -7.1911 1.0420 22.9912 0.0443 0.9996
Car 0.0000 0.0000 0.0000 722.0000 180.0000 799.0000 225.0000 1.5121 1.6415 4.0290 5.7635 1.7714 27.1201 -1.0432 0.9991
Car 0.0000 0.0000 0.0000 637.0000 155.0000 676.0000 188.0000 1.5447 1.6811 4.4233 2.3158 0.6719 36.1789 1.5708 0.9986
Car 0.0000 0.0000 0.0000 -299.0000 203.0000 225.0000 407.0000 1.5335 1.6267 3.9231 -5.9730 1.8391 6.7652 0.1903 0.9985
Car 0.0000 0.0000 0.0000 808.0000 182.0000 1009.0000 251.0000 1.4652 1.6163 3.8924 6.6647 1.6629 16.3799 0.0812 0.9983
Car 0.0000 0.0000 0.0000 498.0000 170.0000 530.0000 200.0000 1.5137 1.5855 3.4912 -5.1616 1.3531 38.8569 1.3982 0.9980
Car 0.0000 0.0000 0.0000 620.0000 165.0000 644.0000 187.0000 1.5059 1.6059 3.8577 1.7703 0.9056 52.8070 1.5708 0.9976
Car 0.0000 0.0000 0.0000 419.0000 172.0000 513.0000 207.0000 1.5140 1.6168 3.8910 -6.4516 1.4581 32.6878 0.0437 0.9950
Car 0.0000 0.0000 0.0000 144.0000 186.0000 265.0000 250.0000 1.4900 1.5874 3.7954 -10.6368 1.8227 19.1710 1.4113 0.9835
