Car 0.0000 0.0000 0.0000 563.0000 154.0000 630.0000 199.0000 1.7083 1.7362 4.2329 -0.6123 0.9500 29.4071 1.3046 0.9997
Car 0.0000 0.0000 0.0000 394.0000 175.0000 435.0000 213.0000 1.5209 1.6303 3.7397 -8.5305 1.5984 31.6322 1.3086 0.9997
Car 0.0000 0.0000 0.0000 477.0000 178.0000 513.0000 206.0000 1.4940 1.6068 4.0133 -6.6082 1.7630 42.0759 1.5303 0.9908
Car 0.0000 0.0000 0.0000 -4.0000 153.0000 118.0000 188.0000 1.4808 1.6385 4.0033 -24.1757 0.5841 31.5784 -0.1206 0.9897
Car 0.0000 0.0000 0.0000 7.0000 149.0000 119.0000 193.0000 1.5334 1.6055 3.7696 -20.4241 0.6626 27.0921 1.4860 0.9890
Car 0.0000 0.0000 0.0000 415.0000 178.0000 460.0000 207.0000 1.5057 1.6100 3.9385 -9.3769 1.7217 39.5315 1.5461 0.9785
Car 0.0000 0.0000 0.0000 1171.0000 132.0000 2550.0000 567.0000 1.5020 1.6077 4.0580 5.8754 1.3796 4.5247 1.5708 0.9709
Car 0.0000 0.0000 0.0000 -1756.0000 194.0000 -1143.0000 290.0000 1.5573 1.6873 4.1355 -41.1288 2.0194 14.6862 1.1250 0.9687
Car 0.0000 0.0000 0.0000 96.0000 184.0000 130.0000 203.0000 1.5574 1.6873 4.1354 -41.1165 2.3567 59.7399 1.1250 0.9685
Car 0.0000 0.0000 0.0000 -28.0000 184.0000 23.0000 209.0000 1.5574 1.6873 4.1354 -41.1195 2.2723 48.4764 1.1250 0.9684
Car 0.0000 0.0000 0.0000 31.0000 184.0000 74.0000 206.0000 1.5574 1.6873 4.1354 -41.1182 2.3085 53.3036 1.1250 0.9684
Car 0.0000 0.0000 0.0000 -1096.0000 191.0000 -755.0000 259.0000 1.5574 1.6873 4.1354 -41.1275 2.0554 19.5132 1.1250 0.9684
Car 0.0000 0.0000 0.0000 -102.0000 185.0000 -37.0000 213.0000 1.5574 1.6873 4.1354 -41.1209 2.2362 43.6492 1.1250 0.9684
Car 0.0000 0.0000 0.0000 -723.0000 189.0000 -507.0000 242.0000 1.5574 1.6873 4.1354 -41.1261 2.0916 24.3404 1.1250 0.9684
Car 0.0000 0.0000 0.0000 -196.0000 186.0000 -113.0000 217.0000 1.5574 1.6873 4.1354 -41.1222 2.2000 38.8220 1.1250 0.9684
Car 0.0000 0.0000 0.0000 -485.0000 188.0000 -335.0000 230.0000 1.5574 1.6873 4.1354 -41.1248 2.1277 29.1675 1.1250 0.9683
Car 0.0000 0.0000 0.0000 -319.0000 186.0000 -210.0000 223.0000 1.5574 1.6873 4.1353 -41.1235 2.1638 33.9947 1.1249 0.9682
Car 0.0000 0.0000 0.0000 135.0000 183.0000 164.0000 201.0000 1.5585 1.6870 4.1330 -41.1148 2.3910 64.5631 1.1248 0.9615
Car 0.0000 0.0000 0.0000 357.0000 171.0000 402.0000 200.0000 1.5223 1.6241 4.0060 -12.9071 1.3940 40.6762 1.4666 0.9604
