Car 0.0000 0.0000 0.0000 -159.0000 191.0000 334.0000 346.0000 1.5602 1.7274 4.5265 -5.8165 1.7903 8.3263 0.0379 1.0000
Car 0.0000 0.0000 0.0000 660.0000 179.0000 720.0000 227.0000 1.5285 1.6126 3.4949 2.7198 1.7050 24.8886 1.5548 0.9998
Car 0.0000 0.0000 0.0000 304.0000 191.0000 469.0000 249.0000 1.5235 1.6636 4.1721 -6.2855 2.0408 20.5342 0.0373 0.9997
Car 0.0000 0.0000 0.0000 858.0000 179.0000 1137.0000 284.0000 1.5185 1.6450 3.9583 6.4980 1.6188 12.5436 1.0030 0.9994
Car 0.0000 0.0000 0.0000 211.0000 196.0000 395.0000 273.0000 1.4881 1.6023 3.7347 -6.7749 1.9979 15.8421 0.4121 0.9991
Car 0.0000 0.0000 0.0000 634.0000 180.0000 676.0000 214.0000 1.5022 1.6025 3.7783 2.2413 1.8077 34.4109 -1.4089 0.9979
Car 0.0000 0.0000 0.0000 140.0000 200.0000 367.0000 289.0000 1.5096 1.5740 3.5544 -6.6423 2.0265 13.5544 0.1313 0.9972
Car 0.0000 0.0000 0.0000 377.0000 185.0000 487.0000 227.0000 1.5172 1.5999 3.7734 -6.7936 1.9785 27.7120 0.1560 0.9961
Car 0.0000 0.0000 0.0000 -419.0000 208.0000 142.0000 414.0000 1.4410 1.5757 3.6135 -6.3674 1.7767 6.2806 0.1351 0.9949
Car 0.0000 0.0000 0.0000 482.0000 170.0000 513.0000 199.0000 1.6823 1.6834 4.1522 -6.8145 1.4850 44.3744 1.4663 0.9927
Car 0.0000 0.0000 0.0000 454.0000 188.0000 512.0000 224.0000 1.4979 1.5841 3.7525 -5.7975 2.1945 33.4995 -1.4371 0.9709
Car 0.0000 0.0000 0.0000 353.0000 179.0000 476.0000 225.0000 1.5401 1.6350 3.9753 -6.9384 1.7362 25.6694 0.2930 0.9611
