Car 0.0000 0.0000 0.0000 221.0000 185.0000 356.0000 261.0000 1.5117 1.6512 4.0160 -7.3092 1.7793 16.7912 1.4878 0.9997
Car 0.0000 0.0000 0.0000 579.0000 175.0000 599.0000 194.0000 1.7079 1.7109 4.3196 -1.8320 1.8058 65.9983 1.5051 0.9988
Car 0.0000 0.0000 0.0000 169.0000 183.0000 270.0000 229.0000 1.5023 1.6223 4.0039 -14.0460 1.8550 26.1952 1.5328 0.9978
Car 0.0000 0.0000 0.0000 494.0000 184.0000 526.0000 208.0000 1.4929 1.6019 3.9481 -6.4874 2.1833 47.7377 1.5698 0.9911
Car 0.0000 0.0000 0.0000 68.0000 216.0000 158.0000 253.0000 1.4937 1.6381 3.8902 -24.6681 3.7214 35.9716 1.5708 0.9881
Car 0.0000 0.0000 0.0000 -45.0000 219.0000 71.0000 263.0000 1.5014 1.6311 3.8434 -25.0829 3.5166 30.4367 1.5708 0.9879
Car 0.0000 0.0000 0.0000 651.0000 180.0000 673.0000 199.0000 1.5009 1.6160 3.9467 4.3042 1.9697 58.6416 1.5708 0.9854
Car 0.0000 0.0000 0.0000 363.0000 188.0000 393.0000 206.0000 1.5004 1.6220 3.9287 -20.8764 2.8102 65.1811 1.5177 0.9831
Car 0.0000 0.0000 0.0000 -21.0000 217.0000 96.0000 265.0000 1.4828 1.5906 3.6661 -21.1691 3.1721 26.8027 1.5219 0.9820
Car 0.0000 0.0000 0.0000 194.0000 203.0000 249.0000 232.0000 1.5240 1.6577 3.9900 -23.3104 3.3432 43.4769 1.4333 0.9733
Car 0.0000 0.0000 0.0000 916.0000 197.0000 954.0000 220.0000 1.5047 1.6567 4.1178 23.3690 3.1734 51.6350 -1.3463 0.9727
Car 0.0000 0.0000 0.0000 -1756.0000 194.0000 -1143.0000 290.0000 1.5573 1.6873 4.1355 -41.1288 2.0194 14.6862 1.1250 0.9687
Car 0.0000 0.0000 0.0000 96.0000 184.0000 130.0000 203.0000 1.5574 1.6873 4.1354 -41.1165 2.3567 59.7399 1.1250 0.9685
Car 0.0000 0.0000 0.0000 -1096.0000 191.0000 -755.0000 259.0000 1.5574 1.6873 4.1354 -41.1275 2.0554 19.5132 1.1250 0.9684
Car 0.0000 0.0000 0.0000 -723.0000 189.0000 -507.0000 242.0000 1.5574 1.6873 4.1353 -41.1261 2.0915 24.3403 1.1249 0.9682
Car 0.0000 0.0000 0.0000 388.0000 172.0000 415.0000 193.0000 1.5857 1.6578 4.1766 -16.8498 1.4829 58.7532 1.4049 0.9666
Car 0.0000 0.0000 0.0000 49.0000 184.0000 89.0000 205.0000 1.5577 1.6872 4.1347 -41.1177 2.3200 54.9114 1.1249 0.9664
Car 0.0000 0.0000 0.0000 -40.0000 214.0000 80.0000 262.0000 1.5286 1.6095 3.8703 -22.6100 3.1672 27.7746 1.5221 0.9650
Car 0.0000 0.0000 0.0000 -485.0000 187.0000 -335.0000 230.0000 1.5582 1.6871 4.1336 -41.1245 2.1264 29.1646 1.1249 0.9633
Car 0.0000 0.0000 0.0000 135.0000 183.0000 164.0000 201.0000 1.5585 1.6870 4.1330 -41.1148 2.3910 64.5631 1.1248 0.9615
