Car 0.0000 0.0000 0.0000 339.0000 201.0000 413.0000 253.0000 1.5248 1.6792 4.2062 -8.0749 2.5469 25.2291 1.4517 0.9998
Car 0.0000 0.0000 0.0000 570.0000 194.0000 649.0000 266.0000 1.5307 1.6191 3.5300 -0.1109 2.0749 18.0032 1.4768 0.9997
Car 0.0000 0.0000 0.0000 698.0000 201.0000 976.0000 396.0000 1.5373 1.6287 3.7145 2.1742 1.8987 8.0628 1.4741 0.9996
Car 0.0000 0.0000 0.0000 626.0000 198.0000 754.0000 306.0000 1.5230 1.6054 3.5122 1.2479 2.0020 12.6904 1.4958 0.9996
Car 0.0000 0.0000 0.0000 205.0000 210.0000 370.0000 312.0000 1.5206 1.6740 4.2701 -6.1915 2.3320 14.3443 1.4860 0.9994
Car 0.0000 0.0000 0.0000 -76.0000 205.0000 293.0000 426.0000 1.5256 1.6622 4.1202 -4.8210 1.9366 7.6629 1.3963 0.9994
Car 0.0000 0.0000 0.0000 862.0000 190.0000 2524.0000 1144.0000 1.5111 1.6119 3.8096 2.9500 1.6159 3.2352 1.3069 0.9988
Car 0.0000 0.0000 0.0000 394.0000 197.0000 433.0000 223.0000 1.5119 1.6275 3.8598 -12.4982 3.0198 46.2795 1.5278 0.9947
Car 0.0000 0.0000 0.0000 494.0000 198.0000 532.0000 224.0000 1.5055 1.6233 3.9090 -6.1532 3.0864 46.5664 1.5708 0.9929
Car 0.0000 0.0000 0.0000 514.0000 197.0000 560.0000 238.0000 1.5091 1.6086 3.7965 -2.9589 2.5382 30.2019 1.5508 0.9803
