Car 0.0000 0.0000 0.0000 472.0000 181.0000 526.0000 221.0000 1.5275 1.6315 3.6359 -4.5360 1.8318 29.9775 1.5708 0.9998
Car 0.0000 0.0000 0.0000 -7.0000 185.0000 352.0000 368.0000 1.6048 1.7003 4.4037 -4.7831 1.7629 8.7065 1.5632 0.9997
Car 0.0000 0.0000 0.0000 782.0000 180.0000 1078.0000 345.0000 1.5077 1.6436 4.1843 3.4578 1.5950 8.8006 1.5451 0.9996
Car 0.0000 0.0000 0.0000 740.0000 179.0000 870.0000 272.0000 1.5222 1.6250 3.7698 3.5478 1.6316 13.7482 1.5708 0.9995
Car 0.0000 0.0000 0.0000 273.0000 184.0000 427.0000 279.0000 1.5334 1.6376 3.8867 -4.8174 1.7457 13.8618 1.5467 0.9995
Car 0.0000 0.0000 0.0000 712.0000 176.0000 800.0000 239.0000 1.5222 1.6152 3.7813 3.8525 1.6023 19.5097 1.5708 0.9993
Car 0.0000 0.0000 0.0000 980.0000 182.0000 2533.0000 847.0000 1.5134 1.6128 3.8167 3.6059 1.5708 3.5775 1.5705 0.9989
Car 0.0000 0.0000 0.0000 687.0000 179.0000 753.0000 227.0000 1.5106 1.6070 3.7390 3.7354 1.7054 24.7816 1.5537 0.9985
Car 0.0000 0.0000 0.0000 513.0000 178.0000 556.0000 211.0000 1.4952 1.5957 3.8428 -3.5248 1.6816 34.5582 1.5708 0.9918
Car 0.0000 0.0000 0.0000 624.0000 178.0000 669.0000 195.0000 1.5727 1.6655 4.1709 3.6277 1.9797 68.2421 0.0825 0.9883
Car 0.0000 0.0000 0.0000 -3088.0000 -108.0000 54.0000 984.0000 1.5823 1.6521 4.1024 -4.9545 1.1929 3.1327 1.5708 0.9669
Car 0.0000 0.0000 0.0000 697.0000 171.0000 738.0000 209.0000 1.4925 1.5830 3.7323 4.5875 1.3959 30.4667 -1.4147 0.9645
