Car 0.0000 0.0000 0.0000 475.0000 181.0000 510.0000 205.0000 1.5039 1.6174 3.9527 -7.7933 1.9795 48.4689 1.5708 0.9978
Car 0.0000 0.0000 0.0000 598.0000 176.0000 622.0000 197.0000 1.4959 1.6060 3.9697 0.1592 1.6261 53.3340 1.5708 0.9939
Car 0.0000 0.0000 0.0000 1158.0000 180.0000 1303.0000 220.0000 1.4595 1.6170 3.9651 23.8986 1.7251 27.8345 0.1674 0.9910
Car 0.0000 0.0000 0.0000 652.0000 168.0000 678.0000 192.0000 1.5115 1.6156 3.9504 3.8028 1.1403 48.4154 -1.4697 0.9903
Car 0.0000 0.0000 0.0000 323.0000 182.0000 368.0000 207.0000 1.4960 1.6085 3.9353 -16.8373 2.0237 46.2025 1.5324 0.9871
Car 0.0000 0.0000 0.0000 491.0000 184.0000 521.0000 204.0000 1.4959 1.6126 3.9118 -8.0436 2.3171 56.6720 1.5708 0.9853
Car 0.0000 0.0000 0.0000 373.0000 191.0000 410.0000 214.0000 1.5101 1.6432 3.9670 -15.5749 2.7870 51.7219 1.5076 0.9837
Car 0.0000 0.0000 0.0000 1083.0000 180.0000 1204.0000 214.0000 1.4965 1.6353 4.0758 24.1718 1.7759 32.6611 0.1777 0.9817
Car 0.0000 0.0000 0.0000 637.0000 173.0000 661.0000 196.0000 1.6938 1.7117 4.4099 3.1403 1.6400 56.4992 1.5708 0.9763
Car 0.0000 0.0000 0.0000 442.0000 184.0000 488.0000 212.0000 1.4958 1.6008 3.8990 -8.2303 2.1183 41.5624 1.5708 0.9741
Car 0.0000 0.0000 0.0000 634.0000 176.0000 655.0000 194.0000 1.5094 1.6213 4.0536 3.1428 1.7253 63.5831 1.5708 0.9710
Car 0.0000 0.0000 0.0000 531.0000 184.0000 558.0000 204.0000 1.5029 1.6419 4.1469 -5.0220 2.2668 56.5083 1.5708 0.9626
