Car 0.0000 0.0000 0.0000 650.0000 180.0000 710.0000 225.0000 1.5232 1.6429 3.7815 2.5585 1.7609 26.7199 1.5198 0.9998
Car 0.0000 0.0000 0.0000 -269.0000 225.0000 207.0000 390.0000 1.4300 1.5954 3.6524 -6.5593 2.0393 7.5953 0.0199 0.9997
Car 0.0000 0.0000 0.0000 -65.0000 184.0000 318.0000 312.0000 1.5715 1.6805 4.2488 -6.4955 1.7399 9.8924 0.0697 0.9995
Car 0.0000 0.0000 0.0000 337.0000 189.0000 477.0000 240.0000 1.4519 1.6071 3.8024 -6.1665 1.9470 22.0863 0.0704 0.9994
Car 0.0000 0.0000 0.0000 631.0000 178.0000 670.0000 211.0000 1.5196 1.6385 4.0112 2.0240 1.7530 35.9693 1.5644 0.9992
Car 0.0000 0.0000 0.0000 828.0000 168.0000 1067.0000 264.0000 1.5941 1.6501 3.9648 6.4344 1.5211 14.1706 0.9993 0.9984
Car 0.0000 0.0000 0.0000 233.0000 194.0000 408.0000 261.0000 1.4780 1.5709 3.5883 -6.9283 2.0028 17.3618 0.1239 0.9965
Car 0.0000 0.0000 0.0000 364.0000 185.0000 486.0000 232.0000 1.4710 1.5949 3.7809 -6.3567 1.8831 24.8674 -0.4919 0.9946
Car 0.0000 0.0000 0.0000 185.0000 195.0000 391.0000 274.0000 1.5183 1.5885 3.6569 -6.7162 1.9877 15.1616 0.1255 0.9943
Car 0.0000 0.0000 0.0000 435.0000 188.0000 492.0000 228.0000 1.5088 1.6298 3.9936 -5.9849 2.1009 29.9807 1.5505 0.9936
Car 0.0000 0.0000 0.0000 453.0000 174.0000 525.0000 200.0000 1.5596 1.6487 4.1062 -7.4498 1.5694 44.9428 0.0800 0.9933
Car 0.0000 0.0000 0.0000 359.0000 183.0000 474.0000 225.0000 1.5096 1.6036 3.8512 -7.2257 1.8594 27.0997 0.1270 0.9894
