Car 0.0000 0.0000 0.0000 -18.0000 192.0000 165.0000 268.0000 1.5188 1.6813 4.3937 -12.8296 2.0081 17.5760 1.4400 0.9998
Car 0.0000 0.0000 0.0000 -1096.0000 188.0000 309.0000 872.0000 1.5152 1.6273 3.9466 -3.1970 1.6200 3.6378 1.5656 0.9990
Car 0.0000 0.0000 0.0000 491.0000 179.0000 566.0000 217.0000 1.5096 1.6104 3.7405 -3.4541 1.7188 30.3567 0.9857 0.9983
Car 0.0000 0.0000 0.0000 149.0000 184.0000 295.0000 236.0000 1.4971 1.6031 3.8181 -11.8417 1.8278 22.0394 0.2422 0.9971
Car 0.0000 0.0000 0.0000 236.0000 172.0000 292.0000 202.0000 1.4972 1.6146 3.9637 -18.7160 1.4385 39.2357 1.4289 0.9970
Car 0.0000 0.0000 0.0000 485.0000 168.0000 523.0000 196.0000 1.5103 1.6164 3.9761 -5.8286 1.1876 40.3171 1.5468 0.9963
Car 0.0000 0.0000 0.0000 589.0000 184.0000 622.0000 215.0000 1.5045 1.6400 4.1969 -0.1493 2.0415 37.8398 1.5708 0.9951
Car 0.0000 0.0000 0.0000 -30.0000 178.0000 98.0000 223.0000 1.5044 1.6379 4.2097 -20.9730 1.6737 26.4562 1.4935 0.9936
Car 0.0000 0.0000 0.0000 595.0000 178.0000 616.0000 198.0000 1.5002 1.6223 4.0343 -0.2328 1.8437 58.0906 1.5708 0.9883
Car 0.0000 0.0000 0.0000 300.0000 185.0000 342.0000 207.0000 1.5101 1.6335 3.9841 -21.8474 2.4059 54.8203 1.5444 0.9839
Car 0.0000 0.0000 0.0000 169.0000 193.0000 247.0000 235.0000 1.5190 1.6241 3.9164 -16.2542 2.3295 29.3306 1.3787 0.9831
Car 0.0000 0.0000 0.0000 727.0000 172.0000 750.0000 192.0000 1.4979 1.6002 3.8880 10.3809 1.3836 57.5733 -1.4341 0.9821
Car 0.0000 0.0000 0.0000 298.0000 190.0000 349.0000 217.0000 1.4962 1.6238 4.0484 -17.6031 2.5459 44.5348 1.5513 0.9777
Car 0.0000 0.0000 0.0000 268.0000 183.0000 315.0000 207.0000 1.4960 1.6054 3.9403 -21.5045 2.1272 48.8861 1.5265 0.9769
Car 0.0000 0.0000 0.0000 657.0000 181.0000 692.0000 212.0000 1.4961 1.6024 3.9082 3.4269 1.8834 37.0732 -1.4375 0.9641
Car 0.0000 0.0000 0.0000 -63.0000 193.0000 71.0000 257.0000 1.4866 1.5952 3.9960 -16.5148 2.0645 19.8451 1.2150 0.9604
