Car 0.0000 0.0000 0.0000 483.0000 178.0000 519.0000 208.0000 1.5079 1.6541 4.1952 -5.7873 1.7350 39.0148 1.4933 0.9996
Car 0.0000 0.0000 0.0000 793.0000 184.0000 1221.0000 418.0000 1.5170 1.6436 4.0964 3.1759 1.6359 6.8869 1.5192 0.9995
Car 0.0000 0.0000 0.0000 -1262.0000 205.0000 200.0000 835.0000 1.5005 1.6355 4.1715 -4.2828 1.7617 4.0212 1.5345 0.9992
Car 0.0000 0.0000 0.0000 580.0000 174.0000 603.0000 196.0000 1.6011 1.6650 4.0741 -1.3696 1.6471 55.2543 1.5308 0.9992
Car 0.0000 0.0000 0.0000 559.0000 178.0000 580.0000 195.0000 1.5066 1.6055 3.7512 -3.4848 1.8817 65.1966 1.5708 0.9988
Car 0.0000 0.0000 0.0000 637.0000 173.0000 674.0000 204.0000 1.4962 1.6065 3.8556 2.4200 1.4647 36.4393 -1.4399 0.9985
Car 0.0000 0.0000 0.0000 668.0000 164.0000 736.0000 220.0000 1.5298 1.6374 3.8994 2.7175 1.2642 21.8119 1.5708 0.9980
Car 0.0000 0.0000 0.0000 606.0000 174.0000 644.0000 201.0000 1.5112 1.6200 3.8610 0.9055 1.5623 43.1113 1.4135 0.9978
Car 0.0000 0.0000 0.0000 275.0000 184.0000 366.0000 223.0000 1.5463 1.6266 3.9201 -12.2046 1.9658 30.3477 0.5832 0.9887
Car 0.0000 0.0000 0.0000 660.0000 177.0000 718.0000 220.0000 1.5140 1.5919 3.6815 3.0033 1.6488 27.7082 1.5056 0.9785
Car 0.0000 0.0000 0.0000 676.0000 150.0000 822.0000 267.0000 1.9846 1.8223 4.9090 2.6127 1.6039 14.8327 1.5264 0.9758
