Car 0.0000 0.0000 0.0000 -448.0000 204.0000 120.0000 424.0000 1.5034 1.6005 3.7616 -7.1064 1.8731 7.2419 1.5708 0.9987
Car 0.0000 0.0000 0.0000 581.0000 176.0000 602.0000 194.0000 1.5425 1.6382 3.9972 -1.4951 1.7162 64.6535 1.5708 0.9987
Car 0.0000 0.0000 0.0000 428.0000 167.0000 452.0000 184.0000 1.5639 1.6608 4.0857 -16.5939 0.9293 70.9778 1.5121 0.9933
Car 0.0000 0.0000 0.0000 425.0000 183.0000 457.0000 203.0000 1.4967 1.6164 4.0018 -13.8533 2.2933 59.7277 1.5708 0.9861
Car 0.0000 0.0000 0.0000 469.0000 176.0000 495.0000 195.0000 1.4971 1.5982 3.8947 -10.8615 1.7108 61.7890 1.5575 0.9679
Car 0.0000 0.0000 0.0000 457.0000 174.0000 482.0000 190.0000 1.5564 1.6757 4.3237 -13.9493 1.5917 72.4105 1.5708 0.9672
Car 0.0000 0.0000 0.0000 506.0000 175.0000 530.0000 194.0000 1.5101 1.6223 4.0059 -7.8035 1.6530 62.3295 1.5408 0.9629
Car 0.0000 0.0000 0.0000 481.0000 184.0000 521.0000 212.0000 1.5018 1.6004 3.8826 -6.1563 2.0862 41.4053 1.5708 0.9620
Car 0.0000 0.0000 0.0000 522.0000 173.0000 544.0000 190.0000 1.5553 1.6733 4.3055 -7.5168 1.5219 72.4405 1.5708 0.9617
Car 0.0000 0.0000 0.0000 539.0000 173.0000 560.0000 189.0000 1.5553 1.6733 4.3055 -5.9089 1.5047 72.4402 1.5708 0.9617
Car 0.0000 0.0000 0.0000 506.0000 174.0000 529.0000 190.0000 1.5553 1.6733 4.3055 -9.1248 1.5391 72.4408 1.5708 0.9617
Car 0.0000 0.0000 0.0000 555.0000 173.0000 575.0000 189.0000 1.5553 1.6733 4.3055 -4.3009 1.4874 72.4399 1.5708 0.9617
Car 0.0000 0.0000 0.0000 580.0000 173.0000 599.0000 189.0000 1.5553 1.6733 4.3055 -1.8890 1.4616 72.4394 1.5708 0.9617
Car 0.0000 0.0000 0.0000 869.0000 170.0000 902.0000 186.0000 1.5553 1.6733 4.3055 27.8580 1.1429 72.4335 1.5708 0.9617
Car 0.0000 0.0000 0.0000 815.0000 170.0000 844.0000 186.0000 1.5553 1.6733 4.3055 22.2302 1.2032 72.4346 1.5708 0.9617
Car 0.0000 0.0000 0.0000 341.0000 175.0000 374.0000 191.0000 1.5553 1.6733 4.3055 -25.2042 1.7114 72.4440 1.5708 0.9617
Car 0.0000 0.0000 0.0000 831.0000 170.0000 861.0000 186.0000 1.5553 1.6733 4.3055 23.8381 1.1860 72.4343 1.5708 0.9617
Car 0.0000 0.0000 0.0000 846.0000 170.0000 877.0000 186.0000 1.5553 1.6733 4.3055 25.4461 1.1687 72.4340 1.5708 0.9617
Car 0.0000 0.0000 0.0000 325.0000 176.0000 358.0000 192.0000 1.5553 1.6733 4.3055 -26.8122 1.7286 72.4443 1.5708 0.9617
Car 0.0000 0.0000 0.0000 597.0000 173.0000 614.0000 189.0000 1.5553 1.6733 4.3055 -0.2810 1.4444 72.4391 1.5708 0.9617
