Car 0.0000 0.0000 0.0000 575.0000 180.0000 607.0000 209.0000 1.5318 1.6311 3.5748 -1.0493 1.8594 39.9660 1.5068 0.9999
Car 0.0000 0.0000 0.0000 375.0000 184.0000 464.0000 248.0000 1.5358 1.6452 3.8302 -5.0962 1.8385 19.7076 1.5005 0.9998
Car 0.0000 0.0000 0.0000 139.0000 182.0000 295.0000 269.0000 1.5454 1.6207 3.4798 -7.9300 1.7195 14.8529 1.4587 0.9998
Car 0.0000 0.0000 0.0000 361.0000 180.0000 410.0000 207.0000 1.4999 1.6463 4.1320 -13.2647 1.8838 43.0109 1.5708 0.9995
Car 0.0000 0.0000 0.0000 277.0000 182.0000 364.0000 237.0000 1.5255 1.6023 3.4743 -8.8349 1.7967 22.2492 1.4610 0.9995
Car 0.0000 0.0000 0.0000 -805.0000 74.0000 314.0000 675.0000 1.8703 1.7624 4.4403 -3.6446 1.5758 4.4849 1.5504 0.9992
Car 0.0000 0.0000 0.0000 580.0000 171.0000 602.0000 190.0000 1.5828 1.6583 4.0708 -1.4638 1.3674 61.5696 1.5708 0.9989
Car 0.0000 0.0000 0.0000 471.0000 164.0000 531.0000 215.0000 2.1966 1.8724 4.8934 -4.8961 1.7806 33.2437 1.5708 0.9942
Car 0.0000 0.0000 0.0000 443.0000 189.0000 471.0000 209.0000 1.5116 1.6248 3.9355 -12.6496 2.8438 60.3649 1.5369 0.9898
Car 0.0000 0.0000 0.0000 45.0000 183.0000 192.0000 247.0000 1.4987 1.5968 3.8546 -12.7815 1.7431 19.0124 1.4573 0.9890
Car 0.0000 0.0000 0.0000 389.0000 173.0000 434.0000 210.0000 1.4986 1.5861 3.6806 -8.7192 1.4954 31.9647 1.3960 0.9859
Car 0.0000 0.0000 0.0000 -32.0000 181.0000 82.0000 242.0000 1.5286 1.6016 3.6364 -16.2777 1.7284 20.1966 1.1551 0.9666
