Car 0.0000 0.0000 0.0000 772.0000 158.0000 807.0000 180.0000 1.5360 1.6188 3.8904 12.7185 0.4439 50.8437 1.5708 0.9954
Car 0.0000 0.0000 0.0000 820.0000 157.0000 869.0000 185.0000 1.5229 1.6169 3.9474 13.3889 0.6145 41.1232 1.5708 0.9948
Car 0.0000 0.0000 0.0000 16.0000 196.0000 140.0000 254.0000 1.4896 1.5844 3.6775 -16.0450 2.2202 21.9387 1.3836 0.9900
Car 0.0000 0.0000 0.0000 -21.0000 185.0000 118.0000 236.0000 1.4993 1.6057 3.8750 -18.6654 1.9046 24.1445 1.5708 0.9768
Car 0.0000 0.0000 0.0000 407.0000 175.0000 436.0000 191.0000 1.5553 1.6733 4.3055 -18.7724 1.6425 72.4427 1.5708 0.9617
Car 0.0000 0.0000 0.0000 699.0000 172.0000 721.0000 188.0000 1.5553 1.6733 4.3055 10.1706 1.3324 72.4370 1.5708 0.9617
Car 0.0000 0.0000 0.0000 683.0000 172.0000 704.0000 188.0000 1.5553 1.6733 4.3055 8.5627 1.3496 72.4373 1.5708 0.9617
Car 0.0000 0.0000 0.0000 448.0000 174.0000 475.0000 190.0000 1.5553 1.6733 4.3055 -14.7526 1.5994 72.4419 1.5708 0.9617
Car 0.0000 0.0000 0.0000 506.0000 174.0000 529.0000 190.0000 1.5553 1.6733 4.3055 -9.1248 1.5391 72.4408 1.5708 0.9617
Car 0.0000 0.0000 0.0000 572.0000 173.0000 591.0000 189.0000 1.5553 1.6733 4.3055 -2.6930 1.4702 72.4395 1.5708 0.9617
Car 0.0000 0.0000 0.0000 555.0000 173.0000 575.0000 189.0000 1.5553 1.6733 4.3055 -4.3009 1.4874 72.4399 1.5708 0.9617
Car 0.0000 0.0000 0.0000 539.0000 173.0000 560.0000 189.0000 1.5553 1.6733 4.3055 -5.9089 1.5047 72.4402 1.5708 0.9617
Car 0.0000 0.0000 0.0000 522.0000 173.0000 544.0000 190.0000 1.5553 1.6733 4.3055 -7.5168 1.5219 72.4405 1.5708 0.9617
Car 0.0000 0.0000 0.0000 490.0000 174.0000 513.0000 190.0000 1.5553 1.6733 4.3055 -10.7327 1.5563 72.4411 1.5708 0.9617
Car 0.0000 0.0000 0.0000 473.0000 174.0000 498.0000 190.0000 1.5553 1.6733 4.3055 -12.3406 1.5736 72.4414 1.5708 0.9617
Car 0.0000 0.0000 0.0000 588.0000 173.0000 607.0000 189.0000 1.5553 1.6733 4.3055 -1.0850 1.4530 72.4392 1.5708 0.9617
Car 0.0000 0.0000 0.0000 432.0000 174.0000 459.0000 191.0000 1.5553 1.6733 4.3055 -16.3605 1.6166 72.4422 1.5708 0.9617
Car 0.0000 0.0000 0.0000 605.0000 173.0000 622.0000 189.0000 1.5553 1.6733 4.3055 0.5229 1.4358 72.4389 1.5708 0.9617
Car 0.0000 0.0000 0.0000 621.0000 172.0000 639.0000 188.0000 1.5553 1.6733 4.3055 2.1309 1.4185 72.4386 1.5708 0.9617
Car 0.0000 0.0000 0.0000 637.0000 172.0000 655.0000 188.0000 1.5553 1.6733 4.3055 3.7388 1.4013 72.4383 1.5708 0.9617
