Car 0.0000 0.0000 0.0000 447.0000 173.0000 473.0000 197.0000 1.5065 1.6162 3.8408 -9.9806 1.4929 48.2356 1.3497 0.9977
Car 0.0000 0.0000 0.0000 152.0000 184.0000 207.0000 214.0000 1.4945 1.6057 3.9436 -23.0630 2.0470 38.7898 1.2856 0.9972
Car 0.0000 0.0000 0.0000 395.0000 177.0000 428.0000 201.0000 1.5044 1.6134 3.9166 -12.8790 1.7128 47.1929 1.4315 0.9969
Car 0.0000 0.0000 0.0000 -61.0000 185.0000 86.0000 237.0000 1.4991 1.5932 3.8078 -19.2051 1.8940 23.3470 1.5708 0.9954
Car 0.0000 0.0000 0.0000 122.0000 188.0000 171.0000 210.0000 1.4953 1.5935 3.8039 -33.6000 2.5143 52.4358 1.4152 0.9934
Car 0.0000 0.0000 0.0000 1032.0000 169.0000 1073.0000 187.0000 1.4959 1.5939 3.8423 37.6666 1.1050 61.1949 -1.4231 0.9925
Car 0.0000 0.0000 0.0000 838.0000 172.0000 870.0000 190.0000 1.5020 1.6191 4.0472 21.4257 1.3908 62.8946 1.5708 0.9921
Car 0.0000 0.0000 0.0000 636.0000 166.0000 664.0000 192.0000 1.5052 1.6074 3.8403 2.5642 1.0598 44.5983 1.5708 0.9914
Car 0.0000 0.0000 0.0000 1190.0000 150.0000 1376.0000 201.0000 1.5267 1.6390 4.1400 21.3887 0.8115 22.9934 0.1142 0.9879
Car 0.0000 0.0000 0.0000 60.0000 189.0000 119.0000 215.0000 1.4937 1.5897 3.8456 -33.2150 2.5137 46.1845 1.3829 0.9856
Car 0.0000 0.0000 0.0000 614.0000 162.0000 636.0000 182.0000 1.5330 1.6240 3.8826 1.3135 0.6194 56.9859 1.5708 0.9782
Car 0.0000 0.0000 0.0000 210.0000 178.0000 288.0000 211.0000 1.4901 1.6009 3.9388 -16.9873 1.6748 34.1739 1.5708 0.9774
Car 0.0000 0.0000 0.0000 360.0000 183.0000 408.0000 211.0000 1.5012 1.6026 3.9132 -12.9948 2.0470 41.7278 1.5553 0.9758
Car 0.0000 0.0000 0.0000 982.0000 169.0000 1019.0000 188.0000 1.4973 1.5894 3.8084 32.7951 1.1015 60.3211 -1.3744 0.9746
Car 0.0000 0.0000 0.0000 578.0000 179.0000 608.0000 205.0000 1.5012 1.6287 4.1207 -0.9113 1.8042 43.5785 1.5708 0.9716
Car 0.0000 0.0000 0.0000 421.0000 183.0000 466.0000 211.0000 1.4942 1.6072 3.9370 -9.4758 2.0283 41.4708 1.5708 0.9715
Car 0.0000 0.0000 0.0000 783.0000 170.0000 807.0000 187.0000 1.5221 1.6126 3.9676 17.7621 1.2078 68.6091 -1.4632 0.9694
Car 0.0000 0.0000 0.0000 10.0000 173.0000 96.0000 204.0000 1.5099 1.6054 3.9567 -29.2536 1.4840 38.0082 1.5166 0.9686
Car 0.0000 0.0000 0.0000 719.0000 175.0000 739.0000 192.0000 1.5074 1.6106 3.8946 11.0688 1.6218 66.2547 -1.4671 0.9683
