Car 0.0000 0.0000 0.0000 458.0000 180.0000 521.0000 223.0000 1.5145 1.6183 3.6860 -4.5501 1.7661 27.8273 1.5708 0.9998
Car 0.0000 0.0000 0.0000 756.0000 179.0000 928.0000 293.0000 1.5411 1.6306 3.6858 3.5427 1.6368 11.7399 1.5708 0.9996
Car 0.0000 0.0000 0.0000 816.0000 183.0000 1252.0000 421.0000 1.5319 1.6360 3.8408 3.3235 1.6294 6.6678 1.5299 0.9995
Car 0.0000 0.0000 0.0000 201.0000 183.0000 393.0000 295.0000 1.5208 1.6145 3.7450 -4.9037 1.6767 11.8184 1.5419 0.9995
Car 0.0000 0.0000 0.0000 -254.0000 192.0000 268.0000 439.0000 1.5320 1.6318 3.7875 -4.8829 1.7403 6.5964 1.5689 0.9994
Car 0.0000 0.0000 0.0000 84.0000 181.0000 197.0000 229.0000 1.5047 1.6299 3.9807 -15.8090 1.7348 24.4855 1.4472 0.9993
Car 0.0000 0.0000 0.0000 716.0000 178.0000 820.0000 250.0000 1.5157 1.6202 3.8588 3.6739 1.6258 17.3618 1.5659 0.9992
Car 0.0000 0.0000 0.0000 634.0000 176.0000 683.0000 194.0000 1.5802 1.7207 4.4652 4.5913 1.7664 66.1131 0.0670 0.9988
Car 0.0000 0.0000 0.0000 698.0000 174.0000 768.0000 227.0000 1.5162 1.6057 3.7377 3.8388 1.5370 22.8545 1.5708 0.9987
Car 0.0000 0.0000 0.0000 491.0000 179.0000 541.0000 215.0000 1.5043 1.5931 3.6920 -4.1320 1.7569 32.3722 1.5708 0.9975
Car 0.0000 0.0000 0.0000 698.0000 173.0000 742.0000 213.0000 1.4952 1.5884 3.6852 4.3329 1.4679 28.4691 -1.4514 0.9970
Car 0.0000 0.0000 0.0000 727.0000 163.0000 756.0000 191.0000 1.8214 1.7295 4.3116 9.1232 1.0968 49.6556 -1.4373 0.9951
