Car 0.0000 0.0000 0.0000 582.0000 180.0000 613.0000 209.0000 1.5293 1.6217 3.5323 -0.5955 1.8428 39.8787 1.5708 0.9997
Car 0.0000 0.0000 0.0000 326.0000 185.0000 455.0000 274.0000 1.5103 1.6121 3.7994 -4.2267 1.7410 14.3758 1.5120 0.9996
Car 0.0000 0.0000 0.0000 129.0000 188.0000 295.0000 272.0000 1.5336 1.6486 3.9723 -8.5024 1.8763 15.7814 1.5112 0.9994
Car 0.0000 0.0000 0.0000 400.0000 181.0000 448.0000 215.0000 1.5018 1.6326 4.0273 -8.8178 1.8388 34.5760 1.4761 0.9991
Car 0.0000 0.0000 0.0000 450.0000 181.0000 513.0000 227.0000 1.5205 1.6289 3.8913 -4.5655 1.7783 26.1457 1.5522 0.9991
Car 0.0000 0.0000 0.0000 305.0000 182.0000 397.0000 233.0000 1.5224 1.6302 3.8884 -8.3877 1.7949 23.7155 1.5685 0.9987
Car 0.0000 0.0000 0.0000 381.0000 179.0000 424.0000 205.0000 1.5079 1.6154 3.8494 -12.6121 1.8508 44.2382 1.5551 0.9975
Car 0.0000 0.0000 0.0000 -3928.0000 -114.0000 190.0000 1666.0000 1.8486 1.7637 4.6301 -4.1301 1.5703 3.0813 1.5708 0.9975
Car 0.0000 0.0000 0.0000 490.0000 180.0000 529.0000 212.0000 1.4924 1.6005 3.8590 -4.9264 1.7849 35.9355 1.5225 0.9970
Car 0.0000 0.0000 0.0000 90.0000 182.0000 203.0000 240.0000 1.5074 1.6016 3.7603 -13.2998 1.7513 20.8934 1.3415 0.9957
Car 0.0000 0.0000 0.0000 518.0000 178.0000 553.0000 204.0000 1.5188 1.6216 3.8791 -4.5737 1.7995 45.4913 1.5708 0.9946
Car 0.0000 0.0000 0.0000 280.0000 181.0000 351.0000 218.0000 1.4980 1.6121 3.9143 -12.6337 1.7893 31.1964 1.5239 0.9933
Car 0.0000 0.0000 0.0000 438.0000 179.0000 477.0000 206.0000 1.5006 1.6033 3.8721 -8.9964 1.8087 43.0363 1.5559 0.9917
Car 0.0000 0.0000 0.0000 -95.0000 187.0000 66.0000 250.0000 1.4978 1.5858 3.6963 -16.7165 1.8640 19.5022 1.4233 0.9838
Car 0.0000 0.0000 0.0000 -163.0000 195.0000 169.0000 332.0000 1.4860 1.5878 3.7875 -8.1863 1.8280 10.1858 1.5484 0.9726
