Car 0.0000 0.0000 0.0000 345.0000 183.0000 473.0000 279.0000 1.5341 1.6196 3.4499 -3.6083 1.7101 13.4134 1.5019 0.9998
Car 0.0000 0.0000 0.0000 549.0000 179.0000 596.0000 223.0000 1.5317 1.6164 3.4517 -1.3619 1.7149 26.7312 1.5319 0.9998
Car 0.0000 0.0000 0.0000 150.0000 185.0000 312.0000 265.0000 1.5188 1.6730 4.2527 -8.3358 1.7928 16.2670 1.5007 0.9998
Car 0.0000 0.0000 0.0000 314.0000 180.0000 384.0000 226.0000 1.5170 1.6333 3.8006 -9.1871 1.7272 25.6349 1.4146 0.9996
Car 0.0000 0.0000 0.0000 -5.0000 180.0000 176.0000 251.0000 1.5234 1.6479 4.0708 -12.7805 1.6946 17.8751 1.5404 0.9994
Car 0.0000 0.0000 0.0000 311.0000 179.0000 350.0000 208.0000 1.5069 1.5922 3.6570 -14.9571 1.7685 38.7959 1.3007 0.9972
Car 0.0000 0.0000 0.0000 402.0000 173.0000 493.0000 233.0000 1.6055 1.6500 4.0810 -4.7341 1.5989 21.5740 1.5708 0.9849
Car 0.0000 0.0000 0.0000 450.0000 174.0000 480.0000 194.0000 1.5043 1.5903 3.7472 -11.1033 1.4895 55.7763 1.5634 0.9836
Car 0.0000 0.0000 0.0000 410.0000 165.0000 447.0000 195.0000 1.5699 1.6208 3.7920 -9.9616 1.1406 39.9369 1.4333 0.9779
Car 0.0000 0.0000 0.0000 471.0000 159.0000 516.0000 196.0000 1.7859 1.7073 3.7748 -5.8568 1.0782 36.7394 1.5626 0.9769
