Car 0.0000 0.0000 0.0000 101.0000 185.0000 398.0000 281.0000 1.4832 1.6869 4.2694 -6.0649 1.7092 12.3991 0.0151 1.0000
Car 0.0000 0.0000 0.0000 308.0000 180.0000 467.0000 237.0000 1.4632 1.6293 3.8695 -6.0156 1.6506 19.7488 0.0074 0.9998
Car 0.0000 0.0000 0.0000 669.0000 179.0000 759.0000 245.0000 1.5306 1.6434 3.8766 2.6084 1.6610 18.8520 1.5405 0.9997
Car 0.0000 0.0000 0.0000 551.0000 177.0000 589.0000 204.0000 1.4948 1.6326 4.1088 -2.3055 1.7024 43.2314 -1.4633 0.9994
Car 0.0000 0.0000 0.0000 650.0000 181.0000 705.0000 224.0000 1.5279 1.6186 3.7624 2.5799 1.8265 27.9279 1.5317 0.9993
Car 0.0000 0.0000 0.0000 -766.0000 189.0000 147.0000 522.0000 1.4981 1.6351 4.0307 -5.7992 1.6522 5.4570 -1.4720 0.9987
Car 0.0000 0.0000 0.0000 640.0000 173.0000 669.0000 197.0000 1.5074 1.6175 3.8523 2.9754 1.4427 46.5125 -1.4517 0.9986
Car 0.0000 0.0000 0.0000 433.0000 178.0000 523.0000 211.0000 1.5092 1.6182 3.8754 -6.1764 1.7059 34.1763 0.1136 0.9986
Car 0.0000 0.0000 0.0000 322.0000 170.0000 461.0000 221.0000 1.5208 1.6071 3.8483 -6.7859 1.4364 22.5485 0.1641 0.9937
Car 0.0000 0.0000 0.0000 396.0000 174.0000 511.0000 216.0000 1.5227 1.6332 4.0340 -5.9668 1.5580 27.7568 0.0481 0.9883
Car 0.0000 0.0000 0.0000 461.0000 179.0000 547.0000 211.0000 1.5590 1.6380 4.0700 -5.2962 1.8423 36.7215 0.0616 0.9824
Car 0.0000 0.0000 0.0000 424.0000 179.0000 524.0000 217.0000 1.5679 1.6205 3.8775 -5.7491 1.7824 30.7347 0.3114 0.9824
Car 0.0000 0.0000 0.0000 379.0000 181.0000 504.0000 228.0000 1.5609 1.6335 3.9466 -5.8491 1.8188 25.3073 0.0954 0.9750
