Car 0.0000 0.0000 0.0000 24.0000 189.0000 263.0000 265.0000 1.4096 1.6258 3.8722 -9.4040 1.7488 14.6709 0.0440 1.0000
Car 0.0000 0.0000 0.0000 641.0000 169.0000 707.0000 221.0000 1.5535 1.6216 3.5975 2.0271 1.4135 23.5359 1.5076 0.9996
Car 0.0000 0.0000 0.0000 682.0000 165.0000 863.0000 289.0000 1.5270 1.6464 4.0493 2.2095 1.4357 10.9662 1.5229 0.9996
Car 0.0000 0.0000 0.0000 -350.0000 198.0000 83.0000 350.0000 1.4676 1.6015 3.7535 -8.4050 1.7730 8.2297 0.1633 0.9996
Car 0.0000 0.0000 0.0000 -154.0000 189.0000 71.0000 267.0000 1.4594 1.5825 3.6446 -13.4322 1.7981 14.8861 0.1897 0.9995
Car 0.0000 0.0000 0.0000 470.0000 170.0000 542.0000 219.0000 1.5227 1.6786 4.4071 -3.4493 1.4190 24.8483 1.5708 0.9993
Car 0.0000 0.0000 0.0000 -2746.0000 213.0000 191.0000 1640.0000 1.5254 1.6160 3.7558 -3.4537 1.7729 2.8035 1.4846 0.9990
Car 0.0000 0.0000 0.0000 617.0000 165.0000 648.0000 194.0000 1.5053 1.6001 3.7837 1.3556 1.0426 40.2209 1.5708 0.9965
Car 0.0000 0.0000 0.0000 518.0000 171.0000 553.0000 200.0000 1.5102 1.6121 3.9290 -3.8931 1.3544 38.7538 1.5304 0.9924
Car 0.0000 0.0000 0.0000 624.0000 171.0000 666.0000 210.0000 1.5019 1.5883 3.6778 1.4352 1.4068 29.5487 1.5708 0.9666
Car 0.0000 0.0000 0.0000 260.0000 152.0000 315.0000 188.0000 1.8530 1.7367 4.3062 -17.6873 0.7373 39.8344 1.4053 0.9649
