Car 0.0000 0.0000 0.0000 131.0000 188.0000 455.0000 389.0000 1.5423 1.6570 3.9057 -2.9779 1.7228 7.6665 1.5708 0.9998
Car 0.0000 0.0000 0.0000 757.0000 185.0000 1051.0000 370.0000 1.5343 1.6371 3.7581 2.8852 1.6803 8.0636 1.5379 0.9998
Car 0.0000 0.0000 0.0000 471.0000 181.0000 535.0000 233.0000 1.5164 1.6431 4.0123 -3.3249 1.7445 23.1079 1.5199 0.9995
Car 0.0000 0.0000 0.0000 678.0000 181.0000 726.0000 224.0000 1.5042 1.6236 3.8924 3.4243 1.7634 27.1584 -1.4756 0.9995
Car 0.0000 0.0000 0.0000 704.0000 180.0000 853.0000 279.0000 1.5184 1.6276 3.8846 2.8828 1.6398 13.2050 1.5260 0.9991
Car 0.0000 0.0000 0.0000 648.0000 174.0000 674.0000 198.0000 1.5043 1.6048 3.7462 3.4815 1.5330 47.4824 -1.4812 0.9989
Car 0.0000 0.0000 0.0000 374.0000 176.0000 503.0000 267.0000 1.5194 1.6143 3.7835 -3.1957 1.5824 14.0530 1.5708 0.9987
Car 0.0000 0.0000 0.0000 -15507.0000 -7208.0000 1357.0000 474.0000 1.4991 1.5941 3.7697 2.8490 1.4887 1.7219 1.5708 0.9982
Car 0.0000 0.0000 0.0000 570.0000 176.0000 594.0000 193.0000 1.5034 1.6008 3.8237 -2.3608 1.6625 64.9859 -1.4376 0.9903
Car 0.0000 0.0000 0.0000 533.0000 180.0000 591.0000 219.0000 1.4922 1.5949 3.8054 -1.9097 1.7510 29.9598 -1.4109 0.9714
