Car 0.0000 0.0000 0.0000 698.0000 182.0000 813.0000 264.0000 1.5273 1.6128 3.4980 2.9697 1.7049 15.4269 1.5336 0.9998
Car 0.0000 0.0000 0.0000 238.0000 182.0000 444.0000 311.0000 1.5221 1.6107 3.5799 -3.6755 1.6560 10.4401 1.5708 0.9998
Car 0.0000 0.0000 0.0000 434.0000 183.0000 513.0000 242.0000 1.5460 1.6027 3.3128 -3.8586 1.8185 20.8532 1.5708 0.9998
Car 0.0000 0.0000 0.0000 662.0000 180.0000 704.0000 219.0000 1.5108 1.6102 3.6772 3.0172 1.7726 29.8129 1.5708 0.9997
Car 0.0000 0.0000 0.0000 622.0000 181.0000 647.0000 200.0000 1.5188 1.6340 3.8028 2.0921 2.1080 59.2263 1.5026 0.9996
Car 0.0000 0.0000 0.0000 -156.0000 189.0000 186.0000 324.0000 1.4902 1.6419 4.2977 -8.2330 1.7497 10.5476 1.5171 0.9994
Car 0.0000 0.0000 0.0000 590.0000 179.0000 613.0000 200.0000 1.5183 1.6139 3.6582 -0.5114 1.8631 53.0560 1.5708 0.9987
Car 0.0000 0.0000 0.0000 381.0000 179.0000 441.0000 217.0000 1.5058 1.6286 3.9577 -8.3769 1.7225 30.7602 1.5316 0.9986
Car 0.0000 0.0000 0.0000 480.0000 181.0000 545.0000 221.0000 1.5011 1.6181 3.9661 -3.8259 1.7873 29.0788 -1.4377 0.9976
Car 0.0000 0.0000 0.0000 253.0000 182.0000 364.0000 242.0000 1.5091 1.6143 3.8698 -8.3400 1.7342 20.2608 1.5373 0.9817
Car 0.0000 0.0000 0.0000 536.0000 179.0000 562.0000 201.0000 1.5152 1.6028 3.8025 -4.2646 1.8876 51.8098 1.5519 0.9780
