Car 0.0000 0.0000 0.0000 465.0000 159.0000 540.0000 224.0000 1.6842 1.7246 4.2903 -3.0218 1.3134 21.0271 1.5303 0.9998
Car 0.0000 0.0000 0.0000 744.0000 176.0000 900.0000 282.0000 1.5179 1.6022 3.5218 3.3970 1.5743 12.2254 1.5708 0.9997
Car 0.0000 0.0000 0.0000 246.0000 186.0000 466.0000 333.0000 1.5389 1.6237 3.5680 -3.1196 1.7221 9.5377 1.5708 0.9996
Car 0.0000 0.0000 0.0000 860.0000 189.0000 1286.0000 421.0000 1.5278 1.6101 3.7614 3.7963 1.7046 6.8173 1.5708 0.9995
Car 0.0000 0.0000 0.0000 687.0000 180.0000 745.0000 228.0000 1.5136 1.6204 3.8049 3.5925 1.7360 24.8206 1.5708 0.9995
Car 0.0000 0.0000 0.0000 545.0000 179.0000 583.0000 205.0000 1.5031 1.6097 3.7754 -2.6093 1.7799 42.4450 -1.4614 0.9994
Car 0.0000 0.0000 0.0000 -1050.0000 201.0000 295.0000 922.0000 1.5200 1.6287 3.9276 -3.2007 1.7252 3.6675 1.4973 0.9994
Car 0.0000 0.0000 0.0000 1123.0000 188.0000 5872.0000 2172.0000 1.5137 1.5917 3.5923 3.5859 1.5935 2.4636 -1.4114 0.9981
Car 0.0000 0.0000 0.0000 704.0000 183.0000 802.0000 248.0000 1.4901 1.5924 3.8496 3.6272 1.7372 18.8992 1.5178 0.9979
Car 0.0000 0.0000 0.0000 671.0000 177.0000 717.0000 215.0000 1.5010 1.5916 3.6934 3.5063 1.6417 30.3723 1.5708 0.9975
Car 0.0000 0.0000 0.0000 665.0000 174.0000 698.0000 205.0000 1.5013 1.5983 3.7307 3.7275 1.5280 36.9295 -1.4682 0.9851
Car 0.0000 0.0000 0.0000 646.0000 178.0000 676.0000 205.0000 1.4946 1.6112 3.9824 3.0527 1.7131 41.3005 -1.4750 0.9772
