Car 0.0000 0.0000 0.0000 583.0000 179.0000 614.0000 209.0000 1.5287 1.6246 3.6188 -0.5941 1.8373 40.0525 1.5614 0.9998
Car 0.0000 0.0000 0.0000 384.0000 180.0000 427.0000 205.0000 1.5064 1.6403 4.0050 -12.8256 1.8786 45.5868 1.5544 0.9997
Car 0.0000 0.0000 0.0000 459.0000 180.0000 521.0000 223.0000 1.5108 1.6067 3.6842 -4.4405 1.7290 27.2472 1.5708 0.9996
Car 0.0000 0.0000 0.0000 352.0000 181.0000 469.0000 264.0000 1.5636 1.6361 3.8958 -4.2177 1.7212 15.7617 1.5238 0.9995
Car 0.0000 0.0000 0.0000 320.0000 181.0000 399.0000 229.0000 1.5110 1.6306 3.8612 -8.6119 1.7705 25.1079 1.4977 0.9994
Car 0.0000 0.0000 0.0000 183.0000 182.0000 325.0000 255.0000 1.5410 1.6374 3.8687 -8.3619 1.7343 17.2870 1.5307 0.9993
Car 0.0000 0.0000 0.0000 299.0000 179.0000 370.0000 215.0000 1.5041 1.6216 3.8812 -12.3070 1.7349 32.4600 1.5708 0.9989
Car 0.0000 0.0000 0.0000 408.0000 180.0000 458.0000 213.0000 1.5126 1.6218 3.8947 -8.7039 1.8365 35.8233 1.5510 0.9985
Car 0.0000 0.0000 0.0000 506.0000 179.0000 544.0000 210.0000 1.4953 1.6108 3.9789 -4.3011 1.7653 37.2742 1.5485 0.9963
Car 0.0000 0.0000 0.0000 -2013.0000 -175.0000 279.0000 1093.0000 2.4325 1.9887 5.3823 -4.1234 1.7712 4.0797 1.5572 0.9950
Car 0.0000 0.0000 0.0000 518.0000 179.0000 549.0000 203.0000 1.4966 1.5929 3.7842 -4.8534 1.8128 46.6782 1.5708 0.9906
