Car 0.0000 0.0000 0.0000 749.0000 181.0000 893.0000 270.0000 1.5292 1.6581 4.0952 4.0893 1.6862 14.6697 1.5552 0.9997
Car 0.0000 0.0000 0.0000 826.0000 190.0000 1161.0000 364.0000 1.4997 1.6590 4.3055 4.1035 1.7298 8.6890 1.5518 0.9996
Car 0.0000 0.0000 0.0000 550.0000 171.0000 590.0000 207.0000 1.5225 1.6313 3.8692 -1.7122 1.4218 32.5242 1.5663 0.9995
Car 0.0000 0.0000 0.0000 360.0000 159.0000 522.0000 289.0000 1.5769 1.6307 3.6848 -2.3147 1.4092 10.6563 1.5419 0.9993
Car 0.0000 0.0000 0.0000 727.0000 178.0000 809.0000 239.0000 1.5220 1.5879 3.4393 4.3007 1.6507 20.0451 1.5708 0.9993
Car 0.0000 0.0000 0.0000 690.0000 169.0000 737.0000 206.0000 1.5105 1.6192 3.9096 4.5059 1.3181 31.4057 1.5708 0.9981
Car 0.0000 0.0000 0.0000 1097.0000 101.0000 6815.0000 2206.0000 1.5045 1.5931 3.7298 3.6233 1.4737 2.3953 1.5708 0.9975
Car 0.0000 0.0000 0.0000 652.0000 169.0000 676.0000 185.0000 1.5479 1.6599 4.1145 5.4277 1.0685 70.5574 1.4636 0.9899
Car 0.0000 0.0000 0.0000 443.0000 177.0000 548.0000 254.0000 1.5269 1.6108 3.7782 -2.4616 1.5993 16.2504 1.5708 0.9890
Car 0.0000 0.0000 0.0000 707.0000 178.0000 759.0000 221.0000 1.4955 1.5933 3.7416 4.5430 1.6423 26.8048 -1.4815 0.9884
Car 0.0000 0.0000 0.0000 443.0000 138.0000 501.0000 188.0000 1.9482 1.7695 4.2819 -5.7090 0.5627 30.4984 1.5361 0.9772
Car 0.0000 0.0000 0.0000 578.0000 157.0000 598.0000 176.0000 1.5549 1.6233 3.8468 -1.7556 0.1853 61.0748 1.5363 0.9757
Car 0.0000 0.0000 0.0000 682.0000 170.0000 716.0000 201.0000 1.5032 1.6061 3.8037 4.5389 1.3227 36.4733 -1.4603 0.9751
