Car 0.0000 0.0000 0.0000 92.0000 191.0000 378.0000 288.0000 1.4589 1.6339 3.9802 -6.1791 1.7783 12.1240 0.0108 0.9998
Car 0.0000 0.0000 0.0000 658.0000 178.0000 748.0000 245.0000 1.5370 1.6619 4.1094 2.3037 1.6661 18.8757 1.5330 0.9998
Car 0.0000 0.0000 0.0000 745.0000 182.0000 992.0000 335.0000 1.5312 1.6288 3.7452 2.9798 1.6443 9.2348 1.5154 0.9997
Car 0.0000 0.0000 0.0000 219.0000 185.0000 424.0000 255.0000 1.4975 1.6536 4.1265 -6.6345 1.7809 16.8250 0.0306 0.9996
Car 0.0000 0.0000 0.0000 -300.0000 196.0000 232.0000 374.0000 1.5490 1.6657 4.1931 -6.4371 1.8124 7.4137 0.0827 0.9993
Car 0.0000 0.0000 0.0000 348.0000 181.0000 491.0000 232.0000 1.5094 1.6391 4.0163 -5.8877 1.7466 22.5737 0.0352 0.9992
Car 0.0000 0.0000 0.0000 372.0000 174.0000 490.0000 217.0000 1.5351 1.6462 4.0562 -6.7895 1.5751 27.6426 0.0573 0.9988
Car 0.0000 0.0000 0.0000 163.0000 184.0000 384.0000 264.0000 1.4918 1.6010 3.7727 -6.7428 1.7255 14.6121 0.0864 0.9982
Car 0.0000 0.0000 0.0000 -42.0000 184.0000 292.0000 307.0000 1.4783 1.6059 3.8217 -6.6334 1.6429 9.9268 0.1977 0.9975
Car 0.0000 0.0000 0.0000 423.0000 181.0000 520.0000 217.0000 1.5552 1.6377 4.0244 -6.2437 1.8928 32.8543 0.0796 0.9971
Car 0.0000 0.0000 0.0000 660.0000 176.0000 703.0000 216.0000 1.4979 1.5866 3.6618 2.9069 1.6057 29.5264 1.5708 0.9961
Car 0.0000 0.0000 0.0000 -630.0000 179.0000 106.0000 432.0000 1.4980 1.6069 3.8639 -6.1543 1.5553 5.2791 0.1162 0.9901
Car 0.0000 0.0000 0.0000 636.0000 172.0000 666.0000 196.0000 1.5222 1.6212 3.9756 2.9095 1.4257 48.9720 -1.4040 0.9853
Car 0.0000 0.0000 0.0000 509.0000 178.0000 548.0000 206.0000 1.5007 1.5981 3.8134 -4.4696 1.7148 40.4071 1.5708 0.9811
Car 0.0000 0.0000 0.0000 484.0000 178.0000 527.0000 210.0000 1.4921 1.6081 3.9722 -5.1474 1.7019 36.0812 1.5586 0.9767
