Car 0.0000 0.0000 0.0000 443.0000 179.0000 484.0000 208.0000 1.5111 1.6448 3.9803 -7.9380 1.8027 39.6321 1.5117 0.9997
Car 0.0000 0.0000 0.0000 -933.0000 190.0000 307.0000 819.0000 1.5170 1.6182 3.8643 -3.2112 1.6406 3.7746 1.5432 0.9991
Car 0.0000 0.0000 0.0000 1164.0000 175.0000 1285.0000 208.0000 1.3834 1.6080 3.8340 26.6286 1.4421 31.2286 0.0082 0.9978
Car 0.0000 0.0000 0.0000 515.0000 178.0000 542.0000 197.0000 1.5011 1.6200 3.9885 -6.4642 1.8177 58.3912 1.5708 0.9871
Car 0.0000 0.0000 0.0000 486.0000 181.0000 519.0000 204.0000 1.4990 1.6125 3.9641 -7.2165 1.9970 49.2830 1.5708 0.9851
Car 0.0000 0.0000 0.0000 521.0000 177.0000 543.0000 193.0000 1.5394 1.6471 4.0369 -7.5678 1.8457 71.6223 1.5708 0.9821
Car 0.0000 0.0000 0.0000 1084.0000 180.0000 1207.0000 215.0000 1.4294 1.6580 4.0602 23.3383 1.7113 31.3976 0.0443 0.9780
Car 0.0000 0.0000 0.0000 728.0000 174.0000 749.0000 193.0000 1.4961 1.6001 3.9087 10.3337 1.5024 57.4783 -1.4129 0.9759
Car 0.0000 0.0000 0.0000 -31.0000 191.0000 47.0000 223.0000 1.5034 1.5989 3.8306 -31.9411 2.4595 38.3555 1.3814 0.9736
Car 0.0000 0.0000 0.0000 869.0000 158.0000 913.0000 182.0000 1.5289 1.6192 3.8874 19.1280 0.5255 48.8525 1.5708 0.9727
Car 0.0000 0.0000 0.0000 869.0000 163.0000 926.0000 196.0000 1.5101 1.5917 3.7006 13.9133 1.0145 34.9000 -1.4732 0.9649
