Car 0.0000 0.0000 0.0000 389.0000 180.0000 509.0000 220.0000 1.5408 1.7096 4.4543 -6.4623 1.8164 29.3142 0.0236 0.9999
Car 0.0000 0.0000 0.0000 61.0000 179.0000 393.0000 288.0000 1.5214 1.6807 4.2487 -5.7436 1.6239 11.0686 0.0436 0.9998
Car 0.0000 0.0000 0.0000 728.0000 184.0000 886.0000 237.0000 1.4720 1.6757 4.2353 5.7780 1.7986 21.4055 0.0260 0.9998
Car 0.0000 0.0000 0.0000 925.0000 179.0000 1361.0000 310.0000 1.5232 1.7083 4.4115 6.6980 1.6131 9.4419 0.0176 0.9997
Car 0.0000 0.0000 0.0000 -385.0000 195.0000 208.0000 402.0000 1.5274 1.6213 3.8418 -5.9475 1.7502 6.3661 0.0675 0.9993
Car 0.0000 0.0000 0.0000 889.0000 176.0000 1192.0000 281.0000 1.4745 1.6084 3.9441 6.6521 1.5284 11.6209 0.4126 0.9990
Car 0.0000 0.0000 0.0000 233.0000 183.0000 432.0000 254.0000 1.4589 1.6031 3.7995 -6.0721 1.6732 15.9928 0.0465 0.9989
Car 0.0000 0.0000 0.0000 556.0000 180.0000 577.0000 199.0000 1.5129 1.6204 3.8210 -3.4598 2.0439 59.7041 1.5346 0.9984
Car 0.0000 0.0000 0.0000 420.0000 178.0000 518.0000 214.0000 1.5210 1.6368 4.0383 -6.2328 1.7293 32.2027 0.0436 0.9984
Car 0.0000 0.0000 0.0000 320.0000 184.0000 464.0000 238.0000 1.4893 1.5982 3.7307 -6.3594 1.8046 21.1920 0.1640 0.9972
Car 0.0000 0.0000 0.0000 164.0000 183.0000 407.0000 270.0000 1.4820 1.6116 3.7796 -5.8954 1.6731 13.2936 0.0678 0.9962
Car 0.0000 0.0000 0.0000 635.0000 182.0000 670.0000 215.0000 1.4861 1.6056 3.9665 2.2012 1.9111 35.7906 -1.4751 0.9961
Car 0.0000 0.0000 0.0000 621.0000 178.0000 642.0000 196.0000 1.5004 1.5988 3.7969 2.0378 1.8971 63.3491 -1.4705 0.9931
Car 0.0000 0.0000 0.0000 -105.0000 195.0000 289.0000 339.0000 1.4934 1.6230 3.9602 -6.2487 1.7757 8.7915 0.1855 0.9786
Car 0.0000 0.0000 0.0000 533.0000 179.0000 553.0000 197.0000 1.5519 1.6252 3.8397 -6.1428 2.0698 67.8774 1.5536 0.9601
