Car 0.0000 0.0000 0.0000 234.0000 178.0000 472.0000 322.0000 1.5188 1.6292 3.7178 -3.1107 1.5799 9.4710 1.5708 0.9999
Car 0.0000 0.0000 0.0000 727.0000 179.0000 929.0000 313.0000 1.5280 1.6537 4.0447 2.8300 1.6120 10.3318 1.5708 0.9997
Car 0.0000 0.0000 0.0000 415.0000 181.0000 506.0000 246.0000 1.5363 1.6714 4.2405 -3.8918 1.7451 19.4115 1.5481 0.9997
Car 0.0000 0.0000 0.0000 675.0000 176.0000 761.0000 242.0000 1.5211 1.6105 3.5328 2.6798 1.5881 18.5439 1.5617 0.9997
Car 0.0000 0.0000 0.0000 651.0000 176.0000 694.0000 216.0000 1.5089 1.6067 3.6797 2.4763 1.5927 28.9816 1.5708 0.9996
Car 0.0000 0.0000 0.0000 437.0000 176.0000 527.0000 208.0000 1.5145 1.6480 4.1067 -6.3589 1.6536 36.2295 0.1610 0.9989
Car 0.0000 0.0000 0.0000 906.0000 185.0000 4084.0000 1724.0000 1.5004 1.6023 3.7998 2.6331 1.5635 2.6202 1.5703 0.9986
Car 0.0000 0.0000 0.0000 720.0000 160.0000 764.0000 191.0000 1.8282 1.7612 4.5193 8.4670 1.0179 46.1875 1.5218 0.9970
Car 0.0000 0.0000 0.0000 636.0000 157.0000 689.0000 198.0000 1.8285 1.7409 4.3725 2.6811 1.0867 35.1236 -1.2929 0.9938
Car 0.0000 0.0000 0.0000 460.0000 176.0000 517.0000 216.0000 1.4928 1.5639 3.5516 -4.7237 1.5835 28.5236 1.5708 0.9856
