Car 0.0000 0.0000 0.0000 681.0000 172.0000 783.0000 248.0000 1.5429 1.6289 3.5942 2.7062 1.5276 16.7278 1.5358 0.9998
Car 0.0000 0.0000 0.0000 395.0000 174.0000 457.0000 221.0000 1.5273 1.6498 4.0293 -6.4638 1.5633 25.7264 1.4514 0.9998
Car 0.0000 0.0000 0.0000 757.0000 176.0000 1085.0000 380.0000 1.5226 1.6281 3.6621 2.7103 1.5606 7.2954 1.5395 0.9998
Car 0.0000 0.0000 0.0000 654.0000 172.0000 699.0000 211.0000 1.5233 1.5990 3.4203 2.7888 1.4656 30.4092 1.5708 0.9997
Car 0.0000 0.0000 0.0000 275.0000 145.0000 451.0000 206.0000 1.5929 1.6863 4.3365 -6.8261 0.8569 20.1162 0.0660 0.9993
Car 0.0000 0.0000 0.0000 627.0000 167.0000 646.0000 185.0000 1.5138 1.5950 3.6308 2.4871 0.9497 64.1391 1.5708 0.9993
Car 0.0000 0.0000 0.0000 209.0000 175.0000 436.0000 257.0000 1.5603 1.6590 4.1251 -5.9219 1.6092 14.9598 0.1947 0.9974
Car 0.0000 0.0000 0.0000 -9666.0000 -3806.0000 1325.0000 467.0000 1.4910 1.6050 3.9520 2.8082 1.4787 1.7063 1.5708 0.9966
Car 0.0000 0.0000 0.0000 317.0000 162.0000 458.0000 212.0000 1.5076 1.6197 3.9608 -7.0200 1.1710 22.9603 0.0656 0.9930
Car 0.0000 0.0000 0.0000 379.0000 157.0000 500.0000 200.0000 1.5705 1.6682 4.2807 -6.5714 0.9625 28.0861 0.0589 0.9739
