Car 0.0000 0.0000 0.0000 798.0000 186.0000 1150.0000 397.0000 1.5259 1.6222 3.5887 3.1705 1.6728 7.1844 1.5517 0.9998
Car 0.0000 0.0000 0.0000 676.0000 189.0000 757.0000 248.0000 1.5219 1.6265 3.6686 3.0262 1.9821 21.0615 1.5171 0.9997
Car 0.0000 0.0000 0.0000 203.0000 178.0000 422.0000 254.0000 1.5606 1.6654 4.1555 -6.4727 1.6787 15.8851 0.0730 0.9996
Car 0.0000 0.0000 0.0000 15.0000 193.0000 335.0000 301.0000 1.4898 1.6335 3.9915 -6.5710 1.8193 11.0900 0.0492 0.9993
Car 0.0000 0.0000 0.0000 -543.0000 190.0000 130.0000 426.0000 1.5401 1.6276 3.9076 -6.3374 1.7012 5.7898 0.1049 0.9992
Car 0.0000 0.0000 0.0000 294.0000 187.0000 466.0000 251.0000 1.5121 1.6163 3.8416 -5.7717 1.8595 18.3074 0.0712 0.9991
Car 0.0000 0.0000 0.0000 432.0000 178.0000 491.0000 223.0000 1.5014 1.6093 3.8693 -5.3948 1.6785 26.6727 1.5091 0.9984
Car 0.0000 0.0000 0.0000 181.0000 193.0000 412.0000 285.0000 1.4981 1.6524 4.0501 -5.9014 1.8694 13.4725 0.4240 0.9981
Car 0.0000 0.0000 0.0000 474.0000 178.0000 548.0000 204.0000 1.5708 1.6766 4.2313 -6.0145 1.8364 44.5120 0.1388 0.9976
Car 0.0000 0.0000 0.0000 962.0000 200.0000 6207.0000 2860.0000 1.4900 1.5916 3.8287 2.9234 1.6383 2.3758 1.5345 0.9961
Car 0.0000 0.0000 0.0000 412.0000 167.0000 511.0000 201.0000 1.5708 1.6922 4.3599 -7.0857 1.2760 34.8007 0.0609 0.9950
Car 0.0000 0.0000 0.0000 728.0000 185.0000 841.0000 225.0000 1.4985 1.6434 4.0408 6.7492 1.9398 28.0416 0.0726 0.9919
Car 0.0000 0.0000 0.0000 -139.0000 180.0000 140.0000 293.0000 1.5162 1.6095 3.7784 -9.5659 1.6162 11.7043 1.4703 0.9664
