Car 0.0000 0.0000 0.0000 723.0000 183.0000 888.0000 301.0000 1.5396 1.6383 3.7447 2.8876 1.7105 11.5045 1.5708 0.9998
Car 0.0000 0.0000 0.0000 319.0000 183.0000 501.0000 305.0000 1.5385 1.6479 3.8985 -2.9022 1.6978 11.2343 1.5708 0.9998
Car 0.0000 0.0000 0.0000 834.0000 189.0000 1588.0000 604.0000 1.5301 1.6396 3.9265 2.8856 1.6601 4.7281 1.5683 0.9995
Car 0.0000 0.0000 0.0000 501.0000 180.0000 552.0000 224.0000 1.5135 1.6011 3.5894 -2.9972 1.7246 26.5024 1.5282 0.9993
Car 0.0000 0.0000 0.0000 684.0000 183.0000 798.0000 258.0000 1.5381 1.6351 3.8627 2.9530 1.7580 17.0214 1.4784 0.9988
Car 0.0000 0.0000 0.0000 651.0000 179.0000 677.0000 202.0000 1.5000 1.6073 3.7818 3.9374 1.8931 51.0077 -1.4388 0.9987
Car 0.0000 0.0000 0.0000 670.0000 180.0000 711.0000 218.0000 1.5144 1.6182 3.8619 3.4058 1.7630 30.5892 -1.4810 0.9987
Car 0.0000 0.0000 0.0000 427.0000 180.0000 521.0000 250.0000 1.5065 1.6041 3.7665 -3.2128 1.6752 17.6475 1.5657 0.9983
Car 0.0000 0.0000 0.0000 530.0000 176.0000 574.0000 210.0000 1.4990 1.5956 3.8730 -2.5789 1.5865 33.3482 1.5708 0.9763
Car 0.0000 0.0000 0.0000 439.0000 151.0000 498.0000 193.0000 1.9549 1.7911 4.6716 -6.9430 0.8926 36.0173 1.5708 0.9657
