Car 0.0000 0.0000 0.0000 -87.0000 185.0000 307.0000 314.0000 1.5048 1.6613 4.1146 -6.4303 1.6817 9.5031 0.0401 0.9999
Car 0.0000 0.0000 0.0000 691.0000 179.0000 814.0000 269.0000 1.5769 1.6502 3.8026 2.7221 1.6834 14.6050 1.5565 0.9998
Car 0.0000 0.0000 0.0000 305.0000 180.0000 472.0000 236.0000 1.5553 1.7141 4.4427 -6.5022 1.7539 21.4627 0.0499 0.9997
Car 0.0000 0.0000 0.0000 181.0000 182.0000 403.0000 262.0000 1.4647 1.6159 3.8361 -6.3227 1.6427 14.3968 0.2242 0.9995
Car 0.0000 0.0000 0.0000 654.0000 178.0000 713.0000 224.0000 1.5208 1.6135 3.7228 2.5906 1.6812 25.8386 1.5456 0.9993
Car 0.0000 0.0000 0.0000 480.0000 181.0000 523.0000 212.0000 1.5078 1.6279 3.9844 -5.5168 1.8597 37.2278 1.5687 0.9989
Car 0.0000 0.0000 0.0000 638.0000 178.0000 676.0000 209.0000 1.5015 1.6208 3.9531 2.5810 1.7360 38.0129 -1.4180 0.9981
Car 0.0000 0.0000 0.0000 96.0000 185.0000 386.0000 287.0000 1.5348 1.6435 3.9696 -5.9632 1.7441 11.8610 0.0690 0.9979
Car 0.0000 0.0000 0.0000 667.0000 179.0000 748.0000 239.0000 1.5029 1.5949 3.7402 2.6301 1.6581 20.0768 1.5324 0.9975
Car 0.0000 0.0000 0.0000 393.0000 177.0000 501.0000 217.0000 1.5472 1.6227 3.8697 -6.4231 1.6774 28.5950 0.1993 0.9944
Car 0.0000 0.0000 0.0000 624.0000 178.0000 650.0000 201.0000 1.4970 1.5932 3.8028 1.8604 1.7876 48.6550 1.5687 0.9921
Car 0.0000 0.0000 0.0000 338.0000 176.0000 470.0000 226.0000 1.5613 1.6066 3.8357 -6.7207 1.6540 23.6921 0.1066 0.9898
Car 0.0000 0.0000 0.0000 -261.0000 206.0000 250.0000 414.0000 1.5397 1.6546 4.1892 -5.8491 1.8754 6.8878 0.2644 0.9732
Car 0.0000 0.0000 0.0000 267.0000 181.0000 440.0000 243.0000 1.5616 1.6496 4.0855 -6.8475 1.7762 19.4067 0.1186 0.9703
Car 0.0000 0.0000 0.0000 496.0000 178.0000 531.0000 205.0000 1.5103 1.6143 3.9635 -5.5650 1.7442 42.4953 1.5458 0.9613
