Car 0.0000 0.0000 0.0000 484.0000 181.0000 533.0000 218.0000 1.5218 1.6106 3.5315 -4.4241 1.8570 31.9673 1.5708 0.9998
Car 0.0000 0.0000 0.0000 762.0000 183.0000 990.0000 313.0000 1.5264 1.6489 3.9673 3.6116 1.6766 10.6501 1.4971 0.9997
Car 0.0000 0.0000 0.0000 141.0000 189.0000 386.0000 322.0000 1.5286 1.6386 3.8196 -4.7735 1.7879 10.5238 1.5708 0.9997
Car 0.0000 0.0000 0.0000 325.0000 182.0000 453.0000 261.0000 1.5177 1.6379 4.0404 -4.7542 1.7086 16.0469 1.5612 0.9995
Car 0.0000 0.0000 0.0000 724.0000 180.0000 834.0000 260.0000 1.5276 1.6072 3.5352 3.5531 1.6769 15.7745 1.5708 0.9995
Car 0.0000 0.0000 0.0000 -615.0000 209.0000 203.0000 570.0000 1.5120 1.6124 3.6972 -4.9853 1.8462 5.2316 -1.4717 0.9991
Car 0.0000 0.0000 0.0000 703.0000 179.0000 781.0000 235.0000 1.5220 1.6018 3.5838 3.8362 1.6734 21.3741 1.5676 0.9991
Car 0.0000 0.0000 0.0000 885.0000 177.0000 1502.0000 475.0000 1.5064 1.6062 3.7889 3.7109 1.5439 5.6021 1.5303 0.9988
Car 0.0000 0.0000 0.0000 691.0000 176.0000 741.0000 219.0000 1.4912 1.5878 3.7050 3.8907 1.5655 26.7067 -1.4768 0.9958
Car 0.0000 0.0000 0.0000 507.0000 174.0000 557.0000 206.0000 1.5267 1.6120 3.9511 -3.8464 1.5549 36.4618 -1.4376 0.9919
