Car 0.0000 0.0000 0.0000 296.0000 187.0000 448.0000 282.0000 1.5142 1.6345 3.8825 -4.3660 1.7879 13.7840 1.5693 0.9998
Car 0.0000 0.0000 0.0000 451.0000 184.0000 518.0000 227.0000 1.5222 1.6702 4.2023 -4.7989 1.9327 28.1936 1.5708 0.9998
Car 0.0000 0.0000 0.0000 -676.0000 206.0000 253.0000 631.0000 1.5194 1.6508 4.0966 -4.3147 1.8177 4.8932 1.5708 0.9996
Car 0.0000 0.0000 0.0000 743.0000 177.0000 966.0000 333.0000 1.5217 1.5855 3.3904 2.6993 1.5759 8.8029 1.5708 0.9996
Car 0.0000 0.0000 0.0000 663.0000 179.0000 723.0000 228.0000 1.5181 1.6044 3.6248 2.7622 1.6987 24.5211 1.5708 0.9996
Car 0.0000 0.0000 0.0000 509.0000 181.0000 545.0000 207.0000 1.5050 1.6084 3.7850 -4.9124 1.9439 43.5754 1.5708 0.9992
Car 0.0000 0.0000 0.0000 543.0000 181.0000 566.0000 200.0000 1.5015 1.6039 3.7645 -4.6403 2.1549 62.3252 1.5708 0.9986
Car 0.0000 0.0000 0.0000 633.0000 178.0000 658.0000 195.0000 1.5008 1.6009 3.7934 3.3572 1.8556 64.6002 -1.3365 0.9856
Car 0.0000 0.0000 0.0000 384.0000 156.0000 473.0000 187.0000 1.5831 1.7094 4.3528 -9.7560 0.6507 39.0295 0.1277 0.9668
Car 0.0000 0.0000 0.0000 553.0000 178.0000 580.0000 201.0000 1.5554 1.6284 3.9314 -3.0275 1.8208 51.0035 1.4380 0.9628
