Car 0.0000 0.0000 0.0000 178.0000 188.0000 432.0000 356.0000 1.6320 1.6835 3.9889 -3.6124 1.8472 9.2926 1.5411 0.9998
Car 0.0000 0.0000 0.0000 749.0000 179.0000 1014.0000 358.0000 1.5435 1.6127 3.5008 2.6834 1.6093 8.0338 1.5708 0.9997
Car 0.0000 0.0000 0.0000 694.0000 181.0000 824.0000 274.0000 1.5264 1.6254 3.7760 2.6933 1.6652 13.8850 1.5531 0.9997
Car 0.0000 0.0000 0.0000 591.0000 181.0000 613.0000 199.0000 1.5126 1.6422 4.0202 -0.5899 2.0854 61.9192 1.4955 0.9995
Car 0.0000 0.0000 0.0000 675.0000 179.0000 757.0000 240.0000 1.5132 1.6156 3.8625 2.8244 1.6580 19.8317 1.5613 0.9989
Car 0.0000 0.0000 0.0000 369.0000 198.0000 506.0000 289.0000 1.5193 1.6367 3.9314 -3.3982 2.0747 14.8884 1.5708 0.9987
Car 0.0000 0.0000 0.0000 929.0000 180.0000 2639.0000 992.0000 1.5212 1.6100 3.6923 3.0915 1.5558 3.2368 1.5296 0.9987
Car 0.0000 0.0000 0.0000 661.0000 177.0000 721.0000 224.0000 1.5125 1.6005 3.6811 2.8315 1.6484 25.6357 1.5441 0.9984
Car 0.0000 0.0000 0.0000 640.0000 177.0000 674.0000 201.0000 1.4953 1.5931 3.7109 3.2127 1.6800 47.2626 -1.3217 0.9972
Car 0.0000 0.0000 0.0000 493.0000 152.0000 541.0000 184.0000 1.5613 1.6179 3.8481 -4.7324 0.5200 37.4595 -1.4709 0.9656
