Car 0.0000 0.0000 0.0000 617.0000 181.0000 680.0000 237.0000 1.5362 1.6043 3.3189 1.0948 1.7643 21.6638 1.5440 0.9999
Car 0.0000 0.0000 0.0000 129.0000 195.0000 344.0000 326.0000 1.5228 1.6880 4.2952 -5.4942 1.8964 11.1946 1.4175 0.9998
Car 0.0000 0.0000 0.0000 399.0000 188.0000 460.0000 233.0000 1.5247 1.6298 3.6816 -6.7396 2.1029 27.3140 1.4957 0.9998
Car 0.0000 0.0000 0.0000 706.0000 172.0000 927.0000 315.0000 1.5291 1.6164 3.6569 2.4882 1.5334 9.6887 1.4781 0.9996
Car 0.0000 0.0000 0.0000 583.0000 178.0000 622.0000 215.0000 1.5207 1.5941 3.4493 -0.3223 1.7290 31.9827 1.5299 0.9994
Car 0.0000 0.0000 0.0000 -530.0000 200.0000 227.0000 567.0000 1.6308 1.6905 4.2821 -4.8844 1.9033 5.6679 1.4830 0.9992
Car 0.0000 0.0000 0.0000 735.0000 175.0000 842.0000 232.0000 1.5097 1.6280 4.0304 5.3969 1.5596 21.3721 -0.9303 0.9985
Car 0.0000 0.0000 0.0000 972.0000 157.0000 4632.0000 1769.0000 1.5010 1.5848 3.6752 2.9315 1.5073 2.5204 1.5708 0.9976
Car 0.0000 0.0000 0.0000 432.0000 181.0000 467.0000 213.0000 1.4944 1.6085 3.9568 -8.0022 1.8665 35.9463 1.3384 0.9951
Car 0.0000 0.0000 0.0000 390.0000 174.0000 428.0000 209.0000 1.6859 1.6894 4.2940 -10.1438 1.7099 36.7207 1.3430 0.9926
Car 0.0000 0.0000 0.0000 471.0000 186.0000 496.0000 204.0000 1.5060 1.6114 3.9091 -11.3627 2.6461 65.7835 1.5704 0.9859
