Car 0.0000 0.0000 0.0000 -6.0000 190.0000 362.0000 308.0000 1.5116 1.6924 4.3141 -6.0589 1.7697 10.3710 0.0240 1.0000
Car 0.0000 0.0000 0.0000 248.0000 181.0000 444.0000 247.0000 1.5380 1.6932 4.2950 -6.5441 1.7425 18.1037 0.0610 0.9999
Car 0.0000 0.0000 0.0000 677.0000 181.0000 758.0000 243.0000 1.5315 1.6126 3.4695 2.8483 1.7206 19.6969 1.5536 0.9999
Car 0.0000 0.0000 0.0000 763.0000 189.0000 1096.0000 397.0000 1.5414 1.6547 3.8569 2.8648 1.7282 7.5061 1.5445 0.9999
Car 0.0000 0.0000 0.0000 657.0000 180.0000 698.0000 219.0000 1.5191 1.5955 3.4455 2.8328 1.7937 30.4781 1.5708 0.9995
Car 0.0000 0.0000 0.0000 1004.0000 193.0000 6178.0000 2580.0000 1.5117 1.5886 3.5515 2.9239 1.6136 2.2874 1.5708 0.9986
Car 0.0000 0.0000 0.0000 -343.0000 180.0000 26.0000 461.0000 1.5805 1.6549 4.0893 -6.4460 1.6542 6.0480 0.7197 0.9983
Car 0.0000 0.0000 0.0000 468.0000 179.0000 514.0000 216.0000 1.5117 1.5976 3.5946 -5.2501 1.7496 31.7175 1.3020 0.9982
Car 0.0000 0.0000 0.0000 346.0000 181.0000 482.0000 231.0000 1.4910 1.6112 3.8598 -6.1680 1.7429 22.9474 0.0485 0.9981
Car 0.0000 0.0000 0.0000 398.0000 184.0000 506.0000 225.0000 1.4967 1.6057 3.8500 -6.0956 1.9287 28.1558 0.0521 0.9949
Car 0.0000 0.0000 0.0000 134.0000 185.0000 361.0000 271.0000 1.5112 1.5963 3.8113 -7.0025 1.7416 13.9634 0.2532 0.9931
Car 0.0000 0.0000 0.0000 371.0000 184.0000 493.0000 229.0000 1.5156 1.6141 3.9086 -6.3010 1.8859 25.7431 0.0825 0.9744
Car 0.0000 0.0000 0.0000 311.0000 168.0000 357.0000 200.0000 1.5222 1.5891 3.6575 -13.6313 1.2509 35.8291 1.3701 0.9740
