Car 0.0000 0.0000 0.0000 394.0000 182.0000 474.0000 242.0000 1.5370 1.6248 3.5827 -4.9164 1.7797 20.5710 1.5091 0.9997
Car 0.0000 0.0000 0.0000 581.0000 173.0000 631.0000 221.0000 1.5683 1.6314 3.5946 -0.1609 1.5405 25.4869 1.5526 0.9997
Car 0.0000 0.0000 0.0000 -99.0000 189.0000 335.0000 395.0000 1.5238 1.6606 4.1389 -4.6410 1.7245 7.6264 1.5708 0.9997
Car 0.0000 0.0000 0.0000 353.0000 181.0000 405.0000 208.0000 1.5033 1.6324 4.0010 -13.2178 1.9027 41.6163 1.5708 0.9994
Car 0.0000 0.0000 0.0000 478.0000 173.0000 530.0000 212.0000 1.5294 1.6667 4.3640 -4.4653 1.5121 31.0691 1.5589 0.9993
Car 0.0000 0.0000 0.0000 372.0000 180.0000 419.0000 216.0000 1.4955 1.6033 3.8807 -9.7159 1.7950 32.9990 1.4091 0.9974
Car 0.0000 0.0000 0.0000 185.0000 185.0000 332.0000 255.0000 1.4981 1.6166 4.0233 -8.5520 1.7915 17.8936 1.5708 0.9957
Car 0.0000 0.0000 0.0000 523.0000 173.0000 558.0000 200.0000 1.4945 1.5905 3.7771 -4.0301 1.4852 42.8412 1.5708 0.9957
Car 0.0000 0.0000 0.0000 209.0000 170.0000 273.0000 207.0000 1.5039 1.5812 3.6797 -16.0789 1.3682 31.5887 1.3738 0.9916
Car 0.0000 0.0000 0.0000 575.0000 170.0000 599.0000 193.0000 1.5000 1.5874 3.7807 -1.5066 1.2756 49.9512 1.5341 0.9799
Car 0.0000 0.0000 0.0000 -23.0000 195.0000 49.0000 223.0000 1.4962 1.5933 3.8072 -35.3569 2.7927 42.7840 1.4127 0.9691
