Car 0.0000 0.0000 0.0000 90.0000 214.0000 448.0000 383.0000 1.4854 1.6462 4.0853 -4.1147 2.0230 8.5255 0.4594 0.9999
Car 0.0000 0.0000 0.0000 901.0000 172.0000 999.0000 216.0000 1.5021 1.6375 4.1875 12.6487 1.4709 27.0156 1.5695 0.9979
Car 0.0000 0.0000 0.0000 -29.0000 237.0000 205.0000 382.0000 1.5371 1.6435 4.0345 -7.9368 2.6106 10.7843 0.6162 0.9979
Car 0.0000 0.0000 0.0000 870.0000 173.0000 970.0000 261.0000 1.5033 1.5964 3.6117 6.1000 1.4963 14.2903 -1.1729 0.9977
Car 0.0000 0.0000 0.0000 1196.0000 172.0000 1474.0000 295.0000 1.5027 1.6122 3.8564 10.5785 1.4958 10.9189 -1.1708 0.9977
Car 0.0000 0.0000 0.0000 1034.0000 163.0000 1108.0000 197.0000 1.5334 1.6349 3.9973 22.6900 1.0562 35.4943 -1.4001 0.9974
Car 0.0000 0.0000 0.0000 1063.0000 162.0000 1150.0000 207.0000 1.4913 1.5788 3.6424 17.7289 1.0942 25.8274 -1.2465 0.9970
Car 0.0000 0.0000 0.0000 1138.0000 168.0000 1254.0000 247.0000 1.5467 1.6544 4.0804 13.0977 1.4452 16.2988 -0.9761 0.9951
Car 0.0000 0.0000 0.0000 1033.0000 171.0000 1084.0000 192.0000 1.6034 1.6725 4.2400 35.1418 1.3660 56.1950 -0.5503 0.9742
Car 0.0000 0.0000 0.0000 858.0000 135.0000 926.0000 171.0000 1.5575 1.6292 3.8794 13.4698 -0.1655 34.4336 1.5499 0.9600
