Car 0.0000 0.0000 0.0000 202.0000 187.0000 438.0000 265.0000 1.5035 1.6899 4.3331 -6.0595 1.8127 15.3413 0.0071 0.9999
Car 0.0000 0.0000 0.0000 -101.0000 189.0000 356.0000 340.0000 1.5170 1.6803 4.2615 -5.4030 1.7183 8.3163 0.0713 0.9999
Car 0.0000 0.0000 0.0000 739.0000 182.0000 910.0000 294.0000 1.5195 1.6165 3.6428 3.2959 1.6698 11.8468 1.5404 0.9998
Car 0.0000 0.0000 0.0000 711.0000 180.0000 821.0000 254.0000 1.5307 1.6296 3.7478 3.5051 1.6697 16.8144 1.5418 0.9995
Car 0.0000 0.0000 0.0000 386.0000 181.0000 508.0000 227.0000 1.5079 1.6152 3.8506 -5.6359 1.7843 25.2376 0.0538 0.9992
Car 0.0000 0.0000 0.0000 684.0000 185.0000 726.0000 225.0000 1.4980 1.6108 3.8347 4.0440 1.9981 30.1864 -1.4169 0.9988
Car 0.0000 0.0000 0.0000 472.0000 174.0000 542.0000 199.0000 1.5032 1.6420 4.0332 -6.2648 1.5261 44.5451 0.0378 0.9971
Car 0.0000 0.0000 0.0000 342.0000 185.0000 484.0000 239.0000 1.4751 1.5962 3.7871 -5.7979 1.8170 21.2141 0.3277 0.9959
Car 0.0000 0.0000 0.0000 425.0000 181.0000 535.0000 222.0000 1.5510 1.6236 3.9065 -5.0185 1.8382 28.1719 0.2090 0.9935
Car 0.0000 0.0000 0.0000 -2280.0000 195.0000 104.0000 1077.0000 1.5025 1.6139 4.0044 -4.5656 1.6527 3.3292 1.5473 0.9934
Car 0.0000 0.0000 0.0000 503.0000 178.0000 537.0000 209.0000 1.4960 1.5887 3.8469 -4.5112 1.6874 36.2533 1.4202 0.9782
Car 0.0000 0.0000 0.0000 367.0000 187.0000 503.0000 237.0000 1.5277 1.6150 3.9378 -5.5795 1.9603 23.1938 0.0840 0.9759
Car 0.0000 0.0000 0.0000 550.0000 179.0000 580.0000 199.0000 1.5028 1.6026 3.8846 -3.2825 1.8750 54.9483 -1.4412 0.9697
