Car 0.0000 0.0000 0.0000 1162.0000 178.0000 1283.0000 211.0000 1.3819 1.6235 3.8919 26.5424 1.5608 31.2117 -0.0211 0.9993
Car 0.0000 0.0000 0.0000 450.0000 180.0000 485.0000 203.0000 1.5139 1.6268 3.9151 -9.7389 1.9120 49.9146 1.5682 0.9991
Car 0.0000 0.0000 0.0000 -953.0000 187.0000 305.0000 823.0000 1.5152 1.6203 3.9024 -3.2006 1.6119 3.7624 1.5232 0.9991
Car 0.0000 0.0000 0.0000 437.0000 180.0000 463.0000 196.0000 1.4855 1.6254 4.1612 -15.4998 2.0961 70.6419 1.5659 0.9977
Car 0.0000 0.0000 0.0000 489.0000 180.0000 520.0000 202.0000 1.5064 1.6345 4.1327 -7.4003 1.9111 51.4157 1.5529 0.9945
Car 0.0000 0.0000 0.0000 295.0000 186.0000 337.0000 207.0000 1.4985 1.6112 3.9566 -21.8407 2.4085 53.8667 1.5574 0.9915
Car 0.0000 0.0000 0.0000 521.0000 178.0000 543.0000 194.0000 1.5316 1.6412 3.9785 -7.5799 1.9182 71.6351 1.5708 0.9892
Car 0.0000 0.0000 0.0000 727.0000 173.0000 750.0000 193.0000 1.4952 1.5984 3.8758 10.3748 1.4479 57.5856 -1.4539 0.9876
Car 0.0000 0.0000 0.0000 423.0000 180.0000 451.0000 198.0000 1.4950 1.6045 3.9603 -15.4342 2.0560 64.8478 1.5526 0.9848
Car 0.0000 0.0000 0.0000 505.0000 176.0000 528.0000 194.0000 1.4979 1.5973 3.8429 -7.9794 1.6650 62.6410 1.5407 0.9832
Car 0.0000 0.0000 0.0000 592.0000 179.0000 613.0000 199.0000 1.4962 1.6109 3.9170 -0.5345 1.9255 57.9070 1.5451 0.9800
Car 0.0000 0.0000 0.0000 1120.0000 162.0000 1246.0000 197.0000 1.5447 1.7115 4.4340 26.8214 1.0457 33.7227 0.0541 0.9756
Car 0.0000 0.0000 0.0000 515.0000 180.0000 542.0000 199.0000 1.5035 1.6286 4.0112 -6.4151 1.9818 58.2470 1.5708 0.9739
Car 0.0000 0.0000 0.0000 1079.0000 180.0000 1201.0000 215.0000 1.4271 1.6523 4.0089 23.0259 1.7119 31.3383 0.0453 0.9676
