Car 0.0000 0.0000 0.0000 634.0000 180.0000 688.0000 220.0000 1.5285 1.6261 3.5931 2.0757 1.7700 29.7003 1.4744 0.9998
Car 0.0000 0.0000 0.0000 122.0000 176.0000 396.0000 266.0000 1.5071 1.6750 4.2008 -6.2632 1.5683 13.0877 0.0480 0.9997
Car 0.0000 0.0000 0.0000 341.0000 183.0000 475.0000 230.0000 1.5669 1.6726 4.1952 -6.9875 1.8955 25.2263 0.0692 0.9996
Car 0.0000 0.0000 0.0000 -16.0000 194.0000 318.0000 307.0000 1.4905 1.6298 3.9889 -6.7170 1.8277 10.7745 0.0072 0.9992
Car 0.0000 0.0000 0.0000 795.0000 175.0000 968.0000 248.0000 1.5432 1.6174 3.7383 6.4204 1.5974 17.4012 1.0712 0.9987
Car 0.0000 0.0000 0.0000 -197.0000 202.0000 233.0000 346.0000 1.4992 1.6330 3.9290 -6.9575 1.8804 8.6665 0.0530 0.9986
Car 0.0000 0.0000 0.0000 618.0000 176.0000 651.0000 206.0000 1.5125 1.6339 4.0535 1.3431 1.6537 39.2994 1.5708 0.9984
Car 0.0000 0.0000 0.0000 283.0000 186.0000 436.0000 242.0000 1.5171 1.6074 3.7860 -7.0707 1.8788 20.5217 0.1091 0.9973
Car 0.0000 0.0000 0.0000 398.0000 183.0000 491.0000 217.0000 1.4581 1.5815 3.7036 -7.3477 1.8907 32.2203 0.2565 0.9962
Car 0.0000 0.0000 0.0000 483.0000 168.0000 513.0000 192.0000 1.5338 1.6125 3.7672 -7.4883 1.1694 48.9733 1.5378 0.9932
Car 0.0000 0.0000 0.0000 757.0000 129.0000 807.0000 175.0000 1.5317 1.6077 3.6988 6.2420 0.0380 26.0900 -1.3410 0.9918
Car 0.0000 0.0000 0.0000 274.0000 185.0000 388.0000 253.0000 1.4948 1.5772 3.6969 -7.0373 1.7817 17.9512 0.8949 0.9637
