Car 0.0000 0.0000 0.0000 434.0000 189.0000 497.0000 231.0000 1.5183 1.6272 3.7326 -5.7975 2.1835 29.3919 1.5708 0.9998
Car 0.0000 0.0000 0.0000 372.0000 182.0000 456.0000 237.0000 1.5286 1.6475 4.0366 -5.9785 1.7894 22.3798 1.5337 0.9997
Car 0.0000 0.0000 0.0000 101.0000 201.0000 321.0000 327.0000 1.5154 1.6145 3.6958 -5.9867 1.9956 11.2812 1.4959 0.9997
Car 0.0000 0.0000 0.0000 268.0000 196.0000 408.0000 280.0000 1.5722 1.6538 3.9419 -5.9863 2.1169 16.3231 1.5708 0.9995
Car 0.0000 0.0000 0.0000 871.0000 144.0000 1077.0000 212.0000 1.5842 1.6814 4.2869 9.0409 0.8904 18.1415 0.0496 0.9993
Car 0.0000 0.0000 0.0000 676.0000 176.0000 738.0000 226.0000 1.5094 1.6152 3.8154 3.1778 1.6072 24.0867 1.5708 0.9989
Car 0.0000 0.0000 0.0000 -570.0000 233.0000 164.0000 559.0000 1.4982 1.6390 4.1846 -5.9188 2.1669 6.1504 1.5395 0.9989
Car 0.0000 0.0000 0.0000 809.0000 163.0000 933.0000 212.0000 1.5042 1.6185 3.9474 8.5960 1.1628 23.6082 -0.5086 0.9989
Car 0.0000 0.0000 0.0000 898.0000 151.0000 969.0000 208.0000 1.4635 1.5925 3.9519 9.3408 0.8808 20.6194 -1.0808 0.9984
Car 0.0000 0.0000 0.0000 663.0000 175.0000 708.0000 214.0000 1.5123 1.6046 3.7353 3.0550 1.5546 29.4876 1.5708 0.9978
Car 0.0000 0.0000 0.0000 768.0000 155.0000 824.0000 192.0000 1.5165 1.6041 3.7326 8.2109 0.7628 31.8824 1.5708 0.9816
