Car 0.0000 0.0000 0.0000 720.0000 194.0000 925.0000 346.0000 1.5404 1.6434 3.8122 2.5561 1.8615 9.6713 1.5708 0.9997
Car 0.0000 0.0000 0.0000 244.0000 193.0000 469.0000 345.0000 1.5287 1.6378 3.8678 -3.1129 1.8309 9.6088 1.5698 0.9997
Car 0.0000 0.0000 0.0000 487.0000 191.0000 551.0000 247.0000 1.5330 1.6338 3.7332 -2.7610 2.0992 22.5656 1.5470 0.9996
Car 0.0000 0.0000 0.0000 633.0000 190.0000 668.0000 217.0000 1.5174 1.6331 3.8038 2.5597 2.4998 43.3119 -1.3909 0.9996
Car 0.0000 0.0000 0.0000 562.0000 185.0000 589.0000 204.0000 1.5147 1.6445 3.9927 -2.7144 2.4362 60.2412 -1.4487 0.9995
Car 0.0000 0.0000 0.0000 666.0000 186.0000 748.0000 248.0000 1.5265 1.6218 3.7134 2.6158 1.8914 20.1503 1.5333 0.9994
Car 0.0000 0.0000 0.0000 695.0000 184.0000 808.0000 269.0000 1.5046 1.5899 3.6391 2.7982 1.7376 14.9827 1.5624 0.9992
Car 0.0000 0.0000 0.0000 657.0000 179.0000 722.0000 227.0000 1.5104 1.6189 3.8519 2.6728 1.7087 24.9046 1.5218 0.9988
Car 0.0000 0.0000 0.0000 526.0000 187.0000 570.0000 223.0000 1.5058 1.6273 3.9572 -2.7628 2.1537 33.3422 1.5708 0.9987
Car 0.0000 0.0000 0.0000 -507.0000 200.0000 384.0000 707.0000 1.4939 1.6289 4.1208 -2.8551 1.7190 4.3790 1.5575 0.9987
