Car 0.0000 0.0000 0.0000 224.0000 180.0000 399.0000 281.0000 1.5341 1.6153 3.5646 -5.1429 1.6500 12.8704 1.5708 0.9997
Car 0.0000 0.0000 0.0000 -699.0000 204.0000 230.0000 648.0000 1.5266 1.6340 3.9052 -4.2926 1.7983 4.7106 1.5164 0.9996
Car 0.0000 0.0000 0.0000 170.0000 180.0000 282.0000 233.0000 1.5046 1.6274 3.9145 -11.9054 1.7060 22.6219 1.5056 0.9995
Car 0.0000 0.0000 0.0000 579.0000 174.0000 619.0000 211.0000 1.5063 1.6460 4.0828 -0.5232 1.5494 32.1783 1.5225 0.9995
Car 0.0000 0.0000 0.0000 -3.0000 187.0000 227.0000 291.0000 1.5243 1.6348 3.9821 -8.7062 1.7972 13.0166 1.5035 0.9993
Car 0.0000 0.0000 0.0000 281.0000 175.0000 382.0000 231.0000 1.5107 1.6042 3.7645 -8.2773 1.5655 21.7159 1.5647 0.9975
Car 0.0000 0.0000 0.0000 351.0000 180.0000 415.0000 221.0000 1.5096 1.6194 3.8711 -8.9359 1.7657 28.7219 1.4905 0.9968
Car 0.0000 0.0000 0.0000 443.0000 161.0000 521.0000 225.0000 1.9969 1.8039 4.7253 -4.3269 1.6166 25.1688 1.5708 0.9966
Car 0.0000 0.0000 0.0000 505.0000 175.0000 536.0000 203.0000 1.4932 1.6046 3.9638 -4.9029 1.5692 40.1665 1.4631 0.9919
Car 0.0000 0.0000 0.0000 410.0000 160.0000 499.0000 240.0000 2.0435 1.7753 4.2244 -4.3517 1.7104 20.7554 1.5398 0.9675
