Car 0.0000 0.0000 0.0000 344.0000 188.0000 530.0000 321.0000 1.5568 1.6706 4.1382 -2.3752 1.8062 10.8669 1.5708 0.9998
Car 0.0000 0.0000 0.0000 562.0000 181.0000 608.0000 224.0000 1.5031 1.6166 4.0127 -0.8726 1.7919 27.9121 1.5708 0.9984
Car 0.0000 0.0000 0.0000 490.0000 186.0000 571.0000 217.0000 1.5058 1.6196 3.9186 -3.9722 2.1538 36.9605 0.0487 0.9981
Car 0.0000 0.0000 0.0000 353.0000 164.0000 383.0000 186.0000 1.5652 1.6554 4.0979 -17.7380 0.8857 53.2174 1.3676 0.9926
Car 0.0000 0.0000 0.0000 243.0000 152.0000 330.0000 210.0000 1.9666 1.8018 4.5808 -11.9116 1.2218 26.8861 1.4196 0.9875
Car 0.0000 0.0000 0.0000 239.0000 167.0000 273.0000 186.0000 1.5444 1.6154 3.8685 -29.7809 0.9667 60.8668 1.3793 0.9849
Car 0.0000 0.0000 0.0000 404.0000 177.0000 431.0000 194.0000 1.4942 1.5957 3.8696 -17.2261 1.7399 64.9945 1.5166 0.9837
Car 0.0000 0.0000 0.0000 639.0000 177.0000 675.0000 206.0000 1.4936 1.6162 4.0275 2.6093 1.6609 39.7791 1.5465 0.9738
Car 0.0000 0.0000 0.0000 545.0000 180.0000 568.0000 199.0000 1.4955 1.6079 3.9344 -4.2294 1.9592 58.6520 1.5544 0.9728
Car 0.0000 0.0000 0.0000 -40.0000 173.0000 67.0000 210.0000 1.5674 1.6262 3.9293 -26.9574 1.5541 32.7268 1.5708 0.9697
Car 0.0000 0.0000 0.0000 524.0000 182.0000 546.0000 202.0000 1.4959 1.6150 3.9440 -5.6234 2.0873 55.3492 1.4916 0.9687
Car 0.0000 0.0000 0.0000 39.0000 166.0000 110.0000 196.0000 1.5385 1.6171 3.8878 -28.9597 1.1437 39.1476 1.3670 0.9685
Car 0.0000 0.0000 0.0000 -1750.0000 195.0000 -1152.0000 290.0000 1.5585 1.6876 4.0807 -41.2209 2.0309 14.6998 1.0917 0.9661
Car 0.0000 0.0000 0.0000 -826.0000 190.0000 -584.0000 247.0000 1.5586 1.6876 4.0805 -41.2187 2.0910 22.7447 1.0917 0.9655
Car 0.0000 0.0000 0.0000 -7.0000 184.0000 39.0000 208.0000 1.5587 1.6876 4.0802 -41.2112 2.2957 50.0984 1.0917 0.9647
Car 0.0000 0.0000 0.0000 -553.0000 188.0000 -391.0000 234.0000 1.5589 1.6875 4.0798 -41.2173 2.1267 27.5709 1.0917 0.9636
Car 0.0000 0.0000 0.0000 -7.0000 114.0000 195.0000 189.0000 1.5469 1.6423 3.9184 -12.0061 0.3224 17.0650 -1.4241 0.9606
