Car 0.0000 0.0000 0.0000 685.0000 180.0000 801.0000 266.0000 1.5311 1.6509 3.9550 2.5906 1.6620 14.9464 1.5708 0.9998
Car 0.0000 0.0000 0.0000 119.0000 192.0000 320.0000 260.0000 1.4509 1.6095 3.8499 -9.0446 1.9010 16.8389 0.0271 0.9997
Car 0.0000 0.0000 0.0000 411.0000 183.0000 491.0000 240.0000 1.5125 1.6266 3.7943 -4.6581 1.8123 21.5587 1.5479 0.9997
Car 0.0000 0.0000 0.0000 793.0000 184.0000 1112.0000 383.0000 1.5204 1.5957 3.4548 3.0874 1.6404 7.3551 1.5708 0.9996
Car 0.0000 0.0000 0.0000 932.0000 186.0000 4348.0000 1792.0000 1.5170 1.6249 3.8495 2.7895 1.5865 2.6368 1.5708 0.9995
Car 0.0000 0.0000 0.0000 671.0000 179.0000 754.0000 237.0000 1.5255 1.6198 3.7674 2.9196 1.6861 21.1623 1.4964 0.9991
Car 0.0000 0.0000 0.0000 455.0000 183.0000 515.0000 228.0000 1.5010 1.6122 3.8757 -4.5882 1.8740 27.0741 1.5615 0.9983
Car 0.0000 0.0000 0.0000 537.0000 179.0000 555.0000 195.0000 1.5145 1.6397 4.0051 -5.9204 1.9554 67.8760 1.4666 0.9980
Car 0.0000 0.0000 0.0000 653.0000 178.0000 702.0000 217.0000 1.5069 1.6060 3.8372 2.7530 1.6711 29.8063 1.5556 0.9969
Car 0.0000 0.0000 0.0000 644.0000 162.0000 679.0000 195.0000 1.8477 1.7459 4.5072 3.0900 1.2033 42.8847 1.5708 0.9931
Car 0.0000 0.0000 0.0000 623.0000 177.0000 642.0000 194.0000 1.5183 1.6146 3.8655 2.1273 1.7935 65.3044 1.5708 0.9864
Car 0.0000 0.0000 0.0000 -1658.0000 197.0000 145.0000 933.0000 1.5198 1.6082 3.8443 -4.3319 1.6878 3.5355 1.5407 0.9705
