Car 0.0000 0.0000 0.0000 585.0000 179.0000 675.0000 251.0000 1.5336 1.6147 3.4405 0.3774 1.6675 17.3482 1.4339 0.9998
Car 0.0000 0.0000 0.0000 479.0000 180.0000 528.0000 225.0000 1.5264 1.6344 3.7560 -3.8346 1.7635 26.6062 1.4644 0.9998
Car 0.0000 0.0000 0.0000 16.0000 184.0000 272.0000 322.0000 1.5280 1.6193 3.5903 -6.1705 1.6808 10.0070 1.4352 0.9997
Car 0.0000 0.0000 0.0000 251.0000 181.0000 375.0000 257.0000 1.5223 1.6093 3.5325 -6.6458 1.6977 16.4743 1.4977 0.9996
Car 0.0000 0.0000 0.0000 335.0000 182.0000 399.0000 231.0000 1.5263 1.6169 3.6246 -8.1615 1.8037 24.4732 1.3742 0.9995
Car 0.0000 0.0000 0.0000 533.0000 180.0000 555.0000 199.0000 1.5167 1.6301 3.8291 -5.1711 1.9804 58.0406 1.5058 0.9995
Car 0.0000 0.0000 0.0000 224.0000 181.0000 320.0000 229.0000 1.5137 1.6153 3.7393 -11.5464 1.7645 24.9131 1.5530 0.9993
Car 0.0000 0.0000 0.0000 397.0000 180.0000 438.0000 212.0000 1.5022 1.6175 3.8853 -9.7486 1.8257 36.8054 1.4179 0.9990
Car 0.0000 0.0000 0.0000 292.0000 171.0000 344.0000 207.0000 1.6319 1.6643 4.0484 -13.9118 1.5145 34.5456 1.3487 0.9971
Car 0.0000 0.0000 0.0000 -9.0000 177.0000 183.0000 260.0000 1.5074 1.6280 4.0300 -10.8553 1.5827 15.2822 1.4252 0.9966
Car 0.0000 0.0000 0.0000 465.0000 183.0000 514.0000 216.0000 1.5023 1.6297 4.0468 -5.8951 1.9648 35.8074 1.5708 0.9950
Car 0.0000 0.0000 0.0000 441.0000 181.0000 468.0000 199.0000 1.5061 1.6110 3.9049 -12.8853 2.0662 60.5125 1.5193 0.9938
Car 0.0000 0.0000 0.0000 -4.0000 126.0000 143.0000 182.0000 1.5475 1.6132 3.8006 -16.2772 0.2351 21.9273 1.5708 0.9732
