Car 0.0000 0.0000 0.0000 467.0000 167.0000 550.0000 237.0000 1.6977 1.7404 4.4543 -2.6634 1.5612 19.8842 1.5511 0.9998
Car 0.0000 0.0000 0.0000 775.0000 178.0000 953.0000 300.0000 1.5255 1.5845 3.3135 3.5752 1.6014 10.7730 1.5708 0.9997
Car 0.0000 0.0000 0.0000 204.0000 187.0000 472.0000 355.0000 1.5198 1.6098 3.6007 -2.9231 1.6962 8.4981 1.5708 0.9996
Car 0.0000 0.0000 0.0000 930.0000 199.0000 1451.0000 523.0000 1.5370 1.6487 3.8763 3.8473 1.7980 5.7367 -1.3552 0.9995
Car 0.0000 0.0000 0.0000 663.0000 173.0000 698.0000 202.0000 1.5186 1.6273 3.9282 3.9629 1.4783 40.3757 1.5708 0.9988
Car 0.0000 0.0000 0.0000 691.0000 179.0000 757.0000 229.0000 1.5198 1.6288 3.9095 3.6759 1.6843 23.7396 1.5708 0.9987
Car 0.0000 0.0000 0.0000 552.0000 179.0000 582.0000 206.0000 1.4997 1.6159 3.9602 -2.4414 1.7800 41.4795 1.5012 0.9979
Car 0.0000 0.0000 0.0000 -3084.0000 215.0000 256.0000 1865.0000 1.5055 1.6033 3.8256 -3.1170 1.7588 2.6571 1.5708 0.9972
Car 0.0000 0.0000 0.0000 720.0000 181.0000 822.0000 249.0000 1.5104 1.6020 3.7033 3.9408 1.6969 18.1833 1.5363 0.9961
Car 0.0000 0.0000 0.0000 668.0000 178.0000 703.0000 210.0000 1.5019 1.6106 3.9029 3.7682 1.7067 35.6796 -1.4719 0.9930
Car 0.0000 0.0000 0.0000 656.0000 178.0000 684.0000 203.0000 1.4937 1.5985 3.8417 3.9250 1.7387 45.6097 -1.4416 0.9798
