Car 0.0000 0.0000 0.0000 645.0000 175.0000 675.0000 200.0000 1.5448 1.6471 4.1944 3.3238 1.6213 47.1553 1.5708 0.9980
Car 0.0000 0.0000 0.0000 862.0000 160.0000 906.0000 185.0000 1.8053 1.7575 4.3824 20.4098 0.8087 53.5070 1.5708 0.9979
Car 0.0000 0.0000 0.0000 589.0000 169.0000 618.0000 195.0000 1.4972 1.6128 3.9937 -0.3730 1.2206 43.8372 1.5238 0.9962
Car 0.0000 0.0000 0.0000 547.0000 180.0000 569.0000 199.0000 1.4954 1.6024 3.9220 -4.1429 1.9549 59.0320 1.5482 0.9957
Car 0.0000 0.0000 0.0000 54.0000 185.0000 132.0000 217.0000 1.4961 1.6054 3.9929 -25.9601 2.0744 36.3561 1.4079 0.9956
Car 0.0000 0.0000 0.0000 361.0000 186.0000 407.0000 212.0000 1.4908 1.6059 3.9788 -13.8864 2.2756 44.6717 1.5680 0.9937
Car 0.0000 0.0000 0.0000 511.0000 177.0000 536.0000 196.0000 1.4923 1.6077 3.9843 -6.8788 1.7689 58.5560 1.5550 0.9911
Car 0.0000 0.0000 0.0000 637.0000 169.0000 663.0000 190.0000 1.5199 1.6136 3.9598 3.0859 1.1538 54.0001 1.5548 0.9899
Car 0.0000 0.0000 0.0000 566.0000 175.0000 585.0000 192.0000 1.4923 1.5940 3.8646 -2.9778 1.6138 65.7571 1.5708 0.9873
Car 0.0000 0.0000 0.0000 203.0000 177.0000 240.0000 198.0000 1.4929 1.5838 3.8105 -29.1063 1.7581 54.1926 1.3027 0.9868
Car 0.0000 0.0000 0.0000 634.0000 171.0000 655.0000 189.0000 1.5373 1.6332 4.0882 3.1060 1.2788 63.0406 1.5594 0.9788
Car 0.0000 0.0000 0.0000 -31.0000 193.0000 53.0000 225.0000 1.5052 1.6168 3.9428 -31.6116 2.5692 38.1745 1.4376 0.9694
Car 0.0000 0.0000 0.0000 825.0000 172.0000 855.0000 188.0000 1.5477 1.6622 4.1662 23.0869 1.3462 71.8308 1.5708 0.9675
Car 0.0000 0.0000 0.0000 -1750.0000 195.0000 -1152.0000 290.0000 1.5585 1.6876 4.0807 -41.2209 2.0309 14.6998 1.0917 0.9661
Car 0.0000 0.0000 0.0000 -826.0000 190.0000 -584.0000 247.0000 1.5586 1.6876 4.0805 -41.2187 2.0910 22.7447 1.0917 0.9655
Car 0.0000 0.0000 0.0000 -553.0000 188.0000 -391.0000 234.0000 1.5589 1.6875 4.0800 -41.2173 2.1268 27.5711 1.0917 0.9640
Car 0.0000 0.0000 0.0000 87.0000 194.0000 149.0000 220.0000 1.5110 1.6238 3.8187 -31.7412 2.8384 46.6802 1.4938 0.9632
Car 0.0000 0.0000 0.0000 179.0000 188.0000 216.0000 208.0000 1.5066 1.6029 3.7555 -32.4469 2.6252 56.8892 1.3350 0.9618
Car 0.0000 0.0000 0.0000 905.0000 170.0000 935.0000 186.0000 1.5222 1.6336 4.0470 30.9955 1.1824 71.6759 -1.4344 0.9616
