Car 0.0000 0.0000 0.0000 189.0000 190.0000 366.0000 298.0000 1.5340 1.6567 3.9885 -5.6857 1.8617 12.8267 1.4700 0.9998
Car 0.0000 0.0000 0.0000 395.0000 188.0000 447.0000 231.0000 1.5165 1.6633 4.1240 -7.4860 2.1270 28.8805 1.3973 0.9998
Car 0.0000 0.0000 0.0000 687.0000 184.0000 864.0000 303.0000 1.5277 1.6411 3.9522 2.3897 1.7049 11.4780 1.4985 0.9996
Car 0.0000 0.0000 0.0000 603.0000 183.0000 663.0000 235.0000 1.5316 1.6015 3.3424 0.7045 1.8447 23.4994 1.4987 0.9996
Car 0.0000 0.0000 0.0000 574.0000 180.0000 610.0000 214.0000 1.5169 1.6048 3.5458 -0.8220 1.7995 33.7470 1.5322 0.9994
Car 0.0000 0.0000 0.0000 832.0000 187.0000 1718.0000 670.0000 1.5077 1.6137 3.8203 2.7461 1.6128 4.2643 1.5348 0.9993
Car 0.0000 0.0000 0.0000 701.0000 176.0000 829.0000 226.0000 1.4743 1.6076 3.8156 5.0042 1.5749 23.2077 -0.4289 0.9972
Car 0.0000 0.0000 0.0000 -78.0000 195.0000 272.0000 403.0000 1.5151 1.5834 3.5089 -4.8900 1.7808 7.4367 1.4045 0.9930
Car 0.0000 0.0000 0.0000 552.0000 182.0000 577.0000 206.0000 1.5045 1.6171 3.9870 -3.0226 2.0803 49.2136 1.5114 0.9895
Car 0.0000 0.0000 0.0000 442.0000 181.0000 485.0000 211.0000 1.5112 1.6108 3.8342 -7.5665 1.8640 37.7822 1.5391 0.9792
