Car 0.0000 0.0000 0.0000 8.0000 187.0000 312.0000 282.0000 1.5060 1.6931 4.3122 -7.7688 1.7604 12.6551 0.0283 0.9999
Car 0.0000 0.0000 0.0000 746.0000 183.0000 1046.0000 288.0000 1.4751 1.6618 4.0727 4.3366 1.6481 11.3815 -0.0086 0.9998
Car 0.0000 0.0000 0.0000 194.0000 181.0000 316.0000 251.0000 1.5160 1.6148 3.8191 -8.7819 1.7110 17.6342 0.8116 0.9996
Car 0.0000 0.0000 0.0000 211.0000 174.0000 386.0000 232.0000 1.5284 1.6624 4.1906 -8.6034 1.5545 20.1061 0.0351 0.9994
Car 0.0000 0.0000 0.0000 458.0000 180.0000 486.0000 203.0000 1.5202 1.6243 3.8394 -9.5681 1.9791 50.3263 1.3033 0.9991
Car 0.0000 0.0000 0.0000 -334.0000 195.0000 124.0000 370.0000 1.5115 1.6107 3.8532 -7.4543 1.7594 7.5701 0.2239 0.9982
Car 0.0000 0.0000 0.0000 1078.0000 179.0000 1126.0000 218.0000 1.5094 1.5781 3.4422 21.0406 1.7584 30.6819 -0.9447 0.9959
Car 0.0000 0.0000 0.0000 718.0000 195.0000 957.0000 282.0000 1.5019 1.6373 4.0724 4.1620 1.9338 13.7455 0.0914 0.9936
Car 0.0000 0.0000 0.0000 294.0000 175.0000 347.0000 224.0000 1.6265 1.6722 4.2031 -10.6013 1.6948 26.5345 1.2077 0.9909
Car 0.0000 0.0000 0.0000 1171.0000 188.0000 1245.0000 230.0000 1.5105 1.6314 3.9224 23.7492 2.0962 28.6723 -1.0414 0.9606
