Car 0.0000 0.0000 0.0000 752.0000 165.0000 896.0000 215.0000 1.4853 1.6555 4.1699 6.6149 1.2526 22.5667 0.2227 0.9997
Car 0.0000 0.0000 0.0000 -938.0000 190.0000 311.0000 831.0000 1.5131 1.6228 3.9313 -3.1732 1.6382 3.7825 1.5277 0.9992
Car 0.0000 0.0000 0.0000 1086.0000 178.0000 1209.0000 213.0000 1.4298 1.6529 4.0136 23.3594 1.6218 31.3349 0.0565 0.9888
Car 0.0000 0.0000 0.0000 515.0000 177.0000 542.0000 197.0000 1.5017 1.6200 3.9777 -6.4715 1.7959 58.3858 1.5708 0.9854
Car 0.0000 0.0000 0.0000 486.0000 179.0000 519.0000 202.0000 1.4879 1.6231 4.1771 -7.2425 1.8245 49.4728 1.5708 0.9823
Car 0.0000 0.0000 0.0000 734.0000 174.0000 757.0000 193.0000 1.4965 1.6031 3.8867 10.9055 1.4950 57.5820 -1.4249 0.9819
Car 0.0000 0.0000 0.0000 -36.0000 190.0000 40.0000 222.0000 1.4932 1.6040 3.9688 -32.2002 2.3990 38.2797 1.2976 0.9745
Car 0.0000 0.0000 0.0000 90.0000 189.0000 142.0000 213.0000 1.5049 1.5986 3.8309 -33.6271 2.5549 49.2493 1.3565 0.9677
Car 0.0000 0.0000 0.0000 -40.0000 184.0000 88.0000 231.0000 1.5081 1.5979 3.8296 -20.9984 1.9046 25.9974 1.5381 0.9653
Car 0.0000 0.0000 0.0000 508.0000 173.0000 527.0000 191.0000 1.5302 1.6110 3.7856 -7.9479 1.4647 62.6593 1.4362 0.9610
