Car 0.0000 0.0000 0.0000 758.0000 176.0000 939.0000 287.0000 1.5212 1.6246 3.6805 3.6947 1.5741 11.8927 1.5342 0.9998
Car 0.0000 0.0000 0.0000 173.0000 191.0000 403.0000 317.0000 1.5275 1.6593 4.0657 -4.7198 1.8300 11.2113 1.5708 0.9997
Car 0.0000 0.0000 0.0000 871.0000 184.0000 1384.0000 449.0000 1.5337 1.6315 3.7973 3.7485 1.6455 6.1933 1.5625 0.9995
Car 0.0000 0.0000 0.0000 417.0000 183.0000 493.0000 239.0000 1.5252 1.6394 3.9729 -4.6124 1.8108 21.9551 1.5239 0.9994
Car 0.0000 0.0000 0.0000 349.0000 185.0000 470.0000 260.0000 1.5123 1.6511 4.2761 -4.5860 1.8019 17.0928 1.5708 0.9992
Car 0.0000 0.0000 0.0000 715.0000 178.0000 834.0000 253.0000 1.5300 1.6309 3.8154 3.6939 1.6433 16.8624 1.4950 0.9989
Car 0.0000 0.0000 0.0000 698.0000 181.0000 774.0000 235.0000 1.4932 1.6074 3.8755 3.7786 1.7212 22.1438 1.5652 0.9984
Car 0.0000 0.0000 0.0000 689.0000 176.0000 746.0000 219.0000 1.5080 1.5981 3.7213 4.0698 1.5932 27.5535 1.5708 0.9981
Car 0.0000 0.0000 0.0000 744.0000 172.0000 793.0000 190.0000 1.5120 1.6415 4.0793 13.9101 1.3276 62.8858 0.1791 0.9950
Car 0.0000 0.0000 0.0000 683.0000 172.0000 720.0000 202.0000 1.5037 1.5963 3.7924 4.9567 1.4293 38.8492 1.5708 0.9806
Car 0.0000 0.0000 0.0000 508.0000 178.0000 555.0000 208.0000 1.4805 1.5969 3.8470 -4.0074 1.6917 37.9557 -1.4447 0.9729
