Car 0.0000 0.0000 0.0000 548.0000 169.0000 717.0000 330.0000 1.5177 1.6002 3.5048 0.2976 1.4889 8.5950 1.5708 0.9997
Car 0.0000 0.0000 0.0000 689.0000 175.0000 757.0000 220.0000 1.5633 1.6787 4.1660 4.2858 1.6255 27.6452 1.5047 0.9996
Car 0.0000 0.0000 0.0000 -891.0000 198.0000 311.0000 799.0000 1.5099 1.6338 3.9714 -3.3103 1.6984 3.9340 1.5658 0.9993
Car 0.0000 0.0000 0.0000 470.0000 169.0000 523.0000 219.0000 1.5775 1.6699 4.0541 -3.8413 1.4284 25.0449 1.4532 0.9992
Car 0.0000 0.0000 0.0000 678.0000 171.0000 715.0000 206.0000 1.6348 1.6813 4.1254 4.2720 1.4972 35.6430 -1.4821 0.9991
Car 0.0000 0.0000 0.0000 286.0000 130.0000 482.0000 299.0000 2.1698 1.8789 4.8934 -3.3805 1.6194 11.7823 1.5245 0.9990
Car 0.0000 0.0000 0.0000 418.0000 178.0000 510.0000 245.0000 1.5170 1.6263 3.8691 -3.5736 1.6194 18.2158 1.5460 0.9989
Car 0.0000 0.0000 0.0000 724.0000 154.0000 880.0000 261.0000 1.6490 1.6861 4.2162 3.2964 1.3567 13.2288 1.5637 0.9974
Car 0.0000 0.0000 0.0000 590.0000 165.0000 658.0000 229.0000 1.5323 1.6470 4.0730 0.3059 1.3273 19.4703 1.5540 0.9971
Car 0.0000 0.0000 0.0000 772.0000 174.0000 1008.0000 323.0000 1.5154 1.5971 3.5917 3.2515 1.5394 9.1772 1.5708 0.9970
Car 0.0000 0.0000 0.0000 164.0000 181.0000 195.0000 199.0000 1.5106 1.6094 3.8348 -38.1896 2.1773 64.0972 1.2324 0.9926
Car 0.0000 0.0000 0.0000 254.0000 172.0000 303.0000 196.0000 1.5190 1.6274 4.1370 -21.5208 1.4096 47.0358 1.4858 0.9859
Car 0.0000 0.0000 0.0000 225.0000 181.0000 261.0000 200.0000 1.4958 1.5942 3.8588 -31.1979 2.1173 61.5211 1.4185 0.9818
Car 0.0000 0.0000 0.0000 202.0000 181.0000 240.0000 199.0000 1.4884 1.5953 3.9728 -33.5458 2.1029 62.3938 1.4236 0.9703
