Car 0.0000 0.0000 0.0000 586.0000 177.0000 665.0000 252.0000 1.5474 1.6232 3.3977 0.2681 1.6332 16.6965 1.5425 0.9999
Car 0.0000 0.0000 0.0000 365.0000 182.0000 477.0000 256.0000 1.5255 1.6425 3.8714 -4.3179 1.7200 17.0040 1.5679 0.9998
Car 0.0000 0.0000 0.0000 51.0000 184.0000 345.0000 345.0000 1.5348 1.6138 3.5378 -4.7086 1.6801 8.8080 1.5583 0.9997
Car 0.0000 0.0000 0.0000 334.0000 180.0000 412.0000 225.0000 1.4958 1.6311 4.0561 -8.4937 1.7059 26.1858 1.5344 0.9991
Car 0.0000 0.0000 0.0000 50.0000 182.0000 255.0000 276.0000 1.5145 1.5929 3.5429 -8.4036 1.6826 13.5825 1.5708 0.9990
Car 0.0000 0.0000 0.0000 303.0000 167.0000 378.0000 210.0000 1.8139 1.7446 4.4181 -12.1225 1.5400 32.7797 1.5657 0.9948
Car 0.0000 0.0000 0.0000 -231.0000 189.0000 66.0000 283.0000 1.4828 1.6116 4.0055 -13.0914 1.8154 13.9645 -1.4083 0.9944
Car 0.0000 0.0000 0.0000 466.0000 180.0000 528.0000 226.0000 1.5397 1.6663 4.2827 -4.0599 1.7664 26.6769 1.5610 0.9912
Car 0.0000 0.0000 0.0000 224.0000 179.0000 260.0000 198.0000 1.5099 1.6040 3.8011 -30.8343 1.9233 60.6239 1.3964 0.9904
Car 0.0000 0.0000 0.0000 220.0000 178.0000 290.0000 224.0000 1.4985 1.5850 3.7634 -12.5024 1.6501 25.5834 1.2911 0.9868
Car 0.0000 0.0000 0.0000 524.0000 183.0000 571.0000 220.0000 1.5098 1.6036 3.8290 -2.6482 1.9072 31.3858 1.5708 0.9708
Car 0.0000 0.0000 0.0000 -69.0000 186.0000 97.0000 249.0000 1.5116 1.5955 3.8054 -16.1129 1.8668 19.7132 1.5145 0.9697
