Car 0.0000 0.0000 0.0000 443.0000 176.0000 506.0000 224.0000 1.5467 1.6161 3.4269 -4.6496 1.6304 25.1871 1.5541 0.9998
Car 0.0000 0.0000 0.0000 329.0000 175.0000 450.0000 255.0000 1.5390 1.6186 3.5063 -4.6853 1.5787 15.7412 1.5497 0.9998
Car 0.0000 0.0000 0.0000 57.0000 187.0000 266.0000 281.0000 1.5238 1.6458 3.9840 -8.5693 1.8110 14.1913 1.5659 0.9996
Car 0.0000 0.0000 0.0000 579.0000 176.0000 614.0000 208.0000 1.5096 1.6248 3.8036 -0.6373 1.6484 36.3053 1.5472 0.9995
Car 0.0000 0.0000 0.0000 -204.0000 185.0000 319.0000 446.0000 1.5304 1.6256 3.7987 -4.1539 1.6520 6.2481 1.5708 0.9995
Car 0.0000 0.0000 0.0000 189.0000 180.0000 300.0000 229.0000 1.5064 1.6295 4.0835 -12.2448 1.7263 24.4570 1.5708 0.9987
Car 0.0000 0.0000 0.0000 298.0000 178.0000 386.0000 230.0000 1.5021 1.6072 3.8390 -8.4394 1.6372 22.9905 1.5037 0.9984
Car 0.0000 0.0000 0.0000 479.0000 180.0000 517.0000 215.0000 1.5005 1.5933 3.8008 -5.0643 1.7658 33.1895 1.4581 0.9939
Car 0.0000 0.0000 0.0000 436.0000 174.0000 474.0000 200.0000 1.4964 1.5901 3.7469 -9.4055 1.5109 44.2558 1.5380 0.9934
Car 0.0000 0.0000 0.0000 508.0000 166.0000 546.0000 206.0000 2.0911 1.8202 4.7527 -4.6195 1.6985 40.9952 1.5224 0.9916
Car 0.0000 0.0000 0.0000 363.0000 180.0000 403.0000 208.0000 1.4985 1.6010 3.8454 -12.9782 1.8649 41.5409 1.4309 0.9810
Car 0.0000 0.0000 0.0000 477.0000 162.0000 510.0000 187.0000 1.9242 1.7958 4.5937 -9.4158 1.0067 59.2807 1.5708 0.9732
