Car 0.0000 0.0000 0.0000 -33.0000 191.0000 330.0000 310.0000 1.4630 1.6431 4.0087 -6.2450 1.7263 9.9816 0.0188 0.9999
Car 0.0000 0.0000 0.0000 799.0000 190.0000 1324.0000 494.0000 1.5362 1.6382 3.8419 2.8975 1.7006 5.7642 1.5240 0.9997
Car 0.0000 0.0000 0.0000 362.0000 167.0000 493.0000 212.0000 1.5728 1.7035 4.3994 -6.6628 1.3405 26.6664 0.0280 0.9996
Car 0.0000 0.0000 0.0000 147.0000 193.0000 420.0000 291.0000 1.5487 1.6513 4.0887 -5.6277 1.9123 12.6267 0.0901 0.9996
Car 0.0000 0.0000 0.0000 631.0000 177.0000 664.0000 204.0000 1.5397 1.6505 4.1475 2.3167 1.7502 43.7815 1.5392 0.9993
Car 0.0000 0.0000 0.0000 -1462.0000 89.0000 216.0000 847.0000 1.8661 1.7544 4.3993 -4.3175 1.6819 3.9802 1.5708 0.9987
Car 0.0000 0.0000 0.0000 442.0000 180.0000 522.0000 210.0000 1.5381 1.6288 3.9757 -6.8438 1.9025 38.9811 0.0649 0.9982
Car 0.0000 0.0000 0.0000 373.0000 173.0000 472.0000 228.0000 1.6243 1.6535 4.1021 -5.9909 1.6277 23.5261 -1.4218 0.9969
Car 0.0000 0.0000 0.0000 202.0000 180.0000 407.0000 258.0000 1.5067 1.5856 3.6679 -6.3402 1.6532 15.0615 0.1679 0.9965
Car 0.0000 0.0000 0.0000 717.0000 175.0000 794.0000 212.0000 1.4931 1.5922 3.8175 6.3035 1.5650 31.3636 1.2623 0.9950
Car 0.0000 0.0000 0.0000 612.0000 175.0000 639.0000 196.0000 1.4957 1.6010 3.8787 1.2889 1.5720 52.8297 -1.4437 0.9934
Car 0.0000 0.0000 0.0000 495.0000 181.0000 530.0000 206.0000 1.4975 1.5970 3.9051 -6.2297 1.9921 46.9522 1.5708 0.9653
