Car 0.0000 0.0000 0.0000 46.0000 195.0000 337.0000 343.0000 1.6278 1.7061 4.2652 -5.7494 1.9983 10.5762 1.5708 0.9998
Car 0.0000 0.0000 0.0000 753.0000 179.0000 983.0000 318.0000 1.5317 1.6582 4.1051 3.2822 1.6157 10.1228 1.5494 0.9998
Car 0.0000 0.0000 0.0000 696.0000 181.0000 772.0000 243.0000 1.5370 1.6387 3.8250 3.3661 1.7569 20.1105 1.5708 0.9997
Car 0.0000 0.0000 0.0000 411.0000 183.0000 486.0000 230.0000 1.5161 1.6422 4.0419 -5.5904 1.8341 25.4718 1.5708 0.9996
Car 0.0000 0.0000 0.0000 283.0000 191.0000 422.0000 269.0000 1.5042 1.6205 3.8905 -5.7142 1.9348 16.4688 1.5708 0.9995
Car 0.0000 0.0000 0.0000 487.0000 181.0000 527.0000 209.0000 1.5050 1.6295 3.9991 -5.7087 1.9014 40.5497 1.5708 0.9991
Car 0.0000 0.0000 0.0000 873.0000 200.0000 1614.0000 605.0000 1.5135 1.6091 3.7582 3.2111 1.7518 4.7870 1.5708 0.9983
Car 0.0000 0.0000 0.0000 673.0000 178.0000 735.0000 224.0000 1.5040 1.6040 3.7947 3.3177 1.6538 25.7984 1.5443 0.9974
Car 0.0000 0.0000 0.0000 657.0000 177.0000 697.0000 210.0000 1.5132 1.6053 3.8009 3.2087 1.6517 34.6669 1.5708 0.9907
Car 0.0000 0.0000 0.0000 659.0000 173.0000 693.0000 202.0000 1.5154 1.5905 3.6737 3.7131 1.5028 40.2632 1.5708 0.9707
Car 0.0000 0.0000 0.0000 510.0000 179.0000 547.0000 203.0000 1.4928 1.6065 3.8896 -5.0856 1.7937 45.9601 -1.4756 0.9703
