Car 0.0000 0.0000 0.0000 664.0000 182.0000 730.0000 230.0000 1.5168 1.6502 3.9582 3.0006 1.8156 25.3752 1.5297 0.9998
Car 0.0000 0.0000 0.0000 462.0000 180.0000 534.0000 238.0000 1.5262 1.6166 3.5308 -3.1852 1.7112 21.0970 1.5604 0.9998
Car 0.0000 0.0000 0.0000 -120.0000 184.0000 416.0000 476.0000 1.5158 1.6510 4.0547 -3.0687 1.6208 5.8673 1.5708 0.9997
Car 0.0000 0.0000 0.0000 789.0000 182.0000 1264.0000 460.0000 1.5765 1.6364 3.7640 2.8789 1.6547 6.0715 1.5079 0.9997
Car 0.0000 0.0000 0.0000 567.0000 176.0000 589.0000 194.0000 1.5194 1.6319 3.8761 -2.6435 1.7363 63.2904 1.5708 0.9994
Car 0.0000 0.0000 0.0000 708.0000 183.0000 892.0000 302.0000 1.5300 1.6265 3.7794 2.7775 1.6983 11.4826 1.4819 0.9993
Car 0.0000 0.0000 0.0000 329.0000 182.0000 481.0000 289.0000 1.4990 1.5992 3.7475 -3.2912 1.6584 12.1890 1.5432 0.9984
Car 0.0000 0.0000 0.0000 649.0000 173.0000 676.0000 198.0000 1.5103 1.6221 3.8916 3.3782 1.4695 45.7468 1.5708 0.9983
Car 0.0000 0.0000 0.0000 494.0000 176.0000 550.0000 219.0000 1.4912 1.6298 4.2070 -3.4635 1.6078 27.9834 1.3191 0.9923
Car 0.0000 0.0000 0.0000 736.0000 144.0000 790.0000 182.0000 1.5540 1.6200 3.8906 6.7230 0.3290 31.8590 1.5708 0.9631
