Car 0.0000 0.0000 0.0000 316.0000 177.0000 482.0000 236.0000 1.5152 1.6496 4.0175 -5.6574 1.6149 19.5781 0.0472 0.9998
Car 0.0000 0.0000 0.0000 789.0000 175.0000 1042.0000 257.0000 1.5597 1.7136 4.4704 6.1558 1.6089 14.9084 0.0353 0.9998
Car 0.0000 0.0000 0.0000 238.0000 176.0000 441.0000 246.0000 1.5565 1.6794 4.2158 -6.3477 1.6305 17.1468 0.0556 0.9998
Car 0.0000 0.0000 0.0000 -225.0000 193.0000 295.0000 374.0000 1.4651 1.6255 3.8618 -5.3421 1.6838 6.9262 0.0849 0.9997
Car 0.0000 0.0000 0.0000 -44.0000 131.0000 377.0000 271.0000 1.5915 1.7021 4.4227 -5.5106 1.1273 9.2229 0.0526 0.9997
Car 0.0000 0.0000 0.0000 380.0000 179.0000 517.0000 226.0000 1.5160 1.6630 4.1750 -5.3464 1.6913 24.1593 0.0747 0.9996
Car 0.0000 0.0000 0.0000 779.0000 182.0000 1350.0000 520.0000 1.5586 1.6587 4.1715 2.6015 1.6359 5.4788 1.5616 0.9996
Car 0.0000 0.0000 0.0000 685.0000 180.0000 778.0000 214.0000 1.5030 1.6644 4.1753 5.7931 1.8329 34.4118 0.0343 0.9995
Car 0.0000 0.0000 0.0000 638.0000 177.0000 665.0000 200.0000 1.4996 1.6149 3.8911 2.8981 1.7122 48.9018 1.5708 0.9991
Car 0.0000 0.0000 0.0000 753.0000 180.0000 892.0000 229.0000 1.4646 1.6137 3.9038 6.5655 1.6584 22.5234 0.0771 0.9986
Car 0.0000 0.0000 0.0000 889.0000 174.0000 1243.0000 289.0000 1.5003 1.6323 3.9960 6.3264 1.5277 10.4378 0.1386 0.9968
Car 0.0000 0.0000 0.0000 519.0000 179.0000 556.0000 205.0000 1.4885 1.5911 3.8531 -4.2710 1.8119 43.6049 1.5708 0.9943
