Car 0.0000 0.0000 0.0000 639.0000 185.0000 758.0000 275.0000 1.5482 1.6216 3.4551 1.6484 1.7892 14.5501 1.4686 0.9999
Car 0.0000 0.0000 0.0000 241.0000 182.0000 379.0000 274.0000 1.5305 1.6200 3.5497 -5.7034 1.6990 14.0678 1.4430 0.9998
Car 0.0000 0.0000 0.0000 566.0000 181.0000 588.0000 201.0000 1.5243 1.6310 3.7596 -2.4666 2.0491 56.7130 1.5538 0.9998
Car 0.0000 0.0000 0.0000 524.0000 178.0000 574.0000 219.0000 1.5324 1.6021 3.4237 -2.3309 1.6917 28.6911 1.5708 0.9996
Car 0.0000 0.0000 0.0000 -538.0000 199.0000 207.0000 543.0000 1.5136 1.6436 4.0916 -4.9398 1.7721 5.5582 1.4640 0.9996
Car 0.0000 0.0000 0.0000 443.0000 179.0000 486.0000 207.0000 1.5045 1.6187 3.8420 -8.1560 1.8044 40.8879 1.5708 0.9994
Car 0.0000 0.0000 0.0000 303.0000 181.0000 383.0000 212.0000 1.4738 1.5953 3.7373 -13.4475 1.8723 36.5774 -0.3231 0.9994
Car 0.0000 0.0000 0.0000 126.0000 186.0000 268.0000 256.0000 1.5229 1.6305 3.8612 -10.2628 1.8489 18.2211 1.4906 0.9993
Car 0.0000 0.0000 0.0000 354.0000 182.0000 438.0000 242.0000 1.5113 1.5948 3.5781 -5.9579 1.7531 20.4266 1.4838 0.9990
Car 0.0000 0.0000 0.0000 392.0000 180.0000 455.0000 222.0000 1.5000 1.6134 3.8934 -7.2313 1.7500 28.3302 1.5354 0.9988
Car 0.0000 0.0000 0.0000 479.0000 182.0000 502.0000 200.0000 1.5117 1.6232 3.8584 -10.6110 2.2525 64.8545 1.5269 0.9981
Car 0.0000 0.0000 0.0000 508.0000 181.0000 546.0000 211.0000 1.4994 1.6215 4.0434 -4.2610 1.8643 38.0327 1.5550 0.9967
Car 0.0000 0.0000 0.0000 303.0000 178.0000 374.0000 220.0000 1.4999 1.5923 3.7799 -10.4034 1.6803 27.8848 1.4861 0.9878
Car 0.0000 0.0000 0.0000 631.0000 179.0000 660.0000 207.0000 1.5006 1.5970 3.8022 2.1159 1.7783 41.1560 1.5708 0.9676
Car 0.0000 0.0000 0.0000 388.0000 181.0000 423.0000 203.0000 1.4987 1.5888 3.8297 -14.3545 1.9714 50.9206 1.5138 0.9675
