Car 0.0000 0.0000 0.0000 126.0000 186.0000 312.0000 278.0000 1.5374 1.6574 4.0531 -7.6334 1.8063 14.4952 1.5361 0.9998
Car 0.0000 0.0000 0.0000 577.0000 180.0000 611.0000 211.0000 1.5309 1.6104 3.4669 -0.7610 1.8406 37.8518 1.5708 0.9998
Car 0.0000 0.0000 0.0000 308.0000 138.0000 471.0000 249.0000 1.5452 1.6017 3.4017 -3.4783 1.0614 11.8942 1.5708 0.9997
Car 0.0000 0.0000 0.0000 445.0000 182.0000 504.0000 227.0000 1.5405 1.6188 3.5560 -4.9471 1.8414 26.7397 1.5407 0.9997
Car 0.0000 0.0000 0.0000 434.0000 181.0000 477.0000 209.0000 1.5158 1.6351 3.9652 -8.7093 1.9292 41.1153 1.5653 0.9993
Car 0.0000 0.0000 0.0000 424.0000 183.0000 448.0000 203.0000 1.5121 1.6141 3.7512 -13.9175 2.2406 58.0742 1.3981 0.9992
Car 0.0000 0.0000 0.0000 104.0000 185.0000 237.0000 244.0000 1.5119 1.6233 3.8745 -12.7211 1.8589 21.1344 1.5477 0.9989
Car 0.0000 0.0000 0.0000 454.0000 183.0000 499.0000 199.0000 1.4820 1.6203 3.9291 -12.5923 2.3745 68.6011 0.0691 0.9987
Car 0.0000 0.0000 0.0000 320.0000 182.0000 394.0000 233.0000 1.4965 1.6114 3.9033 -8.0727 1.7575 23.2979 1.4069 0.9982
Car 0.0000 0.0000 0.0000 372.0000 182.0000 439.0000 219.0000 1.5045 1.6062 3.7985 -8.8154 1.8541 31.4511 1.5708 0.9961
Car 0.0000 0.0000 0.0000 483.0000 200.0000 511.0000 221.0000 1.5045 1.6316 3.9714 -9.0265 3.6592 58.4003 1.5704 0.9902
Car 0.0000 0.0000 0.0000 614.0000 180.0000 639.0000 199.0000 1.4950 1.6098 3.9754 1.5149 1.9736 58.1637 -1.4424 0.9862
Car 0.0000 0.0000 0.0000 633.0000 187.0000 655.0000 205.0000 1.4978 1.6079 3.8609 3.1268 2.6663 63.3408 -1.4280 0.9835
Car 0.0000 0.0000 0.0000 528.0000 183.0000 554.0000 205.0000 1.5056 1.6118 3.9288 -4.9118 2.2103 52.7724 1.5465 0.9812
Car 0.0000 0.0000 0.0000 241.0000 187.0000 321.0000 229.0000 1.4935 1.5957 3.9212 -12.8010 2.0106 28.2775 1.4955 0.9752
