Car 0.0000 0.0000 0.0000 338.0000 189.0000 434.0000 252.0000 1.5397 1.6630 4.0357 -6.2710 2.0111 20.5855 1.5173 0.9998
Car 0.0000 0.0000 0.0000 664.0000 174.0000 733.0000 224.0000 1.5124 1.6358 3.8754 2.8776 1.5325 23.9238 1.5255 0.9998
Car 0.0000 0.0000 0.0000 -8.0000 202.0000 103.0000 250.0000 1.5216 1.6490 3.8744 -20.9738 2.6591 27.0418 1.4097 0.9997
Car 0.0000 0.0000 0.0000 399.0000 191.0000 471.0000 239.0000 1.5238 1.6386 3.9313 -6.1740 2.1575 25.9193 1.5694 0.9995
Car 0.0000 0.0000 0.0000 452.0000 183.0000 495.0000 218.0000 1.4998 1.6393 4.1217 -6.3636 1.9432 34.1046 1.4727 0.9993
Car 0.0000 0.0000 0.0000 1101.0000 146.0000 1196.0000 182.0000 1.5491 1.6208 3.6757 24.6704 0.3574 33.0488 1.5708 0.9980
Car 0.0000 0.0000 0.0000 64.0000 188.0000 164.0000 234.0000 1.5112 1.6183 3.7967 -18.4591 2.0792 27.0267 1.4174 0.9972
Car 0.0000 0.0000 0.0000 480.0000 181.0000 515.0000 209.0000 1.4850 1.5912 3.8691 -6.2720 1.8702 40.8150 1.5194 0.9850
Car 0.0000 0.0000 0.0000 1174.0000 135.0000 1265.0000 171.0000 1.5538 1.6427 4.0170 28.9848 -0.1540 34.3507 -1.3386 0.9763
Car 0.0000 0.0000 0.0000 527.0000 181.0000 549.0000 198.0000 1.5101 1.5995 3.8139 -6.4629 2.1757 66.3246 1.5708 0.9707
Car 0.0000 0.0000 0.0000 451.0000 175.0000 478.0000 193.0000 1.5009 1.5992 3.9093 -12.7435 1.6211 63.8373 1.5708 0.9618
