Car 0.0000 0.0000 0.0000 567.0000 182.0000 611.0000 223.0000 1.5390 1.6349 3.6362 -0.8084 1.8581 29.0252 1.5426 0.9998
Car 0.0000 0.0000 0.0000 263.0000 188.0000 455.0000 322.0000 1.5156 1.6734 4.2535 -3.4760 1.7653 10.7298 1.4908 0.9998
Car 0.0000 0.0000 0.0000 193.0000 184.0000 328.0000 257.0000 1.5289 1.6151 3.4792 -8.1268 1.7769 17.0476 1.5280 0.9998
Car 0.0000 0.0000 0.0000 456.0000 178.0000 518.0000 227.0000 1.5176 1.6174 3.6654 -4.0765 1.6735 24.4639 1.5305 0.9997
Car 0.0000 0.0000 0.0000 -19.0000 186.0000 170.0000 260.0000 1.5226 1.6563 4.1866 -12.7640 1.8506 17.5354 1.5275 0.9997
Car 0.0000 0.0000 0.0000 508.0000 152.0000 548.0000 184.0000 1.5357 1.6372 3.9130 -4.1369 0.4996 37.3460 1.5633 0.9995
Car 0.0000 0.0000 0.0000 -436.0000 197.0000 101.0000 400.0000 1.5181 1.6326 3.9134 -7.6827 1.8245 7.7523 1.5433 0.9995
Car 0.0000 0.0000 0.0000 372.0000 177.0000 430.0000 217.0000 1.5068 1.5932 3.6899 -8.4318 1.6338 29.4241 1.4910 0.9970
Car 0.0000 0.0000 0.0000 414.0000 181.0000 466.0000 213.0000 1.4903 1.5968 3.8368 -8.4834 1.8821 36.4694 1.5708 0.9937
Car 0.0000 0.0000 0.0000 177.0000 178.0000 279.0000 226.0000 1.5233 1.6246 3.9438 -13.1108 1.6596 25.0047 1.5136 0.9935
Car 0.0000 0.0000 0.0000 478.0000 176.0000 510.0000 197.0000 1.5001 1.6020 3.8857 -8.3798 1.6701 53.0514 1.5708 0.9915
Car 0.0000 0.0000 0.0000 617.0000 153.0000 640.0000 176.0000 1.5636 1.6238 3.7218 1.4443 0.0941 53.1205 1.5708 0.9630
