Car 0.0000 0.0000 0.0000 467.0000 189.0000 530.0000 236.0000 1.5234 1.6441 3.7946 -3.9845 2.1192 26.4054 1.5708 0.9999
Car 0.0000 0.0000 0.0000 84.0000 198.0000 317.0000 316.0000 1.5191 1.6679 4.1390 -6.5534 1.9817 12.0767 1.5366 0.9999
Car 0.0000 0.0000 0.0000 630.0000 179.0000 658.0000 205.0000 1.5261 1.6236 3.6263 2.1304 1.8571 44.3125 1.5708 0.9998
Car 0.0000 0.0000 0.0000 342.0000 194.0000 435.0000 250.0000 1.5136 1.6540 4.1884 -6.8827 2.1984 22.8326 1.5656 0.9997
Car 0.0000 0.0000 0.0000 722.0000 175.0000 806.0000 206.0000 1.5098 1.6474 4.0607 8.0142 1.6014 37.5305 0.0554 0.9995
Car 0.0000 0.0000 0.0000 -746.0000 230.0000 97.0000 589.0000 1.5211 1.6394 3.9628 -6.2271 2.1088 5.6713 1.5108 0.9994
Car 0.0000 0.0000 0.0000 509.0000 187.0000 547.0000 218.0000 1.5010 1.6142 3.8890 -4.1940 2.1920 37.8083 1.5621 0.9979
Car 0.0000 0.0000 0.0000 981.0000 175.0000 1072.0000 203.0000 1.4101 1.6045 3.8446 21.9643 1.4713 37.9085 -0.0169 0.9941
Car 0.0000 0.0000 0.0000 1087.0000 190.0000 5881.0000 2067.0000 1.4993 1.5757 3.6336 3.5746 1.5914 2.4170 1.5700 0.9914
Car 0.0000 0.0000 0.0000 431.0000 200.0000 486.0000 231.0000 1.5002 1.6167 3.8936 -8.1026 2.9589 39.0626 -1.4151 0.9647
