Car 0.0000 0.0000 0.0000 770.0000 192.0000 1050.0000 377.0000 1.5303 1.6051 3.4055 2.9771 1.7723 7.9892 1.5517 0.9998
Car 0.0000 0.0000 0.0000 413.0000 184.0000 501.0000 246.0000 1.5360 1.6455 3.7684 -4.1774 1.8425 20.1774 1.5708 0.9998
Car 0.0000 0.0000 0.0000 683.0000 183.0000 805.0000 270.0000 1.5246 1.6138 3.5963 2.6048 1.7367 14.8303 1.5084 0.9998
Car 0.0000 0.0000 0.0000 -849.0000 203.0000 291.0000 815.0000 1.5210 1.6227 3.8086 -3.3311 1.7513 3.9045 1.5104 0.9997
Car 0.0000 0.0000 0.0000 925.0000 199.0000 2718.0000 1084.0000 1.5059 1.6132 3.8108 3.0053 1.6796 3.2254 1.5708 0.9995
Car 0.0000 0.0000 0.0000 652.0000 182.0000 734.0000 245.0000 1.5224 1.6143 3.6967 2.1327 1.7371 19.3079 1.5310 0.9992
Car 0.0000 0.0000 0.0000 640.0000 179.0000 689.0000 225.0000 1.4938 1.5652 3.5479 1.9108 1.6611 25.0423 1.5708 0.9924
Car 0.0000 0.0000 0.0000 603.0000 179.0000 628.0000 198.0000 1.4998 1.5854 3.6980 0.5917 1.9226 58.2727 -1.4528 0.9802
Car 0.0000 0.0000 0.0000 615.0000 177.0000 663.0000 208.0000 1.4856 1.5812 3.7014 1.5672 1.6364 36.5783 -1.2825 0.9679
Car 0.0000 0.0000 0.0000 495.0000 153.0000 530.0000 177.0000 1.5434 1.6017 3.6145 -6.4063 0.1978 48.2497 1.5708 0.9666
