Car 0.0000 0.0000 0.0000 799.0000 203.0000 1005.0000 354.0000 1.5376 1.6017 3.3068 3.6102 1.9812 9.5615 1.5708 0.9999
Car 0.0000 0.0000 0.0000 466.0000 184.0000 547.0000 255.0000 1.5746 1.6786 4.1566 -2.5438 1.8514 18.4786 1.5236 0.9998
Car 0.0000 0.0000 0.0000 126.0000 198.0000 439.0000 413.0000 1.5308 1.6080 3.4803 -2.9576 1.8308 7.2550 1.5608 0.9997
Car 0.0000 0.0000 0.0000 725.0000 199.0000 831.0000 278.0000 1.5057 1.6340 3.9831 3.7573 2.1437 16.7644 1.5708 0.9995
Car 0.0000 0.0000 0.0000 946.0000 209.0000 1798.0000 637.0000 1.5191 1.6049 3.6430 3.8377 1.8311 4.6663 1.5546 0.9989
Car 0.0000 0.0000 0.0000 686.0000 189.0000 751.0000 232.0000 1.4977 1.6103 3.8202 4.3198 2.1264 28.0752 -1.1707 0.9921
Car 0.0000 0.0000 0.0000 500.0000 194.0000 568.0000 245.0000 1.5011 1.5894 3.7160 -2.4498 2.2274 24.2022 1.5708 0.9913
Car 0.0000 0.0000 0.0000 692.0000 191.0000 779.0000 247.0000 1.4913 1.5768 3.4576 3.9290 2.0426 22.0393 -1.0708 0.9911
Car 0.0000 0.0000 0.0000 666.0000 188.0000 702.0000 219.0000 1.5033 1.6119 3.8289 4.0884 2.3165 38.8573 -1.3835 0.9854
Car 0.0000 0.0000 0.0000 553.0000 192.0000 583.0000 222.0000 1.5067 1.6121 3.8901 -2.2986 2.5708 40.2443 1.5122 0.9794
