Car 0.0000 0.0000 0.0000 734.0000 171.0000 1002.0000 357.0000 1.5545 1.6302 3.6183 2.4649 1.5504 7.8820 1.5708 0.9997
Car 0.0000 0.0000 0.0000 174.0000 189.0000 460.0000 385.0000 1.5234 1.6619 4.1687 -2.8560 1.7211 7.9642 1.5162 0.9997
Car 0.0000 0.0000 0.0000 700.0000 185.0000 847.0000 291.0000 1.5416 1.6388 3.9358 2.6917 1.7608 12.7796 1.5542 0.9996
Car 0.0000 0.0000 0.0000 533.0000 178.0000 566.0000 205.0000 1.4999 1.6413 4.1057 -3.4899 1.7521 43.1701 1.5662 0.9996
Car 0.0000 0.0000 0.0000 661.0000 178.0000 754.0000 246.0000 1.5180 1.6382 3.9330 2.3407 1.6331 18.2319 1.5270 0.9994
Car 0.0000 0.0000 0.0000 627.0000 171.0000 655.0000 196.0000 1.6110 1.6662 3.9997 2.1211 1.4224 48.5610 1.5666 0.9992
Car 0.0000 0.0000 0.0000 473.0000 181.0000 539.0000 237.0000 1.5070 1.6141 3.8497 -3.0168 1.7338 21.5425 1.5143 0.9991
Car 0.0000 0.0000 0.0000 718.0000 136.0000 778.0000 178.0000 1.5490 1.6190 3.8067 5.4805 0.1568 28.9011 1.5595 0.9838
Car 0.0000 0.0000 0.0000 429.0000 181.0000 519.0000 256.0000 1.6292 1.6861 4.5437 -3.2477 1.8046 18.0005 1.5026 0.9762
Car 0.0000 0.0000 0.0000 559.0000 179.0000 580.0000 197.0000 1.4940 1.5951 3.8822 -3.2944 1.9085 61.1070 1.5422 0.9701
