Car 0.0000 0.0000 0.0000 404.0000 190.0000 470.0000 236.0000 1.5355 1.6310 3.5652 -6.3325 2.1611 26.7788 1.5508 0.9999
Car 0.0000 0.0000 0.0000 13.0000 202.0000 107.0000 239.0000 1.5375 1.6835 4.0830 -26.1157 2.9239 34.4057 1.4682 0.9999
Car 0.0000 0.0000 0.0000 660.0000 172.0000 704.0000 211.0000 1.5120 1.6161 3.7304 3.0128 1.4465 30.2376 1.5708 0.9995
Car 0.0000 0.0000 0.0000 120.0000 199.0000 195.0000 237.0000 1.5253 1.6590 3.9923 -20.8927 2.7515 33.4729 1.3708 0.9995
Car 0.0000 0.0000 0.0000 69.0000 202.0000 151.0000 240.0000 1.5149 1.6634 4.0938 -23.6777 2.9447 34.3254 1.3978 0.9989
Car 0.0000 0.0000 0.0000 437.0000 189.0000 502.0000 226.0000 1.5016 1.6257 3.9870 -6.1665 2.2057 32.2024 -1.4210 0.9982
Car 0.0000 0.0000 0.0000 476.0000 182.0000 512.0000 211.0000 1.5010 1.6417 4.2013 -6.3918 1.9893 40.3714 1.4948 0.9981
Car 0.0000 0.0000 0.0000 830.0000 162.0000 864.0000 184.0000 1.6124 1.6659 4.0377 18.3106 0.7243 55.4790 -1.4720 0.9978
Car 0.0000 0.0000 0.0000 1008.0000 136.0000 1100.0000 175.0000 1.9761 1.8399 4.7697 24.5683 0.0006 39.9561 1.4789 0.9973
Car 0.0000 0.0000 0.0000 526.0000 182.0000 557.0000 203.0000 1.5048 1.6088 3.8889 -5.2694 2.1879 56.8514 -1.4588 0.9804
