Car 0.0000 0.0000 0.0000 340.0000 183.0000 393.0000 213.0000 1.5066 1.6054 3.7219 -13.1824 2.0357 39.3682 1.5708 0.9993
Car 0.0000 0.0000 0.0000 248.0000 195.0000 298.0000 224.0000 1.5008 1.6121 3.8963 -19.3284 2.7577 41.5508 1.4197 0.9957
Car 0.0000 0.0000 0.0000 638.0000 183.0000 670.0000 211.0000 1.5181 1.6245 4.0214 2.6980 2.0848 42.3187 -1.4493 0.9893
Car 0.0000 0.0000 0.0000 285.0000 193.0000 331.0000 218.0000 1.5048 1.6258 3.9953 -19.5995 2.7811 47.0658 1.4954 0.9885
Car 0.0000 0.0000 0.0000 517.0000 184.0000 550.0000 208.0000 1.4923 1.6045 3.9757 -5.0615 2.1941 48.6262 1.5708 0.9858
Car 0.0000 0.0000 0.0000 701.0000 181.0000 726.0000 202.0000 1.4914 1.5948 3.8488 7.9255 2.0185 54.4073 -1.3558 0.9807
Car 0.0000 0.0000 0.0000 500.0000 184.0000 540.0000 212.0000 1.4933 1.5888 3.8148 -5.0785 2.0903 41.6716 1.5708 0.9807
Car 0.0000 0.0000 0.0000 212.0000 197.0000 293.0000 237.0000 1.4994 1.6225 4.0259 -15.6056 2.5871 31.7159 1.5547 0.9801
Car 0.0000 0.0000 0.0000 559.0000 180.0000 595.0000 207.0000 1.5074 1.6324 4.1268 -1.8406 1.8931 42.6921 1.5708 0.9691
Car 0.0000 0.0000 0.0000 192.0000 198.0000 257.0000 232.0000 1.5065 1.6221 3.8966 -19.3095 2.7717 36.3429 1.4443 0.9669
