Car 0.0000 0.0000 0.0000 769.0000 190.0000 1123.0000 406.0000 1.5389 1.6361 3.7045 2.9137 1.7313 7.2554 1.5083 0.9998
Car 0.0000 0.0000 0.0000 379.0000 161.0000 509.0000 205.0000 1.6194 1.7386 4.6673 -6.4068 1.1411 28.1597 0.0503 0.9998
Car 0.0000 0.0000 0.0000 628.0000 177.0000 659.0000 203.0000 1.5115 1.6578 4.0784 2.1403 1.7354 45.1416 1.5492 0.9998
Car 0.0000 0.0000 0.0000 182.0000 184.0000 431.0000 270.0000 1.5480 1.6669 4.1730 -5.8225 1.7700 14.0716 0.0507 0.9995
Car 0.0000 0.0000 0.0000 40.0000 182.0000 350.0000 288.0000 1.5425 1.6502 4.0588 -6.5013 1.6893 11.4807 0.0695 0.9990
Car 0.0000 0.0000 0.0000 375.0000 181.0000 473.0000 227.0000 1.4936 1.5955 3.7862 -6.6865 1.7788 25.7329 0.7461 0.9984
Car 0.0000 0.0000 0.0000 613.0000 173.0000 639.0000 194.0000 1.4964 1.5909 3.7342 1.3474 1.4618 54.3393 -1.4385 0.9960
Car 0.0000 0.0000 0.0000 718.0000 177.0000 785.0000 213.0000 1.5000 1.5872 3.6967 6.4125 1.6686 32.7684 1.3431 0.9944
Car 0.0000 0.0000 0.0000 452.0000 180.0000 526.0000 208.0000 1.5105 1.5983 3.7738 -6.7440 1.8534 40.6652 0.1829 0.9940
Car 0.0000 0.0000 0.0000 234.0000 180.0000 417.0000 250.0000 1.5071 1.5828 3.6831 -6.5872 1.6677 16.7617 0.1893 0.9933
Car 0.0000 0.0000 0.0000 507.0000 165.0000 529.0000 186.0000 1.7477 1.7120 4.1673 -8.0295 1.0035 64.1872 1.5093 0.9878
Car 0.0000 0.0000 0.0000 -405.0000 178.0000 266.0000 414.0000 1.6473 1.7057 4.4334 -5.5570 1.7076 6.1316 0.1125 0.9874
Car 0.0000 0.0000 0.0000 498.0000 177.0000 534.0000 200.0000 1.4909 1.5924 3.8803 -6.2142 1.6905 48.3621 -1.4823 0.9737
