Car 0.0000 0.0000 0.0000 579.0000 177.0000 616.0000 213.0000 1.5338 1.6172 3.4555 -0.5652 1.7070 33.3577 1.5421 0.9998
Car 0.0000 0.0000 0.0000 365.0000 175.0000 455.0000 237.0000 1.5145 1.6179 3.7101 -5.3346 1.5576 19.6137 1.5150 0.9996
Car 0.0000 0.0000 0.0000 235.0000 181.0000 416.0000 293.0000 1.5168 1.5957 3.4823 -4.4130 1.6478 11.6740 1.5614 0.9996
Car 0.0000 0.0000 0.0000 -188.0000 193.0000 160.0000 332.0000 1.4988 1.6363 4.1299 -8.5513 1.8274 10.4030 1.5127 0.9993
Car 0.0000 0.0000 0.0000 211.0000 200.0000 263.0000 229.0000 1.5017 1.6259 3.9312 -22.1366 3.1413 42.9529 1.4014 0.9981
Car 0.0000 0.0000 0.0000 -2296.0000 216.0000 106.0000 1265.0000 1.4946 1.5998 3.8474 -4.2386 1.7885 3.1779 1.4482 0.9969
Car 0.0000 0.0000 0.0000 429.0000 178.0000 473.0000 211.0000 1.7707 1.7178 4.6156 -9.2489 2.0317 41.8182 1.1800 0.9946
Car 0.0000 0.0000 0.0000 352.0000 173.0000 419.0000 213.0000 1.4992 1.5869 3.7099 -9.0258 1.4807 29.2531 1.5640 0.9912
Car 0.0000 0.0000 0.0000 222.0000 182.0000 248.0000 201.0000 1.4942 1.5881 3.7686 -30.9509 2.1555 59.7190 1.1895 0.9850
Car 0.0000 0.0000 0.0000 -30.0000 163.0000 105.0000 222.0000 1.5125 1.5810 3.6259 -16.0850 1.2553 20.4315 1.3606 0.9776
Car 0.0000 0.0000 0.0000 527.0000 177.0000 559.0000 202.0000 1.4988 1.5883 3.7716 -4.2531 1.7311 46.9058 1.5708 0.9694
Car 0.0000 0.0000 0.0000 214.0000 184.0000 331.0000 247.0000 1.5032 1.6181 3.9840 -9.0302 1.7846 19.6093 1.4776 0.9687
Car 0.0000 0.0000 0.0000 538.0000 159.0000 562.0000 181.0000 2.0827 1.8572 4.7380 -5.7067 0.6799 70.7371 1.5708 0.9622
Car 0.0000 0.0000 0.0000 469.0000 166.0000 533.0000 214.0000 1.9564 1.8071 4.6032 -4.6676 1.6366 31.7617 1.5708 0.9613
