Car 0.0000 0.0000 0.0000 319.0000 185.0000 457.0000 270.0000 1.5378 1.6670 4.0266 -4.5732 1.7960 15.4153 1.5708 0.9998
Car 0.0000 0.0000 0.0000 529.0000 180.0000 567.0000 207.0000 1.5140 1.6362 3.8661 -3.5321 1.8748 42.4940 1.5708 0.9998
Car 0.0000 0.0000 0.0000 786.0000 182.0000 1012.0000 314.0000 1.5391 1.6524 3.9170 3.8937 1.6644 10.4970 1.5594 0.9998
Car 0.0000 0.0000 0.0000 737.0000 177.0000 849.0000 256.0000 1.5406 1.6164 3.4950 3.9111 1.6233 15.9632 1.5708 0.9997
Car 0.0000 0.0000 0.0000 414.0000 184.0000 505.0000 242.0000 1.5096 1.6408 4.1710 -4.3149 1.8353 21.2924 1.5708 0.9991
Car 0.0000 0.0000 0.0000 924.0000 190.0000 1719.0000 562.0000 1.5036 1.6128 3.8712 3.8497 1.6478 4.9960 1.5480 0.9990
Car 0.0000 0.0000 0.0000 704.0000 182.0000 785.0000 240.0000 1.5128 1.6138 3.8210 3.8375 1.7487 21.0417 1.5616 0.9985
Car 0.0000 0.0000 0.0000 688.0000 179.0000 744.0000 224.0000 1.5022 1.6066 3.8490 3.8341 1.6928 26.3474 1.5708 0.9977
Car 0.0000 0.0000 0.0000 946.0000 174.0000 1015.0000 205.0000 1.5047 1.6305 4.0614 19.0428 1.5356 37.0811 1.5708 0.9975
Car 0.0000 0.0000 0.0000 688.0000 169.0000 720.0000 197.0000 1.5905 1.6631 4.1852 5.7124 1.3033 43.4061 1.5708 0.9966
Car 0.0000 0.0000 0.0000 466.0000 179.0000 522.0000 224.0000 1.5064 1.6180 4.0227 -4.3162 1.6998 26.5072 1.3137 0.9961
Car 0.0000 0.0000 0.0000 682.0000 175.0000 727.0000 211.0000 1.4906 1.5813 3.6915 4.1453 1.5534 31.7884 1.5708 0.9946
Car 0.0000 0.0000 0.0000 908.0000 176.0000 954.0000 202.0000 1.4814 1.5914 3.8230 19.0612 1.6105 42.7057 -1.3941 0.9919
Car 0.0000 0.0000 0.0000 1032.0000 176.0000 1188.0000 223.0000 1.5144 1.6506 4.1448 17.2476 1.6242 24.9465 0.0662 0.9782
Car 0.0000 0.0000 0.0000 1109.0000 179.0000 1217.0000 224.0000 1.4798 1.5988 3.9011 19.7783 1.6837 25.9030 -1.3314 0.9716
Car 0.0000 0.0000 0.0000 681.0000 178.0000 717.0000 209.0000 1.5233 1.6188 4.0390 4.7067 1.7434 37.2853 -1.4014 0.9671
