Car 0.0000 0.0000 0.0000 653.0000 174.0000 677.0000 195.0000 1.5179 1.6467 4.1239 4.3158 1.5619 55.4180 1.5708 0.9994
Car 0.0000 0.0000 0.0000 -998.0000 189.0000 304.0000 847.0000 1.5151 1.6194 3.8881 -3.1888 1.6256 3.7006 1.5320 0.9992
Car 0.0000 0.0000 0.0000 508.0000 173.0000 527.0000 192.0000 1.5286 1.6121 3.8119 -7.9509 1.4994 62.7058 1.4410 0.9949
Car 0.0000 0.0000 0.0000 486.0000 180.0000 519.0000 203.0000 1.4947 1.6117 3.9835 -7.2249 1.9422 49.2963 1.5708 0.9948
Car 0.0000 0.0000 0.0000 292.0000 191.0000 344.0000 218.0000 1.4995 1.6278 4.0759 -17.8684 2.5902 44.4060 1.5546 0.9888
Car 0.0000 0.0000 0.0000 500.0000 177.0000 527.0000 196.0000 1.4992 1.6113 3.9657 -7.6715 1.7488 58.1498 1.5708 0.9877
Car 0.0000 0.0000 0.0000 287.0000 186.0000 331.0000 208.0000 1.4994 1.6048 3.9323 -21.5552 2.3678 51.8975 1.5578 0.9866
Car 0.0000 0.0000 0.0000 -37.0000 191.0000 39.0000 222.0000 1.4932 1.6107 4.0155 -32.2146 2.4149 38.2398 1.2834 0.9846
Car 0.0000 0.0000 0.0000 541.0000 182.0000 571.0000 205.0000 1.5003 1.6236 3.9924 -3.6605 2.0655 50.3546 1.5708 0.9778
Car 0.0000 0.0000 0.0000 870.0000 158.0000 918.0000 182.0000 1.5334 1.6323 4.0565 19.1374 0.5128 48.4711 1.5681 0.9766
Car 0.0000 0.0000 0.0000 89.0000 189.0000 145.0000 213.0000 1.4968 1.6004 3.9678 -33.5866 2.5475 49.2945 1.4323 0.9764
Car 0.0000 0.0000 0.0000 844.0000 152.0000 889.0000 177.0000 1.5454 1.6215 3.8744 17.1203 0.1752 47.9978 1.5708 0.9744
Car 0.0000 0.0000 0.0000 594.0000 171.0000 614.0000 188.0000 1.5096 1.6128 3.8990 -0.3885 1.2863 68.9233 1.5708 0.9742
Car 0.0000 0.0000 0.0000 731.0000 173.0000 754.0000 193.0000 1.4888 1.5867 3.7915 10.7107 1.4631 57.3763 -1.3397 0.9734
