Car 0.0000 0.0000 0.0000 183.0000 193.0000 352.0000 289.0000 1.5554 1.6740 4.1169 -6.5979 1.9708 14.3523 1.4981 0.9998
Car 0.0000 0.0000 0.0000 483.0000 181.0000 532.0000 221.0000 1.5137 1.6710 4.2398 -4.1398 1.8179 29.8529 1.5146 0.9998
Car 0.0000 0.0000 0.0000 -260.0000 197.0000 212.0000 403.0000 1.5230 1.6586 4.0599 -6.2310 1.8307 7.7968 1.5340 0.9998
Car 0.0000 0.0000 0.0000 628.0000 175.0000 657.0000 200.0000 1.5139 1.6190 3.7033 2.1598 1.6188 46.7598 1.5468 0.9996
Car 0.0000 0.0000 0.0000 462.0000 184.0000 507.0000 213.0000 1.5028 1.6040 3.7348 -6.8356 2.0728 39.7696 1.5708 0.9986
Car 0.0000 0.0000 0.0000 1112.0000 157.0000 1252.0000 209.0000 1.5028 1.6196 3.9159 17.9884 1.0314 22.8568 -1.4607 0.9986
Car 0.0000 0.0000 0.0000 517.0000 181.0000 550.0000 208.0000 1.4954 1.6266 4.0947 -4.3253 1.8825 41.5380 1.5309 0.9984
Car 0.0000 0.0000 0.0000 720.0000 173.0000 761.0000 203.0000 1.5114 1.6713 4.2525 7.2515 1.5073 40.0036 1.5708 0.9979
Car 0.0000 0.0000 0.0000 823.0000 159.0000 847.0000 177.0000 1.5203 1.6116 3.8572 19.6431 0.2851 62.5311 -1.3689 0.9943
Car 0.0000 0.0000 0.0000 692.0000 167.0000 763.0000 192.0000 1.4643 1.6037 3.9323 7.1414 1.0635 43.3397 -0.3345 0.9872
