Car 0.0000 0.0000 0.0000 685.0000 177.0000 800.0000 258.0000 1.5406 1.6338 3.7214 2.7526 1.6289 15.7590 1.5230 0.9998
Car 0.0000 0.0000 0.0000 659.0000 176.0000 706.0000 216.0000 1.5152 1.6057 3.5820 2.9430 1.6309 29.5515 1.5708 0.9996
Car 0.0000 0.0000 0.0000 770.0000 180.0000 1165.0000 427.0000 1.5391 1.6304 3.7418 2.6463 1.6048 6.4212 1.5664 0.9996
Car 0.0000 0.0000 0.0000 180.0000 178.0000 417.0000 261.0000 1.5094 1.6419 3.9803 -6.0345 1.6078 14.1256 0.1304 0.9995
Car 0.0000 0.0000 0.0000 261.0000 146.0000 450.0000 211.0000 1.6057 1.6999 4.4226 -6.6986 0.9336 19.1900 0.0706 0.9994
Car 0.0000 0.0000 0.0000 391.0000 170.0000 513.0000 214.0000 1.5568 1.6565 4.1415 -5.8104 1.4265 26.7890 0.0684 0.9980
Car 0.0000 0.0000 0.0000 530.0000 166.0000 552.0000 187.0000 1.5781 1.6469 3.9771 -5.5221 1.0005 58.7660 1.4469 0.9963
Car 0.0000 0.0000 0.0000 362.0000 177.0000 490.0000 224.0000 1.5011 1.6143 3.9383 -6.2269 1.6314 24.5372 0.2182 0.9865
Car 0.0000 0.0000 0.0000 308.0000 160.0000 457.0000 214.0000 1.5683 1.6337 4.0327 -6.9112 1.1791 22.0976 0.0741 0.9828
Car 0.0000 0.0000 0.0000 446.0000 174.0000 527.0000 204.0000 1.4988 1.6014 3.7851 -6.2690 1.5161 37.0180 0.2978 0.9812
Car 0.0000 0.0000 0.0000 248.0000 186.0000 442.0000 256.0000 1.4990 1.6227 3.9443 -6.1206 1.8150 16.8775 0.0432 0.9804
Car 0.0000 0.0000 0.0000 449.0000 151.0000 500.0000 186.0000 1.5230 1.5983 3.7785 -6.3056 0.5234 34.0442 1.5708 0.9743
