Car 0.0000 0.0000 0.0000 369.0000 182.0000 472.0000 217.0000 1.5220 1.6861 4.2946 -8.6469 1.9387 33.2458 0.0410 0.9996
Car 0.0000 0.0000 0.0000 200.0000 187.0000 250.0000 228.0000 1.5176 1.6390 3.9453 -15.4866 2.0458 29.1198 1.1132 0.9993
Car 0.0000 0.0000 0.0000 785.0000 178.0000 892.0000 245.0000 1.5096 1.6015 3.6489 5.6535 1.6156 18.2295 1.5708 0.9992
Car 0.0000 0.0000 0.0000 426.0000 186.0000 706.0000 317.0000 1.5406 1.6722 4.1393 -0.8190 1.7324 10.6106 0.7252 0.9986
Car 0.0000 0.0000 0.0000 270.0000 198.0000 426.0000 274.0000 1.5275 1.6426 4.0074 -6.2790 2.1268 17.0448 0.6849 0.9984
Car 0.0000 0.0000 0.0000 295.0000 184.0000 382.0000 214.0000 1.5234 1.6292 3.9345 -14.2441 2.0668 38.0012 0.0806 0.9981
Car 0.0000 0.0000 0.0000 700.0000 180.0000 771.0000 241.0000 1.5001 1.5949 3.7380 3.3746 1.6891 19.8698 1.5708 0.9965
Car 0.0000 0.0000 0.0000 479.0000 178.0000 525.0000 205.0000 1.5615 1.6476 4.2733 -6.5711 1.8195 44.6189 -1.4332 0.9892
Car 0.0000 0.0000 0.0000 139.0000 188.0000 167.0000 208.0000 1.5349 1.6199 3.7772 -35.7563 2.6143 56.5129 1.0628 0.9708
Car 0.0000 0.0000 0.0000 157.0000 183.0000 214.0000 218.0000 1.5004 1.5773 3.6503 -19.3844 1.9128 33.0746 1.2297 0.9657
