Car 0.0000 0.0000 0.0000 411.0000 188.0000 483.0000 235.0000 1.5256 1.6673 4.1606 -5.8146 2.0667 26.2134 1.5708 0.9998
Car 0.0000 0.0000 0.0000 924.0000 131.0000 1184.0000 213.0000 1.5307 1.6721 4.1853 8.8227 0.7388 14.5692 0.0187 0.9998
Car 0.0000 0.0000 0.0000 681.0000 174.0000 767.0000 234.0000 1.5333 1.6475 3.8311 3.1400 1.5562 20.5455 1.5193 0.9998
Car 0.0000 0.0000 0.0000 314.0000 192.0000 432.0000 263.0000 1.5607 1.6882 4.3750 -6.0392 2.0738 18.8794 1.5673 0.9997
Car 0.0000 0.0000 0.0000 -251.0000 211.0000 240.0000 431.0000 1.5393 1.6543 4.1187 -5.9502 2.0305 7.7140 1.5708 0.9996
Car 0.0000 0.0000 0.0000 167.0000 197.0000 356.0000 304.0000 1.5298 1.6203 3.6756 -5.9780 1.9891 12.8038 1.5594 0.9995
Car 0.0000 0.0000 0.0000 665.0000 176.0000 724.0000 222.0000 1.5225 1.6317 3.9170 3.0036 1.6202 26.1016 1.5701 0.9990
Car 0.0000 0.0000 0.0000 521.0000 181.0000 546.0000 202.0000 1.5093 1.6127 3.7967 -5.8391 2.0915 56.3247 1.5706 0.9989
Car 0.0000 0.0000 0.0000 915.0000 153.0000 1082.0000 221.0000 1.4789 1.6089 3.8869 9.3252 1.0221 17.2477 -0.4842 0.9985
Car 0.0000 0.0000 0.0000 487.0000 186.0000 522.0000 214.0000 1.5011 1.6278 4.0815 -5.9479 2.1862 41.3799 1.5189 0.9965
Car 0.0000 0.0000 0.0000 853.0000 164.0000 993.0000 223.0000 1.4895 1.6184 3.9199 8.6971 1.2289 19.9126 -0.5689 0.9960
Car 0.0000 0.0000 0.0000 458.0000 188.0000 512.0000 225.0000 1.4899 1.5875 3.7464 -5.5585 2.1668 32.6249 1.5708 0.9925
Car 0.0000 0.0000 0.0000 798.0000 166.0000 924.0000 215.0000 1.4529 1.5775 3.6793 7.9241 1.2123 22.6781 -0.4323 0.9863
Car 0.0000 0.0000 0.0000 391.0000 181.0000 440.0000 210.0000 1.5531 1.6358 4.2258 -11.2878 2.0033 42.3554 1.5708 0.9847
Car 0.0000 0.0000 0.0000 537.0000 177.0000 570.0000 205.0000 1.5037 1.6259 4.0970 -3.0596 1.6864 40.5201 1.5532 0.9719
