Car 0.0000 0.0000 0.0000 737.0000 180.0000 882.0000 228.0000 1.4766 1.6846 4.2518 6.4153 1.6855 23.4235 0.0225 1.0000
Car 0.0000 0.0000 0.0000 681.0000 182.0000 767.0000 247.0000 1.5263 1.6000 3.4309 2.8697 1.7340 18.6953 1.5506 0.9998
Car 0.0000 0.0000 0.0000 169.0000 183.0000 423.0000 267.0000 1.4965 1.6687 4.2238 -5.9923 1.6962 13.9513 0.0934 0.9996
Car 0.0000 0.0000 0.0000 13.0000 188.0000 313.0000 296.0000 1.5246 1.6301 3.8588 -6.9573 1.7779 11.3523 0.1296 0.9996
Car 0.0000 0.0000 0.0000 -195.0000 156.0000 258.0000 317.0000 1.6514 1.7031 4.3712 -6.7632 1.5010 8.5653 0.1505 0.9994
Car 0.0000 0.0000 0.0000 234.0000 179.0000 452.0000 253.0000 1.5093 1.6666 4.1827 -5.7929 1.6478 15.8927 0.0539 0.9993
Car 0.0000 0.0000 0.0000 822.0000 188.0000 1565.0000 587.0000 1.4999 1.6126 3.8274 2.9063 1.6253 4.7935 1.4824 0.9990
Car 0.0000 0.0000 0.0000 639.0000 173.0000 665.0000 195.0000 1.5069 1.6148 3.8181 3.1835 1.4695 52.2936 -1.4306 0.9989
Car 0.0000 0.0000 0.0000 481.0000 170.0000 551.0000 195.0000 1.5509 1.6654 4.1924 -5.9786 1.3070 46.7607 0.1426 0.9984
Car 0.0000 0.0000 0.0000 423.0000 167.0000 522.0000 201.0000 1.5764 1.7092 4.4727 -6.6528 1.2843 35.3573 0.0401 0.9983
Car 0.0000 0.0000 0.0000 342.0000 173.0000 469.0000 222.0000 1.5110 1.6084 3.8147 -6.6991 1.4978 23.6198 0.3837 0.9970
Car 0.0000 0.0000 0.0000 324.0000 173.0000 480.0000 230.0000 1.5473 1.6383 3.9844 -5.9146 1.5482 20.7139 0.1199 0.9962
Car 0.0000 0.0000 0.0000 -742.0000 193.0000 155.0000 517.0000 1.5500 1.6062 3.8614 -5.7801 1.7415 5.4061 -0.6050 0.9959
Car 0.0000 0.0000 0.0000 278.0000 179.0000 448.0000 242.0000 1.5151 1.5991 3.7916 -6.2319 1.6655 18.3785 0.0722 0.9930
Car 0.0000 0.0000 0.0000 378.0000 184.0000 497.0000 229.0000 1.5572 1.6155 3.8410 -6.1694 1.9255 25.9060 0.2566 0.9868
Car 0.0000 0.0000 0.0000 672.0000 170.0000 733.0000 204.0000 1.6647 1.6705 4.0981 4.9936 1.4953 38.0236 -1.0396 0.9788
