Car 0.0000 0.0000 0.0000 186.0000 180.0000 425.0000 262.0000 1.5142 1.6572 4.0922 -5.9987 1.6484 14.4502 0.0356 0.9999
Car 0.0000 0.0000 0.0000 663.0000 182.0000 732.0000 234.0000 1.5399 1.6395 3.7250 2.8042 1.8111 23.7150 1.5272 0.9998
Car 0.0000 0.0000 0.0000 326.0000 176.0000 483.0000 229.0000 1.5437 1.6865 4.3007 -6.2287 1.6308 22.1325 0.0519 0.9998
Car 0.0000 0.0000 0.0000 717.0000 181.0000 882.0000 296.0000 1.5367 1.6239 3.7678 2.8187 1.6562 11.5931 1.5642 0.9995
Car 0.0000 0.0000 0.0000 -266.0000 171.0000 278.0000 355.0000 1.5926 1.6986 4.3840 -5.9676 1.6001 7.3266 0.1126 0.9994
Car 0.0000 0.0000 0.0000 -43.0000 174.0000 285.0000 305.0000 1.5044 1.6158 3.8472 -6.5370 1.5354 9.6254 0.3141 0.9993
Car 0.0000 0.0000 0.0000 799.0000 189.0000 1203.0000 434.0000 1.5027 1.6036 3.6993 2.9417 1.6660 6.4280 1.5708 0.9993
Car 0.0000 0.0000 0.0000 647.0000 174.0000 685.0000 209.0000 1.5699 1.6448 3.9793 2.6884 1.6049 34.6413 1.5708 0.9991
Car 0.0000 0.0000 0.0000 388.0000 178.0000 502.0000 220.0000 1.5002 1.6154 3.8540 -6.1570 1.6889 27.1849 0.1411 0.9973
Car 0.0000 0.0000 0.0000 76.0000 183.0000 370.0000 286.0000 1.5745 1.6516 4.0651 -6.3399 1.7468 12.0067 0.0735 0.9965
Car 0.0000 0.0000 0.0000 445.0000 173.0000 533.0000 206.0000 1.5315 1.6232 3.9037 -5.8868 1.5210 35.3858 0.2489 0.9813
