Car 0.0000 0.0000 0.0000 368.0000 180.0000 392.0000 197.0000 1.5091 1.6512 4.1617 -20.5257 2.0454 64.7681 1.3708 0.9995
Car 0.0000 0.0000 0.0000 259.0000 180.0000 314.0000 206.0000 1.5042 1.6273 3.9443 -19.9880 1.8953 44.8277 1.5705 0.9995
Car 0.0000 0.0000 0.0000 1073.0000 195.0000 1249.0000 246.0000 1.4543 1.6394 4.0744 16.9990 2.1500 22.3319 0.0702 0.9993
Car 0.0000 0.0000 0.0000 39.0000 187.0000 172.0000 240.0000 1.5160 1.6276 3.9196 -16.1651 1.9760 23.3177 1.5491 0.9991
Car 0.0000 0.0000 0.0000 224.0000 192.0000 321.0000 238.0000 1.5097 1.6317 4.0210 -12.3548 2.2064 26.6735 1.5708 0.9959
Car 0.0000 0.0000 0.0000 433.0000 185.0000 470.0000 207.0000 1.4913 1.6025 3.9113 -11.7937 2.3722 54.2654 1.5708 0.9929
Car 0.0000 0.0000 0.0000 503.0000 186.0000 543.0000 213.0000 1.4934 1.5972 3.8524 -4.9921 2.2036 42.4017 1.5708 0.9834
Car 0.0000 0.0000 0.0000 307.0000 180.0000 349.0000 202.0000 1.5073 1.6238 4.0652 -20.1289 1.9302 51.7788 1.5041 0.9832
Car 0.0000 0.0000 0.0000 1198.0000 197.0000 1366.0000 256.0000 1.4950 1.5897 3.7088 19.5812 2.2128 21.1954 1.5708 0.9818
Car 0.0000 0.0000 0.0000 559.0000 184.0000 597.0000 211.0000 1.4933 1.6153 4.0335 -1.7775 2.0841 42.8100 -1.4622 0.9785
Car 0.0000 0.0000 0.0000 144.0000 179.0000 214.0000 214.0000 1.5944 1.6310 3.9966 -21.0407 1.8631 35.3677 1.3934 0.9771
Car 0.0000 0.0000 0.0000 855.0000 178.0000 886.0000 197.0000 1.4818 1.5983 3.8674 20.5946 1.7807 56.7513 -1.4138 0.9732
