Car 0.0000 0.0000 0.0000 161.0000 183.0000 249.0000 218.0000 1.4958 1.6313 4.0975 -18.4726 1.9274 33.1229 1.5708 0.9991
Car 0.0000 0.0000 0.0000 871.0000 166.0000 896.0000 183.0000 1.5220 1.6213 3.8504 25.5688 0.8095 67.0387 -1.3482 0.9966
Car 0.0000 0.0000 0.0000 145.0000 180.0000 190.0000 204.0000 1.4953 1.5994 3.9375 -29.2986 1.8897 47.9310 1.2823 0.9950
Car 0.0000 0.0000 0.0000 828.0000 166.0000 863.0000 183.0000 1.5824 1.6627 4.1492 22.4649 0.8292 68.3951 1.5089 0.9942
Car 0.0000 0.0000 0.0000 294.0000 183.0000 340.0000 207.0000 1.4985 1.5975 3.8114 -19.7222 2.1512 48.8487 1.5571 0.9925
Car 0.0000 0.0000 0.0000 405.0000 186.0000 446.0000 213.0000 1.4955 1.6184 3.9814 -11.2256 2.2746 44.3977 1.5403 0.9925
Car 0.0000 0.0000 0.0000 347.0000 177.0000 404.0000 203.0000 1.4780 1.5932 3.8736 -14.0222 1.6909 43.5097 -1.3752 0.9894
Car 0.0000 0.0000 0.0000 337.0000 177.0000 380.0000 199.0000 1.5050 1.6119 3.9561 -17.6798 1.7004 51.0680 1.5708 0.9889
Car 0.0000 0.0000 0.0000 517.0000 176.0000 546.0000 197.0000 1.4964 1.6031 3.9506 -5.8366 1.6660 54.9989 1.5708 0.9864
Car 0.0000 0.0000 0.0000 32.0000 197.0000 110.0000 225.0000 1.5040 1.6180 3.9336 -32.0474 2.9385 43.0065 1.5708 0.9857
Car 0.0000 0.0000 0.0000 473.0000 175.0000 506.0000 196.0000 1.5008 1.6009 3.9024 -8.9488 1.6291 54.2541 1.5708 0.9831
Car 0.0000 0.0000 0.0000 498.0000 180.0000 534.0000 207.0000 1.5021 1.6362 4.1484 -5.4649 1.8918 42.9120 1.5677 0.9818
Car 0.0000 0.0000 0.0000 459.0000 177.0000 496.0000 203.0000 1.4973 1.6098 3.9666 -7.9240 1.6942 43.6705 1.5507 0.9764
Car 0.0000 0.0000 0.0000 768.0000 177.0000 803.0000 206.0000 1.4916 1.6249 4.0075 9.6267 1.6768 39.0178 -1.2783 0.9701
Car 0.0000 0.0000 0.0000 724.0000 181.0000 767.0000 211.0000 1.4927 1.6061 3.9937 7.1734 1.8621 38.0973 1.5708 0.9691
Car 0.0000 0.0000 0.0000 155.0000 181.0000 197.0000 202.0000 1.5015 1.5894 3.7917 -32.6332 2.0561 54.3603 1.3587 0.9677
