Car 0.0000 0.0000 0.0000 434.0000 180.0000 506.0000 233.0000 1.5156 1.6584 4.0275 -4.3579 1.7148 22.9839 1.5241 0.9998
Car 0.0000 0.0000 0.0000 726.0000 183.0000 914.0000 308.0000 1.5415 1.6109 3.4650 2.9294 1.6960 10.8519 1.5102 0.9998
Car 0.0000 0.0000 0.0000 673.0000 181.0000 765.0000 251.0000 1.5227 1.5896 3.3727 2.5549 1.6946 17.6094 1.5298 0.9996
Car 0.0000 0.0000 0.0000 -16.0000 187.0000 382.0000 429.0000 1.5345 1.6498 4.0082 -3.5087 1.6902 6.8093 1.4937 0.9994
Car 0.0000 0.0000 0.0000 825.0000 181.0000 1454.0000 514.0000 1.5694 1.6565 4.0027 3.1408 1.6299 5.4733 1.5133 0.9993
Car 0.0000 0.0000 0.0000 648.0000 178.0000 712.0000 232.0000 1.5208 1.6179 3.7405 2.0957 1.6562 22.2072 1.5708 0.9993
Car 0.0000 0.0000 0.0000 627.0000 172.0000 687.0000 215.0000 1.5243 1.6354 3.9711 1.7784 1.4732 28.0357 1.4680 0.9993
Car 0.0000 0.0000 0.0000 -121.0000 -2607.0000 8593.0000 728.0000 1.6794 1.6832 4.2289 -3.1341 1.4281 1.7416 1.5708 0.9947
Car 0.0000 0.0000 0.0000 495.0000 174.0000 543.0000 203.0000 1.4904 1.6095 3.9820 -4.8143 1.5134 39.0275 -1.4298 0.9756
Car 0.0000 0.0000 0.0000 139.0000 147.0000 303.0000 253.0000 1.8458 1.7479 4.5186 -7.8326 1.3880 14.9673 1.3703 0.9656
