Car 0.0000 0.0000 0.0000 102.0000 173.0000 402.0000 272.0000 1.5555 1.6993 4.3576 -6.0550 1.5696 12.4585 0.0354 0.9999
Car 0.0000 0.0000 0.0000 665.0000 175.0000 747.0000 232.0000 1.5454 1.6321 3.5993 2.8132 1.6020 21.6787 1.4700 0.9999
Car 0.0000 0.0000 0.0000 653.0000 176.0000 691.0000 212.0000 1.5219 1.6051 3.4985 2.8258 1.6119 32.5095 1.5708 0.9998
Car 0.0000 0.0000 0.0000 306.0000 176.0000 469.0000 233.0000 1.4968 1.6488 4.0539 -6.1751 1.5714 20.2279 0.0444 0.9998
Car 0.0000 0.0000 0.0000 735.0000 180.0000 967.0000 335.0000 1.6388 1.6712 3.9631 2.9178 1.7305 9.7263 1.5367 0.9996
Car 0.0000 0.0000 0.0000 -240.0000 176.0000 233.0000 339.0000 1.5556 1.6344 3.9522 -6.5431 1.6063 7.8769 0.0823 0.9992
Car 0.0000 0.0000 0.0000 851.0000 190.0000 1758.0000 674.0000 1.5060 1.6030 3.7387 2.9185 1.6334 4.2496 1.5118 0.9990
Car 0.0000 0.0000 0.0000 411.0000 172.0000 515.0000 210.0000 1.5012 1.6222 3.9803 -6.0960 1.4448 30.1826 0.0545 0.9981
Car 0.0000 0.0000 0.0000 522.0000 168.0000 551.0000 196.0000 1.5671 1.6294 3.9344 -4.3320 1.2564 42.9749 1.4689 0.9970
Car 0.0000 0.0000 0.0000 -833.0000 194.0000 119.0000 572.0000 1.5594 1.6276 4.0151 -5.6913 1.7572 5.2079 1.5131 0.9961
Car 0.0000 0.0000 0.0000 -67.0000 165.0000 335.0000 303.0000 1.6773 1.7424 4.6656 -6.4623 1.6004 9.9354 0.1487 0.9952
Car 0.0000 0.0000 0.0000 366.0000 178.0000 495.0000 224.0000 1.5255 1.6388 4.0468 -6.1467 1.6788 24.9504 0.0524 0.9950
Car 0.0000 0.0000 0.0000 438.0000 172.0000 530.0000 206.0000 1.5239 1.6093 3.8609 -5.7633 1.4427 33.2179 0.2881 0.9919
Car 0.0000 0.0000 0.0000 516.0000 163.0000 544.0000 187.0000 1.6712 1.6788 4.0743 -5.7121 0.9041 52.5652 1.5511 0.9820
Car 0.0000 0.0000 0.0000 549.0000 165.0000 587.0000 200.0000 1.5133 1.6318 4.1056 -1.8855 1.1557 34.1295 1.5559 0.9761
Car 0.0000 0.0000 0.0000 929.0000 155.0000 980.0000 189.0000 1.5066 1.5973 3.7581 16.2228 0.6840 33.9469 -1.2658 0.9667
