Car 0.0000 0.0000 0.0000 715.0000 180.0000 867.0000 287.0000 1.5412 1.6449 3.7521 2.9003 1.6460 12.3657 1.5708 0.9999
Car 0.0000 0.0000 0.0000 422.0000 181.0000 508.0000 246.0000 1.5193 1.6252 3.6807 -3.6626 1.7059 18.7543 1.5338 0.9998
Car 0.0000 0.0000 0.0000 665.0000 181.0000 712.0000 224.0000 1.5153 1.6194 3.7220 2.9642 1.7921 27.4368 1.5708 0.9997
Car 0.0000 0.0000 0.0000 487.0000 182.0000 543.0000 226.0000 1.5121 1.6337 3.9068 -3.4796 1.8305 27.0678 1.5615 0.9996
Car 0.0000 0.0000 0.0000 -21.0000 187.0000 392.0000 447.0000 1.5071 1.6260 3.8702 -3.2064 1.6543 6.3320 1.4833 0.9994
Car 0.0000 0.0000 0.0000 753.0000 140.0000 833.0000 190.0000 1.5187 1.5986 3.6183 5.9931 0.4972 23.8900 1.5412 0.9983
Car 0.0000 0.0000 0.0000 521.0000 178.0000 556.0000 210.0000 1.4918 1.6198 4.0655 -3.4965 1.7278 36.3177 1.4988 0.9973
Car 0.0000 0.0000 0.0000 641.0000 177.0000 674.0000 208.0000 1.4981 1.6068 3.8653 2.4370 1.6525 36.9167 1.5708 0.9794
Car 0.0000 0.0000 0.0000 -4170.0000 -991.0000 1410.0000 908.0000 1.6251 1.6594 4.1507 3.1046 1.0306 1.4270 1.5415 0.9765
Car 0.0000 0.0000 0.0000 716.0000 145.0000 765.0000 179.0000 1.5585 1.6234 3.7847 6.3773 0.2278 35.3096 1.5515 0.9765
