Car 0.0000 0.0000 0.0000 497.0000 179.0000 556.0000 224.0000 1.5195 1.6221 3.6521 -2.9667 1.7144 26.2865 1.5708 0.9998
Car 0.0000 0.0000 0.0000 -109.0000 189.0000 248.0000 349.0000 1.5227 1.6285 3.8723 -6.3652 1.7409 9.0643 1.5649 0.9994
Car 0.0000 0.0000 0.0000 555.0000 179.0000 581.0000 202.0000 1.6838 1.7062 4.4304 -3.0500 2.0462 55.1120 1.5708 0.9983
Car 0.0000 0.0000 0.0000 35.0000 187.0000 117.0000 220.0000 1.4994 1.6012 3.8276 -26.1428 2.1548 35.4323 1.4275 0.9975
Car 0.0000 0.0000 0.0000 190.0000 191.0000 226.0000 210.0000 1.5065 1.6175 3.8766 -35.2884 3.0762 63.4605 1.3760 0.9925
Car 0.0000 0.0000 0.0000 247.0000 194.0000 303.0000 228.0000 1.5082 1.6215 3.9349 -16.5188 2.5275 35.7363 1.3817 0.9889
Car 0.0000 0.0000 0.0000 320.0000 191.0000 371.0000 225.0000 1.5013 1.6091 3.8309 -13.1058 2.4138 35.9731 1.4415 0.9850
Car 0.0000 0.0000 0.0000 597.0000 176.0000 618.0000 198.0000 1.8380 1.7542 4.6208 -0.0696 2.0576 62.9987 1.5613 0.9781
Car 0.0000 0.0000 0.0000 955.0000 183.0000 983.0000 203.0000 1.4866 1.6087 3.8532 27.9479 2.1749 55.8977 -1.1993 0.9694
Car 0.0000 0.0000 0.0000 1150.0000 200.0000 1270.0000 234.0000 1.4978 1.6380 4.0229 28.3836 2.7746 34.1295 0.2531 0.9664
Car 0.0000 0.0000 0.0000 147.0000 180.0000 180.0000 198.0000 1.5053 1.6227 4.0416 -38.7015 2.0534 62.6544 1.2433 0.9631
Car 0.0000 0.0000 0.0000 287.0000 186.0000 339.0000 212.0000 1.5066 1.6269 4.0150 -18.8650 2.3247 46.0794 1.5708 0.9610
Car 0.0000 0.0000 0.0000 488.0000 182.0000 524.0000 207.0000 1.5011 1.6080 3.8328 -6.6962 2.0685 47.1632 1.5708 0.9603
