Car 0.0000 0.0000 0.0000 529.0000 180.0000 586.0000 234.0000 1.5363 1.6214 3.4915 -1.6921 1.7477 22.6471 1.4714 0.9998
Car 0.0000 0.0000 0.0000 90.0000 185.0000 264.0000 277.0000 1.5269 1.6576 3.9667 -8.4128 1.7637 14.3744 1.4023 0.9998
Car 0.0000 0.0000 0.0000 410.0000 182.0000 497.0000 244.0000 1.5305 1.6282 3.7660 -4.2366 1.7559 19.9724 1.5595 0.9995
Car 0.0000 0.0000 0.0000 293.0000 183.0000 362.0000 231.0000 1.5184 1.6202 3.6663 -9.9314 1.8680 25.5841 1.3843 0.9994
Car 0.0000 0.0000 0.0000 -12.0000 184.0000 142.0000 262.0000 1.5338 1.6042 3.4308 -12.1546 1.7665 16.2941 1.3157 0.9992
Car 0.0000 0.0000 0.0000 351.0000 182.0000 400.0000 215.0000 1.5083 1.6118 3.7572 -11.2278 1.8906 34.7704 1.4262 0.9990
Car 0.0000 0.0000 0.0000 267.0000 181.0000 327.0000 212.0000 1.5016 1.6081 3.8322 -16.0658 1.8565 37.2172 1.5132 0.9980
Car 0.0000 0.0000 0.0000 104.0000 175.0000 243.0000 223.0000 1.4898 1.6007 3.7670 -14.6941 1.5368 24.3689 -0.7619 0.9972
Car 0.0000 0.0000 0.0000 -767.0000 206.0000 62.0000 508.0000 1.5197 1.6183 3.9677 -6.9052 1.8660 5.9851 1.5667 0.9858
Car 0.0000 0.0000 0.0000 627.0000 175.0000 660.0000 206.0000 1.5100 1.6045 3.8089 1.8426 1.5750 37.7467 1.5708 0.9740
