Car 0.0000 0.0000 0.0000 202.0000 192.0000 359.0000 273.0000 1.4395 1.5982 3.7380 -6.7913 1.8559 15.2556 1.5708 0.9999
Car 0.0000 0.0000 0.0000 -4.0000 187.0000 323.0000 297.0000 1.4540 1.6290 3.8520 -6.5099 1.6763 10.6261 0.0296 0.9999
Car 0.0000 0.0000 0.0000 205.0000 151.0000 412.0000 220.0000 1.5665 1.6999 4.4120 -7.3228 1.0651 17.7321 0.0353 0.9998
Car 0.0000 0.0000 0.0000 948.0000 182.0000 1270.0000 336.0000 1.4513 1.6234 4.0344 6.0765 1.5761 8.6990 -0.5244 0.9997
Car 0.0000 0.0000 0.0000 634.0000 180.0000 676.0000 213.0000 1.5137 1.6392 3.9186 2.1719 1.7978 34.7344 1.5454 0.9996
Car 0.0000 0.0000 0.0000 -219.0000 186.0000 255.0000 341.0000 1.5205 1.6428 4.0381 -6.4296 1.6842 8.0610 0.0394 0.9995
Car 0.0000 0.0000 0.0000 799.0000 186.0000 926.0000 265.0000 1.5199 1.6693 4.2426 5.8766 1.8187 16.4511 -0.9683 0.9993
Car 0.0000 0.0000 0.0000 722.0000 177.0000 892.0000 237.0000 1.5164 1.6585 4.1444 5.1819 1.6169 19.3604 0.0768 0.9993
Car 0.0000 0.0000 0.0000 1052.0000 159.0000 1800.0000 371.0000 1.4636 1.6420 4.0567 6.2362 1.3869 6.0122 0.1180 0.9993
Car 0.0000 0.0000 0.0000 840.0000 199.0000 1156.0000 305.0000 1.4987 1.6529 4.1510 6.0085 1.9432 11.6012 0.1130 0.9991
Car 0.0000 0.0000 0.0000 380.0000 176.0000 494.0000 216.0000 1.5404 1.6636 4.1680 -6.8789 1.6443 29.0046 0.0377 0.9989
Car 0.0000 0.0000 0.0000 719.0000 173.0000 870.0000 227.0000 1.5136 1.6507 4.0965 5.4687 1.5155 21.6522 0.0334 0.9988
Car 0.0000 0.0000 0.0000 396.0000 173.0000 442.0000 200.0000 1.5278 1.6261 3.9856 -11.4700 1.5106 43.7524 1.5708 0.9976
Car 0.0000 0.0000 0.0000 453.0000 172.0000 526.0000 198.0000 1.5047 1.6264 3.9811 -7.0165 1.3885 42.5853 0.0601 0.9957
Car 0.0000 0.0000 0.0000 416.0000 183.0000 510.0000 220.0000 1.5281 1.5950 3.7637 -6.3864 1.9515 31.6105 0.0899 0.9936
Car 0.0000 0.0000 0.0000 835.0000 177.0000 1077.0000 262.0000 1.4593 1.5886 3.7800 6.2698 1.5408 13.4778 0.1931 0.9896
Car 0.0000 0.0000 0.0000 -526.0000 175.0000 40.0000 419.0000 1.5452 1.6204 3.9283 -6.9886 1.5788 5.9169 0.3050 0.9836
