Car 0.0000 0.0000 0.0000 768.0000 173.0000 935.0000 230.0000 1.4693 1.6541 4.1102 6.5290 1.4696 19.8246 0.1299 0.9999
Car 0.0000 0.0000 0.0000 680.0000 181.0000 814.0000 269.0000 1.5433 1.6626 4.0548 2.6222 1.6878 14.7714 1.4928 0.9999
Car 0.0000 0.0000 0.0000 -304.0000 174.0000 288.0000 363.0000 1.5759 1.6971 4.3523 -5.6977 1.6054 6.9507 0.0383 0.9998
Car 0.0000 0.0000 0.0000 -181.0000 162.0000 230.0000 313.0000 1.5074 1.6200 3.8422 -7.1475 1.4087 9.2749 -1.2309 0.9997
Car 0.0000 0.0000 0.0000 412.0000 173.0000 524.0000 213.0000 1.5291 1.6531 4.0930 -5.6140 1.4996 28.8487 0.0505 0.9994
Car 0.0000 0.0000 0.0000 112.0000 150.0000 353.0000 234.0000 1.4969 1.6245 3.9101 -7.2301 1.0937 13.9386 0.1172 0.9994
Car 0.0000 0.0000 0.0000 383.0000 173.0000 500.0000 216.0000 1.5146 1.6193 3.8989 -6.1928 1.5038 26.7136 0.1895 0.9988
Car 0.0000 0.0000 0.0000 295.0000 156.0000 482.0000 220.0000 1.5535 1.6971 4.3371 -5.6905 1.1430 18.7991 0.0355 0.9970
Car 0.0000 0.0000 0.0000 675.0000 167.0000 706.0000 196.0000 1.7012 1.6917 4.2056 5.1574 1.3194 45.0100 -1.4091 0.9966
Car 0.0000 0.0000 0.0000 248.0000 165.0000 451.0000 240.0000 1.5233 1.6568 4.0881 -5.7645 1.3452 16.2128 -0.3303 0.9966
Car 0.0000 0.0000 0.0000 633.0000 172.0000 654.0000 192.0000 1.5109 1.6208 3.9667 2.8271 1.3991 58.3264 1.5708 0.9957
Car 0.0000 0.0000 0.0000 533.0000 165.0000 558.0000 189.0000 1.6791 1.6975 4.3535 -4.6303 1.0494 53.5327 1.5196 0.9924
Car 0.0000 0.0000 0.0000 502.0000 173.0000 548.0000 202.0000 1.6019 1.6640 4.2683 -4.9282 1.5846 43.0165 -1.4243 0.9776
Car 0.0000 0.0000 0.0000 486.0000 171.0000 526.0000 206.0000 1.5513 1.6254 4.0139 -4.8870 1.4314 34.5236 1.4921 0.9707
Car 0.0000 0.0000 0.0000 51.0000 173.0000 345.0000 274.0000 1.4973 1.6299 3.8933 -6.5832 1.5138 11.6945 0.0630 0.9608
