Car 0.0000 0.0000 0.0000 747.0000 159.0000 934.0000 277.0000 1.8426 1.8179 4.8907 4.1236 1.6330 13.8694 1.5283 0.9999
Car 0.0000 0.0000 0.0000 108.0000 187.0000 375.0000 337.0000 1.5402 1.6598 3.9878 -4.6078 1.7381 9.6735 1.5398 0.9998
Car 0.0000 0.0000 0.0000 521.0000 176.0000 563.0000 208.0000 1.4986 1.6236 3.9672 -3.3527 1.6176 36.4478 1.5708 0.9992
Car 0.0000 0.0000 0.0000 725.0000 169.0000 818.0000 230.0000 1.5371 1.6388 3.8794 4.4160 1.4284 20.2000 1.5512 0.9990
Car 0.0000 0.0000 0.0000 -1116.0000 208.0000 185.0000 743.0000 1.4939 1.6438 4.2776 -4.7059 1.7972 4.4152 1.5525 0.9989
Car 0.0000 0.0000 0.0000 686.0000 163.0000 728.0000 195.0000 1.5388 1.6264 3.8634 4.9542 1.0222 36.7584 1.5708 0.9968
Car 0.0000 0.0000 0.0000 714.0000 160.0000 773.0000 206.0000 1.5112 1.5896 3.5953 4.7544 1.0678 25.9235 1.5708 0.9959
Car 0.0000 0.0000 0.0000 690.0000 173.0000 738.0000 210.0000 1.4979 1.5940 3.7678 4.4758 1.4658 31.1059 1.5708 0.9956
Car 0.0000 0.0000 0.0000 553.0000 175.0000 585.0000 202.0000 1.4991 1.5932 3.8229 -2.2951 1.5731 42.3349 1.5708 0.9714
Car 0.0000 0.0000 0.0000 686.0000 165.0000 717.0000 193.0000 1.5078 1.5992 3.8218 5.2808 1.0254 41.4320 1.5708 0.9602
