Car 0.0000 0.0000 0.0000 581.0000 177.0000 613.0000 208.0000 1.6194 1.6458 3.5796 -0.6627 1.7701 39.2598 1.5562 0.9998
Car 0.0000 0.0000 0.0000 420.0000 182.0000 492.0000 237.0000 1.5230 1.6551 4.1718 -4.6521 1.7738 22.3190 1.4890 0.9996
Car 0.0000 0.0000 0.0000 229.0000 191.0000 423.0000 318.0000 1.5240 1.6333 3.9328 -4.1264 1.8172 11.0795 1.5094 0.9994
Car 0.0000 0.0000 0.0000 232.0000 177.0000 326.0000 221.0000 1.5100 1.6391 4.0370 -12.3408 1.6402 27.1665 1.5708 0.9993
Car 0.0000 0.0000 0.0000 312.0000 182.0000 427.0000 222.0000 1.5255 1.6496 4.0850 -9.6978 1.8934 29.2743 0.0518 0.9992
Car 0.0000 0.0000 0.0000 -88.0000 188.0000 200.0000 312.0000 1.5315 1.6591 4.2286 -8.4370 1.7907 11.4926 1.4777 0.9985
Car 0.0000 0.0000 0.0000 476.0000 179.0000 522.0000 215.0000 1.4982 1.6059 3.8062 -4.8266 1.7342 31.9537 1.5375 0.9983
Car 0.0000 0.0000 0.0000 507.0000 179.0000 542.0000 207.0000 1.5033 1.6160 3.8768 -4.8102 1.8228 41.5369 1.5559 0.9981
Car 0.0000 0.0000 0.0000 225.0000 181.0000 351.0000 243.0000 1.5098 1.6012 3.7208 -8.5669 1.7012 19.4932 1.5708 0.9974
Car 0.0000 0.0000 0.0000 637.0000 178.0000 672.0000 207.0000 1.4977 1.6089 3.9062 2.4872 1.7483 39.7771 1.5593 0.9868
Car 0.0000 0.0000 0.0000 410.0000 181.0000 456.0000 210.0000 1.4991 1.6001 3.8828 -9.4716 1.8752 38.9990 1.5532 0.9728
