Car 0.0000 0.0000 0.0000 304.0000 184.0000 484.0000 244.0000 1.4812 1.6845 4.2646 -5.6479 1.7700 19.1551 0.0144 1.0000
Car 0.0000 0.0000 0.0000 111.0000 185.0000 400.0000 283.0000 1.4929 1.6508 4.0771 -5.8482 1.7085 12.1484 0.0156 0.9998
Car 0.0000 0.0000 0.0000 712.0000 182.0000 835.0000 264.0000 1.5176 1.6296 3.7599 3.3835 1.7151 15.5888 1.5245 0.9997
Car 0.0000 0.0000 0.0000 699.0000 177.0000 786.0000 236.0000 1.5291 1.6472 4.0160 3.6811 1.6176 20.6199 1.5469 0.9996
Car 0.0000 0.0000 0.0000 380.0000 180.0000 505.0000 226.0000 1.5062 1.6197 3.8992 -5.7718 1.7379 25.0441 0.1543 0.9991
Car 0.0000 0.0000 0.0000 454.0000 181.0000 552.0000 218.0000 1.5533 1.6392 4.0157 -4.6230 1.8768 31.6741 0.0892 0.9991
Car 0.0000 0.0000 0.0000 422.0000 178.0000 531.0000 219.0000 1.5789 1.6447 4.0712 -5.3589 1.7575 29.2524 0.0838 0.9979
Car 0.0000 0.0000 0.0000 -49.0000 168.0000 364.0000 316.0000 1.5549 1.6661 4.1977 -5.3853 1.5188 8.7233 0.1669 0.9969
Car 0.0000 0.0000 0.0000 415.0000 182.0000 530.0000 225.0000 1.4921 1.6171 3.9010 -5.0700 1.8311 26.8575 0.1500 0.9968
Car 0.0000 0.0000 0.0000 780.0000 134.0000 857.0000 184.0000 1.6052 1.6370 3.9025 7.3338 0.3253 25.5606 1.5708 0.9968
Car 0.0000 0.0000 0.0000 685.0000 174.0000 722.0000 208.0000 1.5038 1.6234 3.9917 4.5397 1.5254 34.3594 -1.4144 0.9959
Car 0.0000 0.0000 0.0000 479.0000 178.0000 554.0000 207.0000 1.5157 1.5924 3.7474 -5.0345 1.7509 39.3940 0.3308 0.9872
Car 0.0000 0.0000 0.0000 977.0000 176.0000 1148.0000 228.0000 1.4817 1.6578 4.0573 13.6570 1.5774 21.9075 0.1396 0.9792
Car 0.0000 0.0000 0.0000 497.0000 163.0000 566.0000 188.0000 1.5909 1.6904 4.3759 -5.1606 0.8937 48.2678 0.0921 0.9762
Car 0.0000 0.0000 0.0000 660.0000 171.0000 684.0000 191.0000 1.5526 1.6722 4.3700 5.3128 1.3555 61.0058 1.5708 0.9732
