Car 0.0000 0.0000 0.0000 762.0000 178.0000 945.0000 240.0000 1.4828 1.6654 4.1651 6.1884 1.6196 18.6374 0.0464 0.9998
Car 0.0000 0.0000 0.0000 386.0000 170.0000 506.0000 210.0000 1.5979 1.7370 4.6409 -6.8361 1.4584 30.4367 0.0487 0.9998
Car 0.0000 0.0000 0.0000 -118.0000 193.0000 318.0000 334.0000 1.5015 1.6717 4.2318 -6.0784 1.7771 8.8627 0.0183 0.9998
Car 0.0000 0.0000 0.0000 707.0000 179.0000 833.0000 274.0000 1.5430 1.6193 3.5031 2.8577 1.6516 13.6120 1.5708 0.9998
Car 0.0000 0.0000 0.0000 461.0000 178.0000 537.0000 205.0000 1.5013 1.6479 4.0707 -6.3271 1.7412 41.7191 0.0326 0.9994
Car 0.0000 0.0000 0.0000 -493.0000 185.0000 101.0000 385.0000 1.4893 1.6123 3.8392 -6.9905 1.6095 6.4113 0.1145 0.9994
Car 0.0000 0.0000 0.0000 92.0000 180.0000 404.0000 288.0000 1.5247 1.6649 4.1436 -5.5685 1.6492 11.2709 0.1212 0.9993
Car 0.0000 0.0000 0.0000 264.0000 184.0000 436.0000 246.0000 1.4721 1.6065 3.8371 -6.6059 1.7629 18.5139 0.0361 0.9991
Car 0.0000 0.0000 0.0000 175.0000 178.0000 407.0000 261.0000 1.4577 1.6033 3.7608 -6.0055 1.5527 13.6715 0.1689 0.9990
Car 0.0000 0.0000 0.0000 316.0000 182.0000 478.0000 240.0000 1.5587 1.6657 4.1791 -6.0986 1.8207 20.8704 0.0665 0.9986
Car 0.0000 0.0000 0.0000 704.0000 180.0000 812.0000 219.0000 1.5117 1.6519 4.1361 5.9381 1.7643 29.1166 0.1005 0.9965
Car 0.0000 0.0000 0.0000 225.0000 179.0000 448.0000 256.0000 1.5920 1.6877 4.3214 -5.9882 1.7179 15.9973 0.0689 0.9952
Car 0.0000 0.0000 0.0000 348.0000 177.0000 489.0000 227.0000 1.5677 1.6625 4.1921 -6.2284 1.6759 23.7642 0.0549 0.9840
Car 0.0000 0.0000 0.0000 387.0000 182.0000 497.0000 222.0000 1.4750 1.6098 3.8505 -6.4667 1.8195 27.9846 0.0874 0.9837
Car 0.0000 0.0000 0.0000 640.0000 177.0000 670.0000 201.0000 1.5050 1.6019 3.8787 3.0223 1.7218 47.3333 1.5413 0.9681
