Car 0.0000 0.0000 0.0000 114.0000 191.0000 316.0000 257.0000 1.4339 1.6278 3.9108 -9.3119 1.8718 17.1445 0.0233 0.9999
Car 0.0000 0.0000 0.0000 634.0000 174.0000 695.0000 220.0000 1.5239 1.6269 3.7340 1.9092 1.5534 26.1279 1.4924 0.9997
Car 0.0000 0.0000 0.0000 492.0000 179.0000 547.0000 223.0000 1.5147 1.6298 3.7866 -3.3441 1.7145 27.2383 1.5613 0.9997
Car 0.0000 0.0000 0.0000 669.0000 177.0000 804.0000 272.0000 1.5318 1.6562 4.0878 2.2132 1.5991 13.7144 1.5256 0.9996
Car 0.0000 0.0000 0.0000 -724.0000 200.0000 306.0000 739.0000 1.5074 1.6170 3.8924 -3.3676 1.7198 4.1556 1.5323 0.9992
Car 0.0000 0.0000 0.0000 528.0000 179.0000 561.0000 207.0000 1.5063 1.6097 3.7976 -3.6267 1.8232 41.0903 1.5509 0.9987
Car 0.0000 0.0000 0.0000 621.0000 172.0000 650.0000 200.0000 1.5528 1.6317 3.9570 1.5698 1.4767 42.9678 1.5708 0.9975
Car 0.0000 0.0000 0.0000 504.0000 169.0000 544.0000 205.0000 1.5169 1.6072 3.7971 -3.7747 1.3237 32.3957 1.5048 0.9943
Car 0.0000 0.0000 0.0000 -47.0000 184.0000 146.0000 252.0000 1.5279 1.5865 3.6943 -13.4534 1.7941 17.3240 0.1619 0.9885
Car 0.0000 0.0000 0.0000 619.0000 177.0000 665.0000 213.0000 1.5022 1.5907 3.6978 1.4164 1.6375 32.1091 1.4947 0.9819
