Car 0.0000 0.0000 0.0000 725.0000 178.0000 866.0000 225.0000 1.5011 1.6946 4.3199 6.2518 1.6750 24.5079 0.0046 0.9999
Car 0.0000 0.0000 0.0000 677.0000 179.0000 761.0000 243.0000 1.5413 1.6361 3.6854 2.8537 1.6954 19.5181 1.5555 0.9998
Car 0.0000 0.0000 0.0000 -99.0000 163.0000 292.0000 293.0000 1.5259 1.6510 4.0442 -6.5899 1.4236 9.4515 0.0531 0.9998
Car 0.0000 0.0000 0.0000 181.0000 191.0000 419.0000 272.0000 1.5193 1.6634 4.1558 -6.2507 1.8971 14.7575 0.0483 0.9995
Car 0.0000 0.0000 0.0000 52.0000 187.0000 326.0000 285.0000 1.5036 1.6143 3.8143 -7.0500 1.7432 12.2023 0.1191 0.9994
Car 0.0000 0.0000 0.0000 792.0000 181.0000 1275.0000 461.0000 1.5043 1.5947 3.6232 2.7586 1.5679 5.7565 1.5268 0.9992
Car 0.0000 0.0000 0.0000 -319.0000 209.0000 238.0000 393.0000 1.4651 1.6197 3.9660 -6.0213 1.8612 6.9425 0.0220 0.9988
Car 0.0000 0.0000 0.0000 342.0000 181.0000 489.0000 235.0000 1.5227 1.6365 3.9675 -5.7740 1.7691 21.6450 0.0555 0.9986
Car 0.0000 0.0000 0.0000 266.0000 177.0000 469.0000 248.0000 1.5456 1.6684 4.1984 -5.6311 1.6490 16.9817 0.0585 0.9971
Car 0.0000 0.0000 0.0000 374.0000 179.0000 461.0000 228.0000 1.5062 1.5961 3.7684 -6.5839 1.6962 24.4116 0.9518 0.9967
Car 0.0000 0.0000 0.0000 -2002.0000 200.0000 96.0000 1011.0000 1.4944 1.5991 3.9164 -4.6134 1.6845 3.4426 1.5086 0.9954
Car 0.0000 0.0000 0.0000 385.0000 182.0000 503.0000 226.0000 1.5615 1.6288 3.9809 -6.1079 1.8864 26.8602 0.0890 0.9921
Car 0.0000 0.0000 0.0000 543.0000 173.0000 565.0000 192.0000 1.5019 1.6022 3.8692 -4.7004 1.4703 62.2709 1.5708 0.9902
Car 0.0000 0.0000 0.0000 426.0000 160.0000 471.0000 192.0000 1.5490 1.6363 3.8785 -8.2953 0.8704 37.4733 1.5317 0.9884
Car 0.0000 0.0000 0.0000 511.0000 164.0000 545.0000 193.0000 1.8975 1.7692 4.6403 -5.4629 1.2634 49.2907 1.5708 0.9698
