Car 0.0000 0.0000 0.0000 451.0000 167.0000 541.0000 242.0000 1.5766 1.6798 4.1243 -2.5974 1.4459 17.2238 1.5266 0.9999
Car 0.0000 0.0000 0.0000 816.0000 204.0000 1095.0000 386.0000 1.5216 1.6344 3.8648 3.6753 1.9461 8.5173 1.5708 0.9996
Car 0.0000 0.0000 0.0000 -40.0000 192.0000 417.0000 466.0000 1.5230 1.6150 3.6363 -2.9926 1.7139 6.0044 1.5708 0.9996
Car 0.0000 0.0000 0.0000 748.0000 195.0000 873.0000 284.0000 1.5171 1.6379 3.9824 4.0004 2.0101 15.0252 1.5708 0.9995
Car 0.0000 0.0000 0.0000 713.0000 189.0000 776.0000 248.0000 1.5041 1.5856 3.5289 3.8242 1.9568 20.8196 -1.4380 0.9978
Car 0.0000 0.0000 0.0000 673.0000 180.0000 707.0000 210.0000 1.4980 1.6085 3.9030 4.2193 1.8168 37.9972 1.5708 0.9968
Car 0.0000 0.0000 0.0000 704.0000 186.0000 751.0000 231.0000 1.4966 1.5761 3.5694 4.3204 1.9525 26.4534 -1.4157 0.9947
Car 0.0000 0.0000 0.0000 550.0000 188.0000 603.0000 218.0000 1.4961 1.6152 3.8523 -1.6764 2.2577 38.8759 -1.2570 0.9940
Car 0.0000 0.0000 0.0000 1032.0000 195.0000 2879.0000 977.0000 1.5023 1.5909 3.7284 3.7885 1.6479 3.3369 1.5708 0.9935
Car 0.0000 0.0000 0.0000 678.0000 189.0000 723.0000 225.0000 1.5033 1.6234 3.9250 4.1502 2.2131 33.0988 1.5708 0.9899
