Car 0.0000 0.0000 0.0000 710.0000 176.0000 872.0000 284.0000 1.5703 1.6764 4.1108 2.9448 1.6224 12.6777 1.5344 0.9998
Car 0.0000 0.0000 0.0000 303.0000 175.0000 466.0000 238.0000 1.4830 1.6177 3.8376 -5.9055 1.5271 18.8980 -0.5027 0.9997
Car 0.0000 0.0000 0.0000 -356.0000 177.0000 184.0000 352.0000 1.5552 1.6491 4.0387 -6.8688 1.6112 7.3339 0.0497 0.9996
Car 0.0000 0.0000 0.0000 524.0000 178.0000 573.0000 221.0000 1.5243 1.6195 3.6786 -2.2959 1.7021 27.9187 1.5654 0.9995
Car 0.0000 0.0000 0.0000 833.0000 194.0000 2009.0000 847.0000 1.5239 1.6330 3.8701 2.7387 1.6799 3.7948 1.4631 0.9995
Car 0.0000 0.0000 0.0000 436.0000 174.0000 529.0000 208.0000 1.5391 1.6568 4.1186 -6.0562 1.5785 34.6871 0.0324 0.9994
Car 0.0000 0.0000 0.0000 171.0000 182.0000 416.0000 271.0000 1.4394 1.5921 3.7101 -5.5627 1.5984 12.7922 0.1665 0.9992
Car 0.0000 0.0000 0.0000 659.0000 172.0000 699.0000 209.0000 1.5115 1.6086 3.6899 3.0909 1.4450 31.2776 -1.4388 0.9991
Car 0.0000 0.0000 0.0000 629.0000 175.0000 651.0000 193.0000 1.5105 1.6331 3.9834 2.8073 1.6525 65.3573 1.5219 0.9985
Car 0.0000 0.0000 0.0000 21.0000 193.0000 379.0000 317.0000 1.4916 1.6383 3.9638 -5.4179 1.7882 9.7666 0.0563 0.9983
Car 0.0000 0.0000 0.0000 -696.0000 191.0000 121.0000 491.0000 1.4983 1.6014 3.7781 -5.5851 1.6418 4.6925 0.1254 0.9967
Car 0.0000 0.0000 0.0000 548.0000 167.0000 567.0000 185.0000 1.5232 1.6251 3.9126 -4.4508 0.9388 63.0109 1.5225 0.9956
Car 0.0000 0.0000 0.0000 685.0000 166.0000 731.0000 184.0000 1.5374 1.6621 4.1762 9.2301 0.8576 66.8664 0.0783 0.9859
Car 0.0000 0.0000 0.0000 503.0000 175.0000 538.0000 204.0000 1.4978 1.6026 3.8939 -4.9409 1.5911 40.6187 1.5501 0.9679
