Car 0.0000 0.0000 0.0000 299.0000 192.0000 419.0000 266.0000 1.5298 1.6517 4.0263 -5.9739 2.0034 17.5893 1.5345 0.9998
Car 0.0000 0.0000 0.0000 151.0000 193.0000 351.0000 305.0000 1.5359 1.6471 3.9548 -6.0001 1.9193 12.5411 1.5269 0.9997
Car 0.0000 0.0000 0.0000 869.0000 148.0000 1058.0000 210.0000 1.5153 1.6582 4.1583 9.2352 0.8957 19.0413 0.0500 0.9996
Car 0.0000 0.0000 0.0000 378.0000 188.0000 461.0000 241.0000 1.5065 1.6154 3.8267 -5.9935 1.9937 23.1467 1.5708 0.9994
Car 0.0000 0.0000 0.0000 -297.0000 206.0000 215.0000 448.0000 1.5495 1.6560 4.1250 -5.8400 1.9601 7.2419 1.4973 0.9994
Car 0.0000 0.0000 0.0000 437.0000 186.0000 498.0000 225.0000 1.4941 1.6248 4.0571 -5.9633 2.0362 30.7140 1.5708 0.9993
Car 0.0000 0.0000 0.0000 672.0000 174.0000 729.0000 221.0000 1.5186 1.6152 3.7447 3.1079 1.5260 25.1302 1.5708 0.9989
Car 0.0000 0.0000 0.0000 659.0000 176.0000 700.0000 214.0000 1.5163 1.6110 3.7258 2.9555 1.5996 30.6607 1.5708 0.9987
Car 0.0000 0.0000 0.0000 846.0000 156.0000 993.0000 209.0000 1.4679 1.6169 3.9332 9.2581 0.9873 21.8285 1.1027 0.9924
Car 0.0000 0.0000 0.0000 784.0000 166.0000 830.0000 208.0000 1.5032 1.5799 3.5534 7.5894 1.2256 27.9072 -1.3352 0.9867
