Car 0.0000 0.0000 0.0000 300.0000 187.0000 451.0000 280.0000 1.5289 1.6677 4.1200 -4.4996 1.8309 14.4308 1.5708 0.9999
Car 0.0000 0.0000 0.0000 526.0000 181.0000 565.0000 208.0000 1.5132 1.6258 3.7709 -3.5985 1.9013 41.5178 1.5708 0.9998
Car 0.0000 0.0000 0.0000 813.0000 183.0000 1056.0000 333.0000 1.5211 1.6052 3.5100 3.8425 1.6599 9.2412 1.5708 0.9998
Car 0.0000 0.0000 0.0000 748.0000 182.0000 872.0000 268.0000 1.5351 1.6223 3.5822 3.9696 1.7186 14.9020 1.5708 0.9997
Car 0.0000 0.0000 0.0000 942.0000 195.0000 2106.0000 725.0000 1.5041 1.6292 4.0253 3.7124 1.6821 4.2171 1.5452 0.9994
Car 0.0000 0.0000 0.0000 698.0000 180.0000 791.0000 240.0000 1.5062 1.6202 3.9065 3.6529 1.6754 20.1351 1.5038 0.9990
Car 0.0000 0.0000 0.0000 398.0000 188.0000 492.0000 251.0000 1.4954 1.6130 3.9314 -4.4428 1.9206 19.9636 1.5708 0.9985
Car 0.0000 0.0000 0.0000 900.0000 175.0000 956.0000 202.0000 1.4922 1.6049 3.8914 18.3127 1.5493 41.4990 1.5708 0.9977
Car 0.0000 0.0000 0.0000 458.0000 181.0000 528.0000 228.0000 1.5175 1.6375 4.0900 -4.0415 1.7921 25.6164 1.5708 0.9977
Car 0.0000 0.0000 0.0000 959.0000 173.0000 1021.0000 205.0000 1.4977 1.6136 3.9465 18.9885 1.4609 36.0274 -1.3828 0.9963
Car 0.0000 0.0000 0.0000 693.0000 181.0000 745.0000 228.0000 1.4953 1.5873 3.6730 3.7548 1.7710 25.2046 -1.4741 0.9927
Car 0.0000 0.0000 0.0000 685.0000 167.0000 717.0000 194.0000 1.5173 1.6195 3.9448 5.3761 1.1408 42.1598 1.5708 0.9908
Car 0.0000 0.0000 0.0000 693.0000 174.0000 735.0000 211.0000 1.5031 1.5859 3.6984 4.4161 1.5027 30.7290 -1.4699 0.9868
Car 0.0000 0.0000 0.0000 1160.0000 174.0000 1278.0000 224.0000 1.5052 1.5779 3.8995 20.2078 1.5400 23.8317 -0.4676 0.9724
Car 0.0000 0.0000 0.0000 681.0000 175.0000 715.0000 207.0000 1.4905 1.5901 3.7959 4.4658 1.5798 35.9566 -1.4338 0.9659
