Car 0.0000 0.0000 0.0000 -85.0000 192.0000 316.0000 326.0000 1.4800 1.6642 4.1615 -6.1821 1.7366 9.1744 0.1209 0.9999
Car 0.0000 0.0000 0.0000 159.0000 191.0000 399.0000 274.0000 1.4481 1.6236 3.8877 -6.2806 1.7998 13.8813 0.0257 0.9999
Car 0.0000 0.0000 0.0000 667.0000 180.0000 734.0000 237.0000 1.5327 1.6328 3.6787 2.6165 1.7167 21.4874 1.5708 0.9998
Car 0.0000 0.0000 0.0000 717.0000 185.0000 898.0000 311.0000 1.5294 1.6079 3.4563 2.6877 1.7063 10.6646 1.5377 0.9998
Car 0.0000 0.0000 0.0000 424.0000 178.0000 531.0000 215.0000 1.5154 1.6743 4.2408 -5.5950 1.6983 30.9426 0.0238 0.9996
Car 0.0000 0.0000 0.0000 321.0000 179.0000 473.0000 235.0000 1.6040 1.6683 4.1380 -6.4396 1.7859 21.9130 0.2015 0.9981
Car 0.0000 0.0000 0.0000 290.0000 188.0000 450.0000 247.0000 1.4675 1.5878 3.6906 -6.2970 1.8592 19.0726 0.0975 0.9972
Car 0.0000 0.0000 0.0000 638.0000 177.0000 671.0000 209.0000 1.5183 1.6169 3.8926 2.2968 1.7028 36.9375 1.5708 0.9893
Car 0.0000 0.0000 0.0000 519.0000 180.0000 549.0000 203.0000 1.4971 1.6308 4.1541 -5.0566 1.9042 49.1166 1.5638 0.9858
Car 0.0000 0.0000 0.0000 445.0000 174.0000 524.0000 203.0000 1.5653 1.6517 4.0884 -6.9801 1.5693 40.5525 0.1115 0.9851
Car 0.0000 0.0000 0.0000 477.0000 181.0000 541.0000 206.0000 1.5124 1.5853 3.7036 -6.3166 1.9978 45.8349 0.1340 0.9807
