Car 0.0000 0.0000 0.0000 264.0000 187.0000 439.0000 290.0000 1.5570 1.6900 4.3483 -4.5886 1.8268 13.4764 1.5708 0.9998
Car 0.0000 0.0000 0.0000 830.0000 180.0000 1140.0000 355.0000 1.5406 1.6438 3.7487 3.8737 1.6143 8.2631 1.5708 0.9998
Car 0.0000 0.0000 0.0000 748.0000 180.0000 884.0000 274.0000 1.5411 1.6349 3.6765 3.7882 1.6779 13.8760 1.5708 0.9998
Car 0.0000 0.0000 0.0000 523.0000 181.0000 556.0000 210.0000 1.5234 1.6223 3.6307 -3.8523 1.9281 40.3659 1.5301 0.9998
Car 0.0000 0.0000 0.0000 383.0000 190.0000 485.0000 258.0000 1.5006 1.6547 4.2886 -4.5228 1.9790 19.1141 1.5708 0.9995
Car 0.0000 0.0000 0.0000 716.0000 176.0000 801.0000 239.0000 1.5140 1.6184 3.7980 3.8371 1.5725 19.1519 1.5708 0.9987
Car 0.0000 0.0000 0.0000 1038.0000 196.0000 3951.0000 1391.0000 1.4992 1.6172 3.9931 3.7955 1.6448 2.9854 1.5406 0.9986
Car 0.0000 0.0000 0.0000 436.0000 184.0000 510.0000 235.0000 1.4960 1.5959 3.7935 -4.4259 1.8568 23.8025 1.5708 0.9972
Car 0.0000 0.0000 0.0000 691.0000 172.0000 739.0000 211.0000 1.5052 1.5990 3.7443 4.3176 1.4373 29.7463 1.5708 0.9970
Car 0.0000 0.0000 0.0000 690.0000 177.0000 761.0000 227.0000 1.5125 1.5861 3.6381 3.8260 1.6398 24.2189 1.5159 0.9941
Car 0.0000 0.0000 0.0000 539.0000 178.0000 571.0000 204.0000 1.5180 1.6377 4.1736 -3.3082 1.7979 45.1071 1.5708 0.9930
Car 0.0000 0.0000 0.0000 971.0000 173.0000 1032.0000 206.0000 1.4948 1.5986 3.8132 18.9104 1.4841 34.8521 -1.3464 0.9909
Car 0.0000 0.0000 0.0000 683.0000 178.0000 718.0000 210.0000 1.4972 1.6068 3.9347 4.5267 1.6878 35.3378 -1.4179 0.9811
Car 0.0000 0.0000 0.0000 689.0000 170.0000 719.0000 198.0000 1.5256 1.6084 3.8503 5.3896 1.3134 40.8789 -1.4387 0.9772
