Car 0.0000 0.0000 0.0000 271.0000 181.0000 466.0000 244.0000 1.5365 1.7345 4.5693 -6.2885 1.7546 19.0839 0.0273 1.0000
Car 0.0000 0.0000 0.0000 67.0000 182.0000 369.0000 285.0000 1.4849 1.6454 3.9858 -6.1190 1.6360 11.4293 0.1044 0.9999
Car 0.0000 0.0000 0.0000 673.0000 180.0000 750.0000 239.0000 1.5357 1.6143 3.4433 2.8455 1.7151 20.7438 1.5360 0.9999
Car 0.0000 0.0000 0.0000 751.0000 191.0000 1019.0000 367.0000 1.5553 1.6194 3.6028 2.9062 1.7980 8.5342 1.5158 0.9997
Car 0.0000 0.0000 0.0000 657.0000 176.0000 697.0000 213.0000 1.5152 1.6037 3.5449 2.9096 1.6053 31.5355 1.5708 0.9996
Car 0.0000 0.0000 0.0000 -486.0000 112.0000 214.0000 335.0000 1.7668 1.7941 4.9946 -6.7116 1.3080 6.7609 0.0727 0.9995
Car 0.0000 0.0000 0.0000 628.0000 177.0000 650.0000 196.0000 1.5000 1.6035 3.8471 2.5916 1.8002 60.6961 1.5708 0.9964
Car 0.0000 0.0000 0.0000 359.0000 171.0000 492.0000 220.0000 1.5453 1.6415 3.9966 -6.1390 1.4871 24.1855 0.1215 0.9962
Car 0.0000 0.0000 0.0000 928.0000 180.0000 2654.0000 1033.0000 1.5091 1.5795 3.5270 3.0170 1.5437 3.1024 1.4955 0.9953
Car 0.0000 0.0000 0.0000 510.0000 167.0000 553.0000 201.0000 1.8455 1.7477 4.4453 -4.4783 1.4994 42.1489 1.5708 0.9885
Car 0.0000 0.0000 0.0000 428.0000 179.0000 523.0000 215.0000 1.5374 1.6219 3.8797 -5.9466 1.7829 32.0579 0.3712 0.9842
Car 0.0000 0.0000 0.0000 -125.0000 186.0000 298.0000 331.0000 1.5511 1.6545 4.0851 -6.2428 1.7328 8.7999 0.0747 0.9806
Car 0.0000 0.0000 0.0000 1224.0000 157.0000 1282.0000 195.0000 1.4969 1.5974 3.8841 27.1901 0.8460 30.4729 -0.8960 0.9738
Car 0.0000 0.0000 0.0000 482.0000 165.0000 545.0000 190.0000 1.6487 1.6875 4.1404 -6.6458 1.0580 50.4494 0.1066 0.9733
Car 0.0000 0.0000 0.0000 149.0000 168.0000 378.0000 249.0000 1.5190 1.6169 3.9124 -6.9254 1.4326 14.5210 0.1397 0.9687
Car 0.0000 0.0000 0.0000 638.0000 173.0000 666.0000 197.0000 1.5037 1.6008 3.8848 2.8582 1.4370 46.9844 -1.4490 0.9673
