Car 0.0000 0.0000 0.0000 768.0000 182.0000 929.0000 285.0000 1.5480 1.6231 3.5168 3.9998 1.6974 12.6883 1.5650 0.9998
Car 0.0000 0.0000 0.0000 436.0000 184.0000 510.0000 238.0000 1.5223 1.6392 3.8440 -4.2302 1.8729 22.8335 1.5656 0.9998
Car 0.0000 0.0000 0.0000 556.0000 180.0000 586.0000 203.0000 1.5138 1.6271 3.8115 -2.5732 1.9492 50.0110 1.5708 0.9998
Car 0.0000 0.0000 0.0000 854.0000 188.0000 1273.0000 412.0000 1.5215 1.6265 3.8549 3.8367 1.6908 7.0219 1.5696 0.9997
Car 0.0000 0.0000 0.0000 728.0000 179.0000 827.0000 249.0000 1.5230 1.6223 3.7554 4.0203 1.6575 17.8225 1.5708 0.9996
Car 0.0000 0.0000 0.0000 708.0000 176.0000 775.0000 227.0000 1.5062 1.6137 3.8130 4.2043 1.5927 23.4248 1.5708 0.9991
Car 0.0000 0.0000 0.0000 360.0000 177.0000 456.0000 211.0000 1.4883 1.6249 3.9176 -9.1614 1.6377 32.8967 0.0438 0.9984
Car 0.0000 0.0000 0.0000 700.0000 175.0000 745.0000 216.0000 1.4956 1.5960 3.7754 4.4313 1.5544 28.2119 -1.4168 0.9885
Car 0.0000 0.0000 0.0000 877.0000 172.0000 905.0000 195.0000 1.4920 1.5838 3.7055 19.3129 1.3897 49.3759 -1.2478 0.9742
Car 0.0000 0.0000 0.0000 492.0000 186.0000 552.0000 228.0000 1.4981 1.6004 3.8310 -3.3966 1.9962 28.6135 1.5708 0.9627
