Car 0.0000 0.0000 0.0000 155.0000 190.0000 412.0000 275.0000 1.4874 1.6803 4.2408 -6.2271 1.8381 13.9948 0.0305 0.9999
Car 0.0000 0.0000 0.0000 672.0000 182.0000 772.0000 250.0000 1.5309 1.6794 4.3535 2.7410 1.7459 18.5695 1.5261 0.9998
Car 0.0000 0.0000 0.0000 -26.0000 198.0000 162.0000 355.0000 1.4629 1.5970 3.6893 -6.6701 1.8177 9.1393 1.0111 0.9996
Car 0.0000 0.0000 0.0000 652.0000 179.0000 705.0000 221.0000 1.5108 1.6200 3.7696 2.5938 1.7003 27.6461 1.5641 0.9995
Car 0.0000 0.0000 0.0000 413.0000 183.0000 513.0000 220.0000 1.5401 1.6373 4.0043 -6.4030 1.9579 31.7006 0.0665 0.9984
Car 0.0000 0.0000 0.0000 1150.0000 187.0000 1952.0000 495.0000 1.5114 1.5855 3.5510 6.0812 1.6354 5.4591 -1.4738 0.9978
Car 0.0000 0.0000 0.0000 357.0000 182.0000 488.0000 228.0000 1.5450 1.6748 4.2450 -6.6920 1.8662 25.9686 0.0663 0.9976
Car 0.0000 0.0000 0.0000 -381.0000 197.0000 151.0000 385.0000 1.4778 1.5761 3.5909 -6.5982 1.7306 6.7373 0.0823 0.9972
Car 0.0000 0.0000 0.0000 307.0000 186.0000 451.0000 242.0000 1.4785 1.5852 3.6729 -6.6103 1.8606 20.7178 0.2393 0.9967
Car 0.0000 0.0000 0.0000 424.0000 176.0000 513.0000 208.0000 1.5726 1.6514 4.1052 -7.0740 1.6773 36.5109 0.0987 0.9950
Car 0.0000 0.0000 0.0000 270.0000 182.0000 444.0000 245.0000 1.5389 1.6306 3.9947 -6.5457 1.7638 18.7646 0.1893 0.9889
Car 0.0000 0.0000 0.0000 457.0000 181.0000 535.0000 209.0000 1.5603 1.6666 4.1692 -6.5504 1.9697 41.8454 0.1062 0.9621
