Car 0.0000 0.0000 0.0000 535.0000 176.0000 587.0000 226.0000 1.5422 1.6259 3.4740 -1.6323 1.6367 24.4549 1.5156 0.9999
Car 0.0000 0.0000 0.0000 383.0000 177.0000 475.0000 251.0000 1.5353 1.6212 3.5721 -4.1509 1.6177 16.9933 1.4656 0.9997
Car 0.0000 0.0000 0.0000 105.0000 181.0000 234.0000 236.0000 1.5192 1.6686 4.3618 -13.4884 1.7497 22.3674 1.4788 0.9997
Car 0.0000 0.0000 0.0000 247.0000 183.0000 345.0000 241.0000 1.5152 1.6345 3.8431 -9.1239 1.7949 21.2386 1.4499 0.9997
Car 0.0000 0.0000 0.0000 317.0000 180.0000 362.0000 206.0000 1.5138 1.6341 3.8469 -16.3456 1.8847 43.8582 1.4706 0.9996
Car 0.0000 0.0000 0.0000 336.0000 182.0000 391.0000 221.0000 1.5169 1.6295 3.7700 -10.3481 1.8498 30.4858 1.3955 0.9995
Car 0.0000 0.0000 0.0000 -186.0000 189.0000 160.0000 341.0000 1.5343 1.6642 4.1251 -7.9636 1.7769 9.7602 1.4005 0.9995
Car 0.0000 0.0000 0.0000 519.0000 181.0000 541.0000 200.0000 1.5086 1.6239 3.8786 -6.4264 2.0738 59.1286 1.5090 0.9994
Car 0.0000 0.0000 0.0000 228.0000 182.0000 293.0000 217.0000 1.4935 1.5923 3.8624 -15.9751 1.8881 33.1834 1.4274 0.9841
Car 0.0000 0.0000 0.0000 457.0000 166.0000 499.0000 205.0000 2.0729 1.8717 4.9327 -7.3554 1.6585 40.9521 1.4873 0.9819
