Car 0.0000 0.0000 0.0000 278.0000 173.0000 447.0000 303.0000 1.5578 1.6180 3.2857 -3.4195 1.5707 10.4599 1.4682 0.9999
Car 0.0000 0.0000 0.0000 560.0000 177.0000 603.0000 218.0000 1.5348 1.6176 3.5053 -1.1041 1.6748 28.8507 1.5330 0.9998
Car 0.0000 0.0000 0.0000 -11.0000 187.0000 235.0000 302.0000 1.5106 1.6547 4.0914 -7.9676 1.7646 11.9913 1.4571 0.9996
Car 0.0000 0.0000 0.0000 383.0000 180.0000 479.0000 245.0000 1.5217 1.6314 3.8873 -4.5554 1.6766 18.8125 1.5476 0.9993
Car 0.0000 0.0000 0.0000 179.0000 181.0000 281.0000 229.0000 1.4999 1.6237 3.9439 -13.0975 1.7696 25.1170 1.5249 0.9992
Car 0.0000 0.0000 0.0000 -200.0000 136.0000 87.0000 246.0000 1.7681 1.7284 4.2744 -12.4130 1.1760 13.8482 1.5235 0.9981
Car 0.0000 0.0000 0.0000 410.0000 165.0000 454.0000 198.0000 1.5071 1.6108 3.8715 -8.7360 1.1154 35.7192 1.4696 0.9926
Car 0.0000 0.0000 0.0000 453.0000 177.0000 483.0000 199.0000 1.4990 1.5911 3.7792 -9.9861 1.7077 51.3707 1.5172 0.9891
Car 0.0000 0.0000 0.0000 298.0000 173.0000 346.0000 207.0000 1.5074 1.5761 3.6140 -13.8053 1.4934 34.7618 1.3518 0.9877
Car 0.0000 0.0000 0.0000 283.0000 174.0000 376.0000 229.0000 1.4975 1.5906 3.8230 -8.3476 1.5257 21.7259 1.4877 0.9857
Car 0.0000 0.0000 0.0000 478.0000 157.0000 523.0000 202.0000 1.9951 1.8228 4.8089 -5.1235 1.2622 34.5653 1.4855 0.9848
