Car 0.0000 0.0000 0.0000 691.0000 180.0000 747.0000 232.0000 1.5266 1.6035 3.4315 3.4533 1.7460 23.1147 -1.4625 0.9998
Car 0.0000 0.0000 0.0000 221.0000 190.0000 348.0000 264.0000 1.5256 1.6392 3.8775 -7.7337 1.9430 17.4727 1.4716 0.9997
Car 0.0000 0.0000 0.0000 -303.0000 208.0000 168.0000 424.0000 1.5335 1.6605 4.0781 -6.7147 1.9903 7.8253 1.4429 0.9997
Car 0.0000 0.0000 0.0000 206.0000 196.0000 265.0000 231.0000 1.5181 1.6508 3.9478 -18.3264 2.6395 35.4824 1.3455 0.9996
Car 0.0000 0.0000 0.0000 77.0000 201.0000 227.0000 273.0000 1.5103 1.6594 4.2415 -11.8164 2.3006 18.9211 1.4542 0.9994
Car 0.0000 0.0000 0.0000 444.0000 183.0000 469.0000 202.0000 1.5035 1.6326 4.0196 -12.5109 2.2635 59.2765 1.4493 0.9992
Car 0.0000 0.0000 0.0000 316.0000 187.0000 366.0000 217.0000 1.5108 1.6141 3.7461 -14.3937 2.2101 38.8371 1.4783 0.9989
Car 0.0000 0.0000 0.0000 362.0000 157.0000 446.0000 222.0000 2.4023 1.9415 5.1355 -8.2786 1.7989 29.5840 1.5708 0.9956
Car 0.0000 0.0000 0.0000 189.0000 197.0000 272.0000 243.0000 1.4988 1.6074 3.8637 -14.1239 2.3995 27.0788 1.4139 0.9938
Car 0.0000 0.0000 0.0000 773.0000 178.0000 802.0000 200.0000 1.4942 1.5857 3.6372 12.7002 1.8178 51.0115 -1.2172 0.9898
Car 0.0000 0.0000 0.0000 569.0000 180.0000 596.0000 202.0000 1.5056 1.6130 3.8922 -1.8329 1.9199 51.0702 1.5708 0.9841
Car 0.0000 0.0000 0.0000 673.0000 179.0000 699.0000 204.0000 1.4964 1.6095 3.9058 4.9075 1.8210 45.9913 -1.4762 0.9802
