Car 0.0000 0.0000 0.0000 603.0000 177.0000 678.0000 250.0000 1.5580 1.5986 3.1639 0.6858 1.6433 17.0928 1.5708 0.9999
Car 0.0000 0.0000 0.0000 255.0000 184.0000 439.0000 294.0000 1.5340 1.6583 4.1231 -4.2933 1.7363 12.4181 1.5708 0.9998
Car 0.0000 0.0000 0.0000 -1230.0000 212.0000 174.0000 823.0000 1.5229 1.6512 4.0509 -4.5082 1.8403 4.0857 1.5320 0.9997
Car 0.0000 0.0000 0.0000 429.0000 179.0000 512.0000 239.0000 1.5492 1.6647 4.3399 -3.9059 1.7078 20.8742 1.5475 0.9994
Car 0.0000 0.0000 0.0000 120.0000 178.0000 244.0000 236.0000 1.5113 1.6276 3.8567 -12.4093 1.6472 21.1719 1.4786 0.9993
Car 0.0000 0.0000 0.0000 16.0000 182.0000 90.0000 212.0000 1.5192 1.5920 3.4377 -29.9338 1.9532 38.8688 1.4758 0.9993
Car 0.0000 0.0000 0.0000 -235.0000 190.0000 148.0000 341.0000 1.5195 1.6386 4.0328 -8.2861 1.7763 9.6847 1.5236 0.9988
Car 0.0000 0.0000 0.0000 510.0000 187.0000 562.0000 229.0000 1.5038 1.5906 3.6450 -2.7975 2.0293 28.1459 1.5708 0.9966
Car 0.0000 0.0000 0.0000 535.0000 168.0000 567.0000 196.0000 2.0419 1.8116 4.7578 -4.4249 1.6186 55.8180 1.5708 0.9934
Car 0.0000 0.0000 0.0000 217.0000 170.0000 340.0000 213.0000 1.5173 1.6188 3.8914 -12.4086 1.4049 27.1188 0.0737 0.9822
Car 0.0000 0.0000 0.0000 657.0000 182.0000 695.0000 211.0000 1.4960 1.6030 3.9416 3.6801 1.9389 40.0264 1.5513 0.9647
