Car 0.0000 0.0000 0.0000 747.0000 180.0000 878.0000 268.0000 1.5324 1.6430 3.9071 3.9362 1.6698 14.6707 1.5708 0.9997
Car 0.0000 0.0000 0.0000 810.0000 179.0000 1067.0000 324.0000 1.5413 1.6234 3.5771 4.0059 1.6156 9.5237 1.5275 0.9997
Car 0.0000 0.0000 0.0000 397.0000 186.0000 493.0000 250.0000 1.5228 1.6405 3.9160 -4.3910 1.8828 19.7462 1.5708 0.9996
Car 0.0000 0.0000 0.0000 545.0000 178.0000 580.0000 202.0000 1.5023 1.6258 3.9428 -2.9481 1.7740 46.8068 -1.4660 0.9996
Car 0.0000 0.0000 0.0000 717.0000 180.0000 802.0000 239.0000 1.5137 1.5944 3.5489 4.0868 1.6770 20.1974 1.5635 0.9992
Car 0.0000 0.0000 0.0000 983.0000 191.0000 2106.0000 688.0000 1.5075 1.6019 3.7119 3.9698 1.6404 4.1749 1.5244 0.9991
Car 0.0000 0.0000 0.0000 459.0000 183.0000 528.0000 229.0000 1.4971 1.5987 3.8224 -4.0263 1.8233 25.5982 1.5708 0.9970
Car 0.0000 0.0000 0.0000 486.0000 181.0000 538.0000 219.0000 1.4979 1.6190 4.0442 -4.0919 1.7871 30.7741 1.5708 0.9965
Car 0.0000 0.0000 0.0000 691.0000 177.0000 748.0000 224.0000 1.5091 1.6154 3.8930 3.7808 1.6249 25.3130 1.5708 0.9953
Car 0.0000 0.0000 0.0000 1190.0000 170.0000 1261.0000 218.0000 1.4662 1.5922 3.8011 20.5370 1.3602 24.1086 -0.9169 0.9941
Car 0.0000 0.0000 0.0000 319.0000 171.0000 431.0000 210.0000 1.5397 1.6459 4.0328 -9.6198 1.4344 29.7184 0.0571 0.9930
Car 0.0000 0.0000 0.0000 978.0000 182.0000 1037.0000 215.0000 1.4883 1.5991 3.9158 19.6006 1.9141 35.5297 -1.3157 0.9737
Car 0.0000 0.0000 0.0000 926.0000 175.0000 975.0000 203.0000 1.4945 1.5953 3.8340 19.4411 1.5930 41.1123 -1.3723 0.9719
