Car 0.0000 0.0000 0.0000 -61.0000 193.0000 354.0000 329.0000 1.4744 1.6628 4.1711 -5.6089 1.7513 8.9623 0.0551 0.9999
Car 0.0000 0.0000 0.0000 388.0000 181.0000 498.0000 218.0000 1.5096 1.6932 4.3111 -7.0944 1.8192 30.9450 0.0101 0.9999
Car 0.0000 0.0000 0.0000 731.0000 182.0000 981.0000 341.0000 1.5348 1.6456 3.9090 2.7486 1.6570 9.0945 1.5254 0.9998
Car 0.0000 0.0000 0.0000 653.0000 180.0000 704.0000 222.0000 1.5106 1.6313 3.8682 2.5822 1.7324 27.7311 1.5708 0.9997
Car 0.0000 0.0000 0.0000 498.0000 181.0000 559.0000 230.0000 1.5156 1.6041 3.5758 -2.6407 1.7444 24.0114 1.5708 0.9996
Car 0.0000 0.0000 0.0000 -396.0000 199.0000 256.0000 417.0000 1.5184 1.6427 4.0528 -5.4517 1.7689 6.0685 0.0422 0.9994
Car 0.0000 0.0000 0.0000 201.0000 173.0000 415.0000 255.0000 1.5291 1.6360 3.9491 -6.2210 1.5388 15.1441 -0.3384 0.9993
Car 0.0000 0.0000 0.0000 623.0000 178.0000 643.0000 196.0000 1.5100 1.6110 3.7655 2.1204 1.8630 61.4207 1.5708 0.9985
Car 0.0000 0.0000 0.0000 528.0000 171.0000 550.0000 193.0000 1.7139 1.7154 4.3284 -5.7379 1.4944 59.2840 1.4648 0.9973
Car 0.0000 0.0000 0.0000 652.0000 191.0000 675.0000 211.0000 1.5133 1.6586 4.1854 4.5362 2.9636 58.8519 -1.4404 0.9926
Car 0.0000 0.0000 0.0000 -179.0000 175.0000 122.0000 291.0000 1.5200 1.5990 3.7101 -9.7921 1.5613 11.4458 1.5400 0.9893
Car 0.0000 0.0000 0.0000 410.0000 168.0000 453.0000 201.0000 1.9081 1.7390 4.2723 -10.7110 1.5861 43.7142 1.5296 0.9848
Car 0.0000 0.0000 0.0000 470.0000 180.0000 515.0000 211.0000 1.5026 1.6013 3.8771 -5.8628 1.8027 36.6510 1.5708 0.9826
Car 0.0000 0.0000 0.0000 -138.0000 182.0000 53.0000 251.0000 1.4871 1.5790 3.7652 -15.9101 1.7087 17.8173 1.4836 0.9710
Car 0.0000 0.0000 0.0000 717.0000 185.0000 802.0000 215.0000 1.5612 1.6888 4.2826 8.0235 2.1669 38.7162 0.1035 0.9650
