Car 0.0000 0.0000 0.0000 882.0000 156.0000 1133.0000 235.0000 1.5376 1.6835 4.2830 8.1715 1.2163 15.1241 0.0902 0.9999
Car 0.0000 0.0000 0.0000 676.0000 180.0000 758.0000 244.0000 1.5405 1.6358 3.6833 2.7589 1.7036 19.2733 1.5708 0.9999
Car 0.0000 0.0000 0.0000 933.0000 155.0000 1281.0000 261.0000 1.5987 1.7234 4.5209 8.0270 1.3376 11.9877 0.0464 0.9998
Car 0.0000 0.0000 0.0000 144.0000 194.0000 343.0000 303.0000 1.5269 1.6318 3.7612 -6.2037 1.9347 12.6461 1.5537 0.9998
Car 0.0000 0.0000 0.0000 794.0000 171.0000 962.0000 227.0000 1.5793 1.7060 4.3866 7.9344 1.5181 21.5460 0.0223 0.9997
Car 0.0000 0.0000 0.0000 333.0000 195.0000 431.0000 258.0000 1.5169 1.6176 3.6724 -6.2766 2.1498 20.2403 1.5614 0.9996
Car 0.0000 0.0000 0.0000 456.0000 182.0000 504.0000 215.0000 1.5039 1.6089 3.7873 -6.2167 1.9045 34.9344 1.5708 0.9991
Car 0.0000 0.0000 0.0000 301.0000 187.0000 455.0000 241.0000 1.5851 1.6909 4.3286 -7.2563 2.0208 22.6573 0.2160 0.9989
Car 0.0000 0.0000 0.0000 -4267.0000 206.0000 152.0000 2134.0000 1.5156 1.6167 3.8524 -3.6350 1.7144 2.6021 1.5000 0.9988
Car 0.0000 0.0000 0.0000 1190.0000 146.0000 1360.0000 192.0000 1.4628 1.6062 3.9134 22.5897 0.5870 24.6162 0.4089 0.9961
Car 0.0000 0.0000 0.0000 1118.0000 144.0000 1259.0000 185.0000 1.4722 1.6103 3.9602 22.2928 0.4168 27.8745 0.4203 0.9914
Car 0.0000 0.0000 0.0000 419.0000 174.0000 459.0000 203.0000 1.6802 1.6767 4.1946 -10.2855 1.7145 43.8543 1.5105 0.9825
Car 0.0000 0.0000 0.0000 526.0000 182.0000 550.0000 201.0000 1.5084 1.6155 3.9801 -5.7563 2.1545 58.9642 1.5622 0.9632
