Car 0.0000 0.0000 0.0000 687.0000 182.0000 782.0000 253.0000 1.5334 1.6023 3.3716 2.9168 1.7403 17.5094 1.5358 0.9999
Car 0.0000 0.0000 0.0000 301.0000 176.0000 465.0000 285.0000 1.5378 1.6322 3.6417 -3.6336 1.5876 12.1165 1.5627 0.9998
Car 0.0000 0.0000 0.0000 585.0000 178.0000 616.0000 204.0000 1.5244 1.6364 3.7940 -0.5403 1.7576 43.4613 1.4931 0.9997
Car 0.0000 0.0000 0.0000 -662.0000 207.0000 302.0000 736.0000 1.5280 1.6218 3.7243 -3.3779 1.7991 4.1860 1.5311 0.9997
Car 0.0000 0.0000 0.0000 633.0000 178.0000 667.0000 204.0000 1.5153 1.6470 3.9644 2.4569 1.7633 43.5802 1.5312 0.9997
Car 0.0000 0.0000 0.0000 500.0000 178.0000 540.0000 209.0000 1.5175 1.6159 3.6205 -4.5454 1.7248 36.9894 1.5661 0.9996
Car 0.0000 0.0000 0.0000 143.0000 180.0000 306.0000 261.0000 1.5163 1.6361 3.8978 -8.2155 1.6646 15.7410 1.5219 0.9996
Car 0.0000 0.0000 0.0000 443.0000 181.0000 513.0000 231.0000 1.5349 1.6135 3.5067 -4.3178 1.7830 24.1576 1.5708 0.9996
Car 0.0000 0.0000 0.0000 393.0000 177.0000 446.0000 212.0000 1.5341 1.6524 4.1940 -8.8952 1.7121 34.1078 1.5097 0.9984
Car 0.0000 0.0000 0.0000 574.0000 179.0000 599.0000 201.0000 1.5013 1.6014 3.8391 -1.5782 1.8649 51.6440 1.5708 0.9908
Car 0.0000 0.0000 0.0000 318.0000 172.0000 414.0000 223.0000 1.4959 1.6058 3.9174 -7.8101 1.4702 23.4453 1.5708 0.9807
Car 0.0000 0.0000 0.0000 535.0000 179.0000 567.0000 203.0000 1.4982 1.5862 3.7346 -3.7536 1.8449 47.4286 1.5708 0.9754
