Car 0.0000 0.0000 0.0000 200.0000 158.0000 429.0000 233.0000 1.5640 1.7195 4.4980 -6.6063 1.2489 16.3501 0.0418 0.9999
Car 0.0000 0.0000 0.0000 721.0000 178.0000 945.0000 323.0000 1.5283 1.6417 3.9355 2.6798 1.5982 9.6955 1.5324 0.9998
Car 0.0000 0.0000 0.0000 669.0000 178.0000 749.0000 237.0000 1.5380 1.6348 3.7849 2.7745 1.6760 20.9221 1.5278 0.9997
Car 0.0000 0.0000 0.0000 652.0000 177.0000 689.0000 212.0000 1.5128 1.5898 3.4566 2.7470 1.6621 32.7721 1.5708 0.9994
Car 0.0000 0.0000 0.0000 -249.0000 207.0000 243.0000 392.0000 1.4827 1.6136 3.7842 -5.9197 1.8532 7.1066 0.1444 0.9992
Car 0.0000 0.0000 0.0000 406.0000 179.0000 510.0000 217.0000 1.5827 1.6565 4.1001 -6.5231 1.8113 31.2656 0.1283 0.9992
Car 0.0000 0.0000 0.0000 694.0000 180.0000 806.0000 261.0000 1.4988 1.5984 3.7333 2.8319 1.6375 15.3444 1.5637 0.9991
Car 0.0000 0.0000 0.0000 348.0000 178.0000 488.0000 230.0000 1.5992 1.6535 4.0968 -6.2023 1.7667 23.5524 0.1029 0.9969
Car 0.0000 0.0000 0.0000 265.0000 156.0000 441.0000 219.0000 1.5533 1.6417 4.0523 -6.6949 1.1399 18.9522 0.0942 0.9962
Car 0.0000 0.0000 0.0000 -36.0000 180.0000 307.0000 313.0000 1.4966 1.5990 3.7599 -6.1118 1.5977 9.3340 0.2421 0.9959
Car 0.0000 0.0000 0.0000 84.0000 185.0000 359.0000 283.0000 1.4726 1.6041 3.7227 -6.3440 1.6812 11.9558 0.0459 0.9941
Car 0.0000 0.0000 0.0000 159.0000 182.0000 396.0000 265.0000 1.4914 1.6226 3.9017 -6.4254 1.6736 14.1114 0.0549 0.9933
Car 0.0000 0.0000 0.0000 633.0000 171.0000 661.0000 197.0000 1.5098 1.6042 3.8502 2.3151 1.3537 43.6919 1.5708 0.9817
