Car 0.0000 0.0000 0.0000 527.0000 177.0000 564.0000 211.0000 1.5302 1.5972 3.3653 -2.9402 1.6794 33.9455 1.5257 0.9997
Car 0.0000 0.0000 0.0000 721.0000 163.0000 947.0000 321.0000 1.6938 1.7191 4.2955 2.7499 1.6036 9.9737 1.5573 0.9997
Car 0.0000 0.0000 0.0000 697.0000 181.0000 790.0000 261.0000 1.4995 1.6100 3.8259 2.7197 1.6517 15.4134 -1.4704 0.9995
Car 0.0000 0.0000 0.0000 654.0000 177.0000 706.0000 221.0000 1.4983 1.5979 3.7580 2.5591 1.6348 26.8087 1.5708 0.9987
Car 0.0000 0.0000 0.0000 674.0000 177.0000 745.0000 234.0000 1.5192 1.6029 3.6923 2.8287 1.6199 21.0757 1.5708 0.9986
Car 0.0000 0.0000 0.0000 635.0000 155.0000 657.0000 177.0000 1.7270 1.7319 4.3800 3.1626 0.2523 59.9003 1.5708 0.9952
Car 0.0000 0.0000 0.0000 630.0000 172.0000 653.0000 193.0000 1.5146 1.6149 3.8955 2.4318 1.3756 53.7442 1.5708 0.9912
Car 0.0000 0.0000 0.0000 657.0000 176.0000 693.0000 209.0000 1.4972 1.5909 3.7508 3.1485 1.6229 34.8529 1.5708 0.9873
Car 0.0000 0.0000 0.0000 644.0000 174.0000 672.0000 200.0000 1.5072 1.6115 3.9113 2.9181 1.5284 43.4343 1.5708 0.9816
Car 0.0000 0.0000 0.0000 517.0000 182.0000 544.0000 200.0000 1.4967 1.6004 3.8892 -6.7100 2.2027 62.1412 -1.4757 0.9680
Car 0.0000 0.0000 0.0000 481.0000 147.0000 520.0000 175.0000 1.5657 1.6390 3.9194 -6.4545 0.0643 43.1072 1.5708 0.9661
