Car 0.0000 0.0000 0.0000 1077.0000 158.0000 1250.0000 208.0000 1.4985 1.6553 4.1379 17.7707 1.0398 23.2547 0.1232 0.9995
Car 0.0000 0.0000 0.0000 168.0000 187.0000 258.0000 236.0000 1.5183 1.6494 4.0592 -13.7510 1.9930 25.1996 1.3610 0.9995
Car 0.0000 0.0000 0.0000 460.0000 178.0000 497.0000 211.0000 1.5064 1.6335 3.9334 -6.3164 1.7000 35.1220 1.4284 0.9994
Car 0.0000 0.0000 0.0000 -963.0000 189.0000 304.0000 836.0000 1.5146 1.6194 3.9040 -3.1920 1.6234 3.7458 1.5174 0.9990
Car 0.0000 0.0000 0.0000 332.0000 175.0000 380.0000 208.0000 1.5018 1.6177 3.9275 -12.1646 1.5583 34.7408 1.3829 0.9974
Car 0.0000 0.0000 0.0000 490.0000 179.0000 520.0000 202.0000 1.5002 1.6200 4.0592 -7.4129 1.8983 51.5448 1.5524 0.9955
Car 0.0000 0.0000 0.0000 508.0000 175.0000 528.0000 194.0000 1.5267 1.6142 3.8460 -7.8791 1.6662 62.6984 1.4644 0.9881
Car 0.0000 0.0000 0.0000 297.0000 186.0000 340.0000 207.0000 1.4993 1.6144 4.0394 -21.7453 2.4229 54.0914 1.5621 0.9846
Car 0.0000 0.0000 0.0000 516.0000 180.0000 543.0000 200.0000 1.4983 1.6230 4.0005 -6.4131 2.0136 58.3298 1.5708 0.9762
Car 0.0000 0.0000 0.0000 727.0000 173.0000 749.0000 193.0000 1.4976 1.6006 3.9090 10.3193 1.4750 57.4718 -1.4292 0.9713
Car 0.0000 0.0000 0.0000 595.0000 178.0000 616.0000 198.0000 1.4996 1.6176 3.9803 -0.2604 1.8421 58.1706 1.5708 0.9691
Car 0.0000 0.0000 0.0000 -28.0000 190.0000 47.0000 221.0000 1.5031 1.6019 3.8975 -31.7890 2.3842 38.2561 1.3133 0.9680
Car 0.0000 0.0000 0.0000 541.0000 182.0000 571.0000 205.0000 1.4986 1.6197 3.9865 -3.6609 2.0665 50.4057 1.5708 0.9628
