Car 0.0000 0.0000 0.0000 423.0000 180.0000 524.0000 214.0000 1.4963 1.6819 4.2664 -6.1390 1.7923 32.9274 0.0510 0.9999
Car 0.0000 0.0000 0.0000 263.0000 183.0000 311.0000 224.0000 1.5155 1.6578 4.1502 -13.1997 1.9052 29.4034 1.1352 0.9996
Car 0.0000 0.0000 0.0000 516.0000 182.0000 780.0000 320.0000 1.5220 1.6257 3.7986 0.3148 1.6535 10.0491 0.9384 0.9995
Car 0.0000 0.0000 0.0000 855.0000 175.0000 986.0000 248.0000 1.5119 1.6045 3.6353 7.1011 1.5468 16.8734 1.5708 0.9995
Car 0.0000 0.0000 0.0000 366.0000 189.0000 494.0000 264.0000 1.5121 1.6067 3.7217 -4.2977 1.8793 16.7820 0.9456 0.9981
Car 0.0000 0.0000 0.0000 226.0000 182.0000 279.0000 216.0000 1.5037 1.6047 3.8281 -16.5965 1.8655 33.6672 1.2779 0.9963
Car 0.0000 0.0000 0.0000 775.0000 178.0000 847.0000 243.0000 1.4818 1.5985 3.9530 5.2301 1.5917 18.6389 -1.2792 0.9958
Car 0.0000 0.0000 0.0000 360.0000 184.0000 444.0000 214.0000 1.4996 1.6236 3.9350 -10.8343 2.0389 37.8395 0.0725 0.9935
Car 0.0000 0.0000 0.0000 209.0000 185.0000 239.0000 205.0000 1.5222 1.6154 3.8032 -31.0585 2.4096 58.2379 1.2143 0.9907
Car 0.0000 0.0000 0.0000 27.0000 193.0000 96.0000 225.0000 1.5101 1.6069 3.7906 -28.5755 2.5403 37.7073 1.2999 0.9897
