Car 0.0000 0.0000 0.0000 144.0000 186.0000 423.0000 349.0000 1.5393 1.6764 4.1799 -3.7866 1.7266 9.1769 1.5687 0.9998
Car 0.0000 0.0000 0.0000 644.0000 177.0000 689.0000 215.0000 1.5228 1.5990 3.4095 2.3711 1.6626 30.6184 1.5623 0.9996
Car 0.0000 0.0000 0.0000 -112.0000 201.0000 229.0000 363.0000 1.5125 1.6256 3.9217 -6.6945 1.9248 9.3092 1.5021 0.9995
Car 0.0000 0.0000 0.0000 378.0000 182.0000 488.0000 256.0000 1.5173 1.6519 4.2094 -4.0627 1.7298 17.1703 1.5573 0.9994
Car 0.0000 0.0000 0.0000 776.0000 166.0000 930.0000 218.0000 1.6049 1.7141 4.4876 7.9403 1.3803 23.7541 0.0546 0.9991
Car 0.0000 0.0000 0.0000 701.0000 171.0000 798.0000 206.0000 1.5304 1.6574 4.1248 6.3681 1.4219 32.9299 0.0476 0.9983
Car 0.0000 0.0000 0.0000 447.0000 179.0000 493.0000 212.0000 1.5056 1.6223 4.0153 -6.7306 1.7750 35.1276 1.5305 0.9966
Car 0.0000 0.0000 0.0000 489.0000 179.0000 521.0000 203.0000 1.5048 1.6208 4.0573 -6.6877 1.8112 46.7483 1.5247 0.9844
Car 0.0000 0.0000 0.0000 355.0000 175.0000 433.0000 223.0000 1.5088 1.6120 3.9158 -7.4436 1.5731 25.1835 1.5563 0.9764
Car 0.0000 0.0000 0.0000 454.0000 175.0000 481.0000 195.0000 1.5048 1.6118 3.9243 -11.1100 1.5836 56.8873 1.4894 0.9759
Car 0.0000 0.0000 0.0000 754.0000 169.0000 882.0000 213.0000 1.5702 1.6883 4.3612 7.7098 1.4159 26.8839 0.1290 0.9688
