Car 0.0000 0.0000 0.0000 566.0000 182.0000 622.0000 234.0000 1.5394 1.6169 3.4643 -0.4348 1.8188 23.4272 1.5708 0.9998
Car 0.0000 0.0000 0.0000 477.0000 179.0000 538.0000 229.0000 1.5304 1.6060 3.4481 -3.3151 1.7007 23.8865 1.5500 0.9998
Car 0.0000 0.0000 0.0000 283.0000 186.0000 474.0000 313.0000 1.5400 1.6395 3.7732 -3.2851 1.7499 10.8983 1.5708 0.9997
Car 0.0000 0.0000 0.0000 274.0000 181.0000 342.0000 220.0000 1.5195 1.6342 3.7678 -12.5360 1.8008 30.1715 1.4648 0.9997
Car 0.0000 0.0000 0.0000 -33.0000 189.0000 242.0000 311.0000 1.5292 1.6456 3.9932 -7.6703 1.7979 11.4194 1.5435 0.9996
Car 0.0000 0.0000 0.0000 -1576.0000 187.0000 273.0000 1041.0000 1.4977 1.6175 4.0062 -3.2988 1.5880 3.3371 1.5374 0.9985
Car 0.0000 0.0000 0.0000 423.0000 173.0000 471.0000 205.0000 1.5058 1.6254 4.0075 -8.1398 1.4867 36.3872 1.5426 0.9979
Car 0.0000 0.0000 0.0000 98.0000 183.0000 234.0000 245.0000 1.5041 1.5874 3.6873 -11.9086 1.7552 19.5868 1.5084 0.9975
Car 0.0000 0.0000 0.0000 317.0000 177.0000 397.0000 230.0000 1.5087 1.6032 3.7768 -7.9065 1.6186 22.8149 1.4484 0.9969
Car 0.0000 0.0000 0.0000 468.0000 179.0000 495.0000 202.0000 1.5076 1.6073 3.7770 -8.7367 1.8364 49.4906 1.4559 0.9953
Car 0.0000 0.0000 0.0000 389.0000 180.0000 421.0000 205.0000 1.4996 1.5982 3.8162 -12.8160 1.8673 45.4755 1.3924 0.9930
Car 0.0000 0.0000 0.0000 535.0000 159.0000 559.0000 182.0000 1.5526 1.6496 4.0120 -4.3962 0.5251 51.0326 1.4758 0.9900
Car 0.0000 0.0000 0.0000 521.0000 181.0000 561.0000 212.0000 1.4882 1.5885 3.8058 -3.4790 1.8539 37.2709 1.5708 0.9777
