Car 0.0000 0.0000 0.0000 45.0000 187.0000 348.0000 290.0000 1.4784 1.6342 3.9072 -6.4383 1.7086 11.4324 0.0428 0.9998
Car 0.0000 0.0000 0.0000 673.0000 178.0000 787.0000 254.0000 1.5337 1.6328 3.7273 2.6291 1.6429 16.6444 1.4662 0.9998
Car 0.0000 0.0000 0.0000 313.0000 161.0000 467.0000 212.0000 1.5599 1.7050 4.4385 -7.0381 1.1848 23.3507 0.0297 0.9997
Car 0.0000 0.0000 0.0000 633.0000 178.0000 666.0000 207.0000 1.5112 1.5984 3.5818 2.2013 1.7648 39.7709 1.5708 0.9993
Car 0.0000 0.0000 0.0000 -65.0000 193.0000 327.0000 337.0000 1.4901 1.6178 3.8911 -5.6939 1.7481 8.6988 0.1572 0.9987
Car 0.0000 0.0000 0.0000 160.0000 182.0000 414.0000 272.0000 1.6206 1.6853 4.2674 -6.2363 1.8123 14.1318 0.0797 0.9984
Car 0.0000 0.0000 0.0000 646.0000 179.0000 699.0000 221.0000 1.5071 1.6021 3.7794 2.3812 1.7204 27.9184 1.5374 0.9983
Car 0.0000 0.0000 0.0000 355.0000 156.0000 486.0000 203.0000 1.5801 1.6695 4.2334 -6.6910 0.9922 25.7232 0.0604 0.9975
Car 0.0000 0.0000 0.0000 668.0000 180.0000 736.0000 234.0000 1.5014 1.5912 3.6705 2.7129 1.6857 21.8450 1.5708 0.9971
Car 0.0000 0.0000 0.0000 236.0000 181.0000 428.0000 254.0000 1.5111 1.6125 3.8179 -6.2494 1.6929 16.2630 0.2669 0.9946
Car 0.0000 0.0000 0.0000 315.0000 182.0000 465.0000 237.0000 1.5140 1.6209 3.8818 -6.3496 1.7630 21.0280 0.0411 0.9936
Car 0.0000 0.0000 0.0000 414.0000 174.0000 511.0000 212.0000 1.5400 1.6120 3.8356 -6.2681 1.5731 30.7798 0.4086 0.9880
Car 0.0000 0.0000 0.0000 485.0000 179.0000 522.0000 208.0000 1.5003 1.6017 3.9236 -5.6618 1.7752 39.0343 1.5325 0.9659
