Car 0.0000 0.0000 0.0000 754.0000 182.0000 914.0000 237.0000 1.4642 1.6561 4.1347 6.3008 1.7205 20.6144 0.1143 0.9999
Car 0.0000 0.0000 0.0000 692.0000 185.0000 802.0000 267.0000 1.5223 1.6035 3.5050 2.8275 1.7923 15.5442 1.5464 0.9998
Car 0.0000 0.0000 0.0000 168.0000 182.0000 443.0000 274.0000 1.5328 1.6892 4.2963 -5.4110 1.6994 13.0722 0.0648 0.9998
Car 0.0000 0.0000 0.0000 411.0000 175.0000 521.0000 212.0000 1.5748 1.7201 4.5442 -6.4016 1.6412 32.4932 0.0410 0.9998
Car 0.0000 0.0000 0.0000 -229.0000 191.0000 215.0000 340.0000 1.4940 1.6420 3.9448 -7.0113 1.7271 8.3512 0.0962 0.9997
Car 0.0000 0.0000 0.0000 635.0000 179.0000 665.0000 202.0000 1.5058 1.6337 3.9775 2.8164 1.8355 49.3077 1.5270 0.9994
Car 0.0000 0.0000 0.0000 43.0000 188.0000 383.0000 301.0000 1.5298 1.7002 4.3835 -5.9512 1.7809 10.9886 0.1196 0.9992
Car 0.0000 0.0000 0.0000 469.0000 177.0000 542.0000 203.0000 1.5221 1.6600 4.1387 -6.2551 1.7294 43.7016 0.0447 0.9991
Car 0.0000 0.0000 0.0000 295.0000 184.0000 445.0000 240.0000 1.4849 1.5948 3.7087 -6.7310 1.7866 20.4046 0.0570 0.9990
Car 0.0000 0.0000 0.0000 274.0000 178.0000 467.0000 246.0000 1.5613 1.6693 4.2028 -5.8139 1.6869 17.7184 0.0894 0.9980
Car 0.0000 0.0000 0.0000 -4023.0000 -1686.0000 1401.0000 546.0000 1.4937 1.5999 3.9099 2.9021 1.6145 1.2751 1.4992 0.9964
Car 0.0000 0.0000 0.0000 344.0000 181.0000 487.0000 233.0000 1.5606 1.6443 4.0602 -6.1148 1.8135 22.8931 0.0735 0.9890
