Car 0.0000 0.0000 0.0000 582.0000 179.0000 613.0000 207.0000 1.5250 1.6290 3.6811 -0.6532 1.7905 40.3341 1.5535 0.9998
Car 0.0000 0.0000 0.0000 338.0000 182.0000 409.0000 227.0000 1.5209 1.6178 3.6012 -8.5513 1.8113 26.3749 1.5094 0.9996
Car 0.0000 0.0000 0.0000 377.0000 186.0000 483.0000 260.0000 1.5281 1.6407 3.9787 -4.2148 1.8458 17.3936 1.5493 0.9996
Car 0.0000 0.0000 0.0000 411.0000 182.0000 456.0000 213.0000 1.5072 1.6279 3.8948 -9.0121 1.9102 37.1976 1.4955 0.9994
Car 0.0000 0.0000 0.0000 -854.0000 51.0000 321.0000 660.0000 2.1021 1.9054 5.0487 -4.3735 1.7016 5.1199 -1.4137 0.9993
Car 0.0000 0.0000 0.0000 463.0000 178.0000 523.0000 219.0000 1.5006 1.5936 3.6619 -4.5434 1.6618 28.5514 1.5708 0.9990
Car 0.0000 0.0000 0.0000 207.0000 182.0000 340.0000 255.0000 1.6420 1.6997 4.4094 -8.5596 1.8521 18.7370 1.4927 0.9988
Car 0.0000 0.0000 0.0000 312.0000 177.0000 375.0000 211.0000 1.5102 1.6193 3.8586 -12.3826 1.6535 33.8087 1.5396 0.9981
Car 0.0000 0.0000 0.0000 394.0000 180.0000 436.0000 205.0000 1.5155 1.6211 3.8064 -12.5103 1.9183 46.6829 1.5708 0.9944
Car 0.0000 0.0000 0.0000 508.0000 179.0000 547.0000 209.0000 1.4967 1.6015 3.8643 -4.2890 1.7861 38.3839 1.5708 0.9933
Car 0.0000 0.0000 0.0000 519.0000 180.0000 547.0000 204.0000 1.4940 1.5947 3.8353 -4.9995 1.8963 47.9688 1.5428 0.9930
Car 0.0000 0.0000 0.0000 445.0000 179.0000 483.0000 204.0000 1.4996 1.5943 3.8469 -9.1072 1.8012 45.6165 1.5708 0.9622
