Car 0.0000 0.0000 0.0000 696.0000 174.0000 814.0000 261.0000 1.5435 1.6199 3.5201 2.7946 1.5624 14.6250 1.5634 0.9998
Car 0.0000 0.0000 0.0000 791.0000 186.0000 1331.0000 503.0000 1.5133 1.6268 3.9406 2.6883 1.6271 5.5187 1.5634 0.9996
Car 0.0000 0.0000 0.0000 117.0000 176.0000 399.0000 270.0000 1.5677 1.6905 4.3281 -6.2848 1.6281 13.0830 0.0641 0.9995
Car 0.0000 0.0000 0.0000 650.0000 179.0000 703.0000 221.0000 1.5140 1.6128 3.6471 2.5945 1.7286 28.4618 1.5367 0.9995
Car 0.0000 0.0000 0.0000 223.0000 183.0000 435.0000 256.0000 1.4963 1.6406 4.0360 -6.1015 1.7185 15.8649 0.0582 0.9991
Car 0.0000 0.0000 0.0000 251.0000 156.0000 434.0000 221.0000 1.5231 1.6371 3.9913 -6.6706 1.1231 18.1906 0.0363 0.9989
Car 0.0000 0.0000 0.0000 632.0000 174.0000 652.0000 192.0000 1.5076 1.6126 3.8271 2.8445 1.4993 62.2748 1.5708 0.9986
Car 0.0000 0.0000 0.0000 347.0000 177.0000 482.0000 226.0000 1.5241 1.6363 3.9630 -6.3482 1.6523 23.6711 0.0513 0.9980
Car 0.0000 0.0000 0.0000 388.0000 176.0000 513.0000 222.0000 1.5917 1.6558 4.0977 -5.7560 1.6755 26.1671 0.2301 0.9968
Car 0.0000 0.0000 0.0000 297.0000 180.0000 444.0000 234.0000 1.4856 1.6031 3.8228 -6.9799 1.6706 21.0880 0.2524 0.9940
Car 0.0000 0.0000 0.0000 -92.0000 160.0000 338.0000 304.0000 1.5526 1.6703 4.1946 -5.7586 1.4329 8.7598 0.0610 0.9830
Car 0.0000 0.0000 0.0000 691.0000 168.0000 727.0000 201.0000 1.5053 1.5882 3.7235 4.7719 1.2558 34.6206 -1.4651 0.9808
Car 0.0000 0.0000 0.0000 495.0000 170.0000 541.0000 201.0000 1.4922 1.5709 3.6852 -4.6066 1.3352 36.8285 1.5708 0.9752
Car 0.0000 0.0000 0.0000 410.0000 158.0000 515.0000 196.0000 1.5376 1.6479 4.1244 -6.2524 0.9091 30.8889 0.1222 0.9718
