Car 0.0000 0.0000 0.0000 123.0000 186.0000 306.0000 276.0000 1.5139 1.6486 3.9630 -7.7647 1.7878 14.5675 1.5306 0.9998
Car 0.0000 0.0000 0.0000 483.0000 180.0000 516.0000 203.0000 1.5118 1.6201 3.9185 -7.5011 1.9160 49.8075 1.5708 0.9985
Car 0.0000 0.0000 0.0000 581.0000 174.0000 599.0000 191.0000 1.5562 1.6477 4.1497 -1.7602 1.5672 69.4797 1.5708 0.9978
Car 0.0000 0.0000 0.0000 435.0000 180.0000 462.0000 198.0000 1.4959 1.6071 3.9967 -14.6668 2.0980 66.1012 1.5688 0.9958
Car 0.0000 0.0000 0.0000 919.0000 193.0000 961.0000 217.0000 1.4890 1.6174 3.9119 22.7564 2.8281 49.5593 -1.4239 0.9931
Car 0.0000 0.0000 0.0000 408.0000 179.0000 444.0000 201.0000 1.4969 1.6029 3.8472 -13.3731 1.8931 52.9191 1.5708 0.9930
Car 0.0000 0.0000 0.0000 1052.0000 204.0000 1125.0000 235.0000 1.5031 1.6527 4.0431 27.6255 3.3408 41.5929 1.5708 0.9911
Car 0.0000 0.0000 0.0000 393.0000 177.0000 423.0000 195.0000 1.5062 1.6102 3.9738 -17.7123 1.7695 63.7329 1.5569 0.9908
Car 0.0000 0.0000 0.0000 311.0000 193.0000 346.0000 212.0000 1.4975 1.6092 3.9342 -23.5726 3.1026 60.6578 1.4988 0.9805
Car 0.0000 0.0000 0.0000 637.0000 160.0000 659.0000 178.0000 1.5570 1.6334 3.7422 3.6326 0.3137 67.0882 1.5262 0.9793
Car 0.0000 0.0000 0.0000 -163.0000 185.0000 -86.0000 215.0000 1.5602 1.6893 4.1398 -41.1351 2.1849 40.4360 1.1323 0.9772
Car 0.0000 0.0000 0.0000 -1758.0000 193.0000 -1143.0000 288.0000 1.5607 1.6896 4.1414 -41.1422 1.9917 14.6861 1.1320 0.9761
Car 0.0000 0.0000 0.0000 -952.0000 189.0000 -660.0000 251.0000 1.5607 1.6896 4.1413 -41.1405 2.0399 21.1222 1.1320 0.9760
Car 0.0000 0.0000 0.0000 -634.0000 188.0000 -443.0000 236.0000 1.5607 1.6896 4.1413 -41.1391 2.0760 25.9494 1.1320 0.9759
Car 0.0000 0.0000 0.0000 -424.0000 186.0000 -289.0000 227.0000 1.5608 1.6896 4.1413 -41.1378 2.1121 30.7766 1.1320 0.9759
Car 0.0000 0.0000 0.0000 -275.0000 186.0000 -175.0000 220.0000 1.5609 1.6896 4.1409 -41.1364 2.1480 35.6031 1.1320 0.9751
Car 0.0000 0.0000 0.0000 53.0000 185.0000 191.0000 243.0000 1.5142 1.6191 3.7900 -14.2028 1.8508 21.2242 1.5318 0.9744
Car 0.0000 0.0000 0.0000 436.0000 184.0000 466.0000 202.0000 1.4944 1.6004 3.8513 -13.3721 2.3240 61.2961 1.5708 0.9727
Car 0.0000 0.0000 0.0000 620.0000 176.0000 645.0000 198.0000 1.4951 1.6003 3.8616 1.8188 1.6911 53.2045 -1.4697 0.9723
Car 0.0000 0.0000 0.0000 850.0000 193.0000 887.0000 216.0000 1.4928 1.6286 3.9765 18.6950 2.9408 51.8611 -1.4550 0.9721
