Car 0.0000 0.0000 0.0000 693.0000 176.0000 814.0000 272.0000 1.6647 1.6874 3.8230 2.6986 1.7135 14.3827 1.5708 0.9999
Car 0.0000 0.0000 0.0000 93.0000 187.0000 385.0000 287.0000 1.5044 1.6389 4.0110 -6.0291 1.7443 11.9380 0.0486 0.9997
Car 0.0000 0.0000 0.0000 -47.0000 195.0000 330.0000 325.0000 1.5412 1.6490 4.0642 -6.1372 1.8604 9.6596 0.0549 0.9996
Car 0.0000 0.0000 0.0000 866.0000 188.0000 2068.0000 834.0000 1.5345 1.6204 3.6618 2.8054 1.6357 3.6410 1.5231 0.9995
Car 0.0000 0.0000 0.0000 -356.0000 188.0000 205.0000 371.0000 1.4832 1.6117 3.8604 -6.2268 1.6429 6.7866 0.0393 0.9993
Car 0.0000 0.0000 0.0000 409.0000 171.0000 507.0000 206.0000 1.5489 1.6594 4.1615 -6.9291 1.4328 33.2683 0.0528 0.9992
Car 0.0000 0.0000 0.0000 260.0000 184.0000 383.0000 271.0000 1.4932 1.6093 3.8579 -5.9619 1.7066 14.5695 1.0031 0.9991
Car 0.0000 0.0000 0.0000 661.0000 180.0000 757.0000 241.0000 1.5356 1.6444 3.9340 2.7000 1.7066 20.4298 1.4246 0.9990
Car 0.0000 0.0000 0.0000 633.0000 178.0000 664.0000 204.0000 1.5050 1.6093 3.7765 2.3720 1.7293 43.5882 1.5663 0.9990
Car 0.0000 0.0000 0.0000 657.0000 176.0000 699.0000 216.0000 1.5180 1.5877 3.4686 2.7963 1.6163 29.6267 1.5708 0.9983
Car 0.0000 0.0000 0.0000 255.0000 183.0000 434.0000 248.0000 1.5110 1.6087 3.8423 -6.4964 1.7462 17.7642 0.1661 0.9956
Car 0.0000 0.0000 0.0000 506.0000 180.0000 549.0000 207.0000 1.4905 1.6137 4.0086 -4.7047 1.8508 42.0050 -1.4563 0.9929
