Car 0.0000 0.0000 0.0000 716.0000 183.0000 769.0000 231.0000 1.5084 1.6194 3.7882 4.5398 1.8281 24.9944 -1.4323 0.9997
Car 0.0000 0.0000 0.0000 355.0000 185.0000 385.0000 208.0000 1.5170 1.6451 3.9945 -16.6840 2.2890 50.4160 1.3362 0.9996
Car 0.0000 0.0000 0.0000 -217.0000 205.0000 112.0000 350.0000 1.5269 1.6183 3.6853 -9.0786 2.0513 10.3002 1.4549 0.9995
Car 0.0000 0.0000 0.0000 123.0000 198.0000 181.0000 233.0000 1.5216 1.6371 3.7748 -22.5892 2.7812 35.7064 1.2252 0.9994
Car 0.0000 0.0000 0.0000 -55.0000 200.0000 112.0000 271.0000 1.5086 1.6198 3.8650 -14.7760 2.2430 18.5654 1.4263 0.9985
Car 0.0000 0.0000 0.0000 366.0000 167.0000 391.0000 186.0000 1.5471 1.6309 3.9925 -19.1312 0.9756 60.0014 1.3436 0.9930
Car 0.0000 0.0000 0.0000 383.0000 179.0000 409.0000 195.0000 1.5427 1.6515 4.0259 -21.0710 2.0760 71.4935 1.5034 0.9896
Car 0.0000 0.0000 0.0000 792.0000 178.0000 819.0000 200.0000 1.4968 1.5994 3.7764 14.2594 1.8246 51.9985 -1.2389 0.9885
Car 0.0000 0.0000 0.0000 186.0000 152.0000 311.0000 245.0000 2.3647 1.9369 5.0527 -10.3018 1.8234 20.9656 1.3849 0.9829
Car 0.0000 0.0000 0.0000 45.0000 209.0000 135.0000 243.0000 1.4899 1.6131 3.8772 -26.4085 3.3468 36.8074 1.5708 0.9793
Car 0.0000 0.0000 0.0000 824.0000 181.0000 864.0000 203.0000 1.4973 1.5999 3.8896 16.9369 2.0232 51.9774 1.5708 0.9643
