Car 0.0000 0.0000 0.0000 723.0000 186.0000 933.0000 320.0000 1.5472 1.6408 3.6765 2.8827 1.7388 10.4340 1.4863 0.9998
Car 0.0000 0.0000 0.0000 275.0000 183.0000 467.0000 251.0000 1.5150 1.6442 4.0119 -5.6131 1.7434 17.1701 0.0515 0.9997
Car 0.0000 0.0000 0.0000 701.0000 175.0000 771.0000 208.0000 1.5045 1.6164 3.8733 6.2652 1.6004 35.8658 1.1885 0.9985
Car 0.0000 0.0000 0.0000 167.0000 180.0000 394.0000 261.0000 1.5263 1.6143 3.8734 -6.5853 1.6605 14.5576 0.0874 0.9984
Car 0.0000 0.0000 0.0000 -1331.0000 116.0000 239.0000 835.0000 1.7444 1.7093 4.2116 -3.9686 1.6267 3.8708 1.5646 0.9981
Car 0.0000 0.0000 0.0000 628.0000 174.0000 655.0000 199.0000 1.6091 1.6627 4.1275 2.1758 1.6023 48.3572 1.5708 0.9974
Car 0.0000 0.0000 0.0000 608.0000 173.0000 631.0000 193.0000 1.4967 1.6013 3.8414 0.8859 1.4660 57.3252 1.5708 0.9973
Car 0.0000 0.0000 0.0000 348.0000 173.0000 470.0000 217.0000 1.5657 1.6545 4.0943 -7.4549 1.5660 26.9634 0.0853 0.9964
Car 0.0000 0.0000 0.0000 400.0000 163.0000 513.0000 202.0000 1.6030 1.7228 4.5138 -6.5846 1.1837 31.3020 0.0617 0.9958
Car 0.0000 0.0000 0.0000 55.0000 181.0000 343.0000 280.0000 1.5256 1.6220 3.9437 -6.7592 1.6595 12.0470 0.0532 0.9887
Car 0.0000 0.0000 0.0000 496.0000 175.0000 528.0000 200.0000 1.4929 1.5823 3.7498 -5.9612 1.5746 44.6407 1.5523 0.9868
Car 0.0000 0.0000 0.0000 383.0000 167.0000 496.0000 208.0000 1.5420 1.6269 4.0486 -6.7030 1.3034 28.5512 0.0802 0.9859
Car 0.0000 0.0000 0.0000 497.0000 187.0000 538.0000 219.0000 1.5046 1.6218 3.9493 -4.6891 2.2271 37.2436 1.5614 0.9821
Car 0.0000 0.0000 0.0000 68.0000 185.0000 267.0000 348.0000 1.5806 1.6729 4.2048 -5.5008 1.7449 9.4105 1.1536 0.9734
Car 0.0000 0.0000 0.0000 688.0000 150.0000 718.0000 176.0000 1.5493 1.6418 3.8989 5.9004 0.1338 44.7297 -1.3798 0.9685
