Car 0.0000 0.0000 0.0000 160.0000 189.0000 346.0000 298.0000 1.5154 1.6152 3.6732 -5.9186 1.8120 12.3784 1.4947 0.9996
Car 0.0000 0.0000 0.0000 738.0000 175.0000 903.0000 282.0000 1.5163 1.6099 3.6045 3.3374 1.5590 12.1642 1.5421 0.9996
Car 0.0000 0.0000 0.0000 -269.0000 200.0000 208.0000 422.0000 1.5267 1.6428 3.9515 -5.9672 1.8609 7.4157 1.4856 0.9995
Car 0.0000 0.0000 0.0000 800.0000 179.0000 1234.0000 421.0000 1.5234 1.6066 3.5658 3.0873 1.5796 6.4188 1.4822 0.9995
Car 0.0000 0.0000 0.0000 329.0000 183.0000 418.0000 214.0000 1.4805 1.6255 3.9503 -11.9430 1.9751 36.5991 0.0553 0.9988
Car 0.0000 0.0000 0.0000 723.0000 158.0000 759.0000 187.0000 1.8245 1.7477 4.5507 8.8239 0.8082 48.1694 1.5708 0.9982
Car 0.0000 0.0000 0.0000 -8595.0000 -4469.0000 1442.0000 501.0000 1.4978 1.5906 3.7725 3.0733 1.5691 1.6048 1.5708 0.9966
Car 0.0000 0.0000 0.0000 724.0000 175.0000 767.0000 204.0000 1.5747 1.6529 4.1170 7.8561 1.6670 41.5930 1.5631 0.9919
Car 0.0000 0.0000 0.0000 316.0000 184.0000 351.0000 205.0000 1.5050 1.5977 3.7873 -21.2587 2.2989 55.7405 1.4640 0.9887
Car 0.0000 0.0000 0.0000 220.0000 184.0000 279.0000 215.0000 1.5046 1.6141 3.9774 -18.8697 2.0611 37.9367 1.4142 0.9853
Car 0.0000 0.0000 0.0000 777.0000 172.0000 860.0000 203.0000 1.5284 1.6210 3.9796 10.7449 1.4505 37.1507 0.1806 0.9832
Car 0.0000 0.0000 0.0000 249.0000 185.0000 286.0000 211.0000 1.5020 1.5796 3.7137 -21.6431 2.2429 45.7751 1.2807 0.9603
