Car 0.0000 0.0000 0.0000 579.0000 177.0000 614.0000 210.0000 1.5315 1.6142 3.4786 -0.6219 1.6738 34.7593 1.5395 0.9998
Car 0.0000 0.0000 0.0000 380.0000 177.0000 471.0000 244.0000 1.5230 1.5892 3.4032 -4.5912 1.6146 18.3305 1.5290 0.9997
Car 0.0000 0.0000 0.0000 10.0000 175.0000 176.0000 246.0000 1.5161 1.6362 3.8430 -12.3623 1.5544 17.5226 1.4555 0.9997
Car 0.0000 0.0000 0.0000 89.0000 188.0000 371.0000 345.0000 1.5330 1.6344 3.7815 -4.5274 1.7495 9.2164 1.5654 0.9996
Car 0.0000 0.0000 0.0000 316.0000 181.0000 396.0000 226.0000 1.4934 1.6237 4.0578 -9.1821 1.7645 26.3714 1.5388 0.9990
Car 0.0000 0.0000 0.0000 -489.0000 192.0000 56.0000 392.0000 1.4937 1.6031 3.9320 -8.1563 1.7342 7.7355 1.4677 0.9971
Car 0.0000 0.0000 0.0000 437.0000 175.0000 500.0000 219.0000 1.5066 1.6291 4.1399 -5.1448 1.5533 26.7580 1.5523 0.9968
Car 0.0000 0.0000 0.0000 85.0000 167.0000 198.0000 212.0000 1.5069 1.5934 3.7755 -16.9315 1.2839 26.2544 1.5708 0.9950
Car 0.0000 0.0000 0.0000 369.0000 177.0000 405.0000 198.0000 1.4960 1.5952 3.8849 -17.0806 1.7677 55.7109 1.5668 0.9945
Car 0.0000 0.0000 0.0000 461.0000 173.0000 495.0000 197.0000 1.6225 1.6698 4.2052 -9.3221 1.5629 51.7646 1.5674 0.9935
Car 0.0000 0.0000 0.0000 511.0000 167.0000 549.0000 196.0000 1.4977 1.5860 3.7718 -4.3047 1.1705 39.5381 1.5708 0.9924
Car 0.0000 0.0000 0.0000 492.0000 174.0000 531.0000 211.0000 1.6291 1.6886 4.4347 -4.6489 1.6579 34.6588 1.4702 0.9849
Car 0.0000 0.0000 0.0000 181.0000 190.0000 329.0000 265.0000 1.5003 1.6200 4.0293 -8.2263 1.9129 17.0911 1.5475 0.9838
Car 0.0000 0.0000 0.0000 125.0000 179.0000 150.0000 199.0000 1.6572 1.7084 4.0815 -40.5947 2.0675 62.0654 1.0089 0.9832
Car 0.0000 0.0000 0.0000 664.0000 178.0000 687.0000 199.0000 1.5023 1.6218 4.0015 5.0026 1.7900 53.6467 -1.4488 0.9806
Car 0.0000 0.0000 0.0000 -244.0000 173.0000 65.0000 281.0000 1.5160 1.6216 3.9844 -11.4489 1.5199 12.2014 1.4880 0.9785
Car 0.0000 0.0000 0.0000 -197.0000 185.0000 -113.0000 216.0000 1.5606 1.6896 4.1416 -41.1357 2.1726 38.8224 1.1320 0.9765
Car 0.0000 0.0000 0.0000 -1758.0000 193.0000 -1143.0000 288.0000 1.5607 1.6896 4.1414 -41.1422 1.9917 14.6861 1.1320 0.9761
Car 0.0000 0.0000 0.0000 -319.0000 186.0000 -209.0000 222.0000 1.5607 1.6896 4.1413 -41.1369 2.1363 33.9948 1.1320 0.9760
Car 0.0000 0.0000 0.0000 -1097.0000 190.0000 -754.0000 258.0000 1.5607 1.6896 4.1413 -41.1409 2.0278 19.5132 1.1320 0.9760
