Car 0.0000 0.0000 0.0000 491.0000 181.0000 532.0000 214.0000 1.5194 1.6307 3.7731 -4.7509 1.8548 35.4944 1.5452 0.9997
Car 0.0000 0.0000 0.0000 543.0000 179.0000 595.0000 226.0000 1.5179 1.6182 3.6516 -1.3494 1.6901 25.0783 1.5646 0.9996
Car 0.0000 0.0000 0.0000 66.0000 187.0000 192.0000 242.0000 1.5093 1.6195 3.7956 -15.0249 1.9589 22.7497 1.5044 0.9996
Car 0.0000 0.0000 0.0000 -57.0000 192.0000 89.0000 248.0000 1.5153 1.6369 4.0671 -18.5349 2.1165 22.7108 1.4611 0.9984
Car 0.0000 0.0000 0.0000 315.0000 197.0000 356.0000 223.0000 1.5021 1.6332 3.9582 -18.3353 3.1339 48.4373 1.4466 0.9983
Car 0.0000 0.0000 0.0000 600.0000 189.0000 624.0000 212.0000 1.5016 1.6289 3.9619 0.2016 2.6402 52.0078 1.5464 0.9978
Car 0.0000 0.0000 0.0000 616.0000 186.0000 645.0000 214.0000 1.4955 1.6274 4.0944 1.3072 2.2414 42.6005 1.5708 0.9892
Car 0.0000 0.0000 0.0000 248.0000 193.0000 301.0000 222.0000 1.5068 1.6123 3.8802 -19.6357 2.6937 42.3996 1.4697 0.9881
Car 0.0000 0.0000 0.0000 419.0000 172.0000 472.0000 204.0000 1.4988 1.5861 3.7528 -8.2645 1.4389 36.6981 1.5708 0.9824
Car 0.0000 0.0000 0.0000 668.0000 160.0000 698.0000 186.0000 1.5122 1.6114 3.9506 4.5677 0.7171 44.0238 -1.4176 0.9771
