Car 0.0000 0.0000 0.0000 222.0000 182.0000 424.0000 307.0000 1.5279 1.6224 3.5697 -4.0796 1.6700 10.7921 1.5669 0.9998
Car 0.0000 0.0000 0.0000 591.0000 180.0000 635.0000 216.0000 1.5280 1.6409 3.7638 0.1427 1.8209 33.0246 1.4781 0.9998
Car 0.0000 0.0000 0.0000 415.0000 180.0000 466.0000 215.0000 1.5245 1.6317 3.6587 -7.7482 1.8105 33.3937 1.5303 0.9998
Car 0.0000 0.0000 0.0000 180.0000 171.0000 326.0000 244.0000 1.5259 1.6247 3.6848 -8.3054 1.4826 17.0935 1.5708 0.9997
Car 0.0000 0.0000 0.0000 439.0000 179.0000 505.0000 233.0000 1.5283 1.5979 3.3558 -4.1797 1.6949 22.3086 1.5036 0.9997
Car 0.0000 0.0000 0.0000 -188.0000 187.0000 171.0000 325.0000 1.5141 1.6325 3.9711 -8.2814 1.7220 10.1686 1.5708 0.9993
Car 0.0000 0.0000 0.0000 533.0000 178.0000 557.0000 200.0000 1.5111 1.6233 3.8668 -4.4347 1.7809 50.3508 1.4942 0.9992
Car 0.0000 0.0000 0.0000 940.0000 181.0000 2742.0000 986.0000 1.5066 1.6227 3.9235 3.1790 1.5495 3.3271 1.5708 0.9991
Car 0.0000 0.0000 0.0000 490.0000 179.0000 536.0000 218.0000 1.5096 1.6067 3.6935 -3.9386 1.7310 29.8398 1.5169 0.9985
Car 0.0000 0.0000 0.0000 578.0000 176.0000 614.0000 203.0000 1.5084 1.6238 3.9530 -0.6896 1.6382 41.8777 -1.4598 0.9983
Car 0.0000 0.0000 0.0000 455.0000 169.0000 487.0000 194.0000 1.4988 1.5839 3.6845 -8.4381 1.1997 44.1930 1.4793 0.9960
