Car 0.0000 0.0000 0.0000 342.0000 181.0000 462.0000 265.0000 1.5183 1.6070 3.5615 -4.2533 1.6882 15.1826 1.5329 0.9997
Car 0.0000 0.0000 0.0000 118.0000 187.0000 224.0000 223.0000 1.5343 1.6190 3.8930 -19.4527 2.1244 32.0073 0.1298 0.9985
Car 0.0000 0.0000 0.0000 500.0000 180.0000 538.0000 209.0000 1.5016 1.6243 4.0686 -4.9522 1.8569 40.2669 1.5654 0.9974
Car 0.0000 0.0000 0.0000 616.0000 177.0000 662.0000 203.0000 1.4841 1.5860 3.7222 1.8477 1.6840 43.6172 -1.1774 0.9962
Car 0.0000 0.0000 0.0000 686.0000 177.0000 715.0000 202.0000 1.4912 1.6056 3.9296 5.8225 1.6669 45.3559 -1.3907 0.9955
Car 0.0000 0.0000 0.0000 612.0000 184.0000 656.0000 214.0000 1.4970 1.6151 3.9524 1.4204 2.0646 38.9660 -1.3271 0.9832
Car 0.0000 0.0000 0.0000 21.0000 177.0000 198.0000 239.0000 1.5326 1.6049 3.7122 -13.7619 1.6442 19.9574 -0.9307 0.9756
Car 0.0000 0.0000 0.0000 282.0000 181.0000 336.0000 210.0000 1.5004 1.6002 3.8233 -16.5439 1.9184 39.8670 1.5087 0.9727
Car 0.0000 0.0000 0.0000 753.0000 178.0000 788.0000 204.0000 1.4924 1.6149 3.8932 9.8997 1.7560 43.9190 -1.2296 0.9619
Car 0.0000 0.0000 0.0000 746.0000 177.0000 776.0000 198.0000 1.4915 1.5952 3.9976 11.6195 1.7501 55.0837 1.5708 0.9611
