Car 0.0000 0.0000 0.0000 -63.0000 185.0000 338.0000 312.0000 1.4820 1.6792 4.2269 -6.0621 1.6517 9.5120 0.0158 1.0000
Car 0.0000 0.0000 0.0000 110.0000 190.0000 410.0000 291.0000 1.4999 1.6700 4.1815 -5.6670 1.8021 11.9403 0.0314 0.9999
Car 0.0000 0.0000 0.0000 261.0000 184.0000 460.0000 254.0000 1.4818 1.6440 4.0049 -5.6435 1.7369 16.5679 0.0467 0.9999
Car 0.0000 0.0000 0.0000 910.0000 186.0000 1473.0000 361.0000 1.5333 1.6927 4.3235 5.5617 1.6813 7.3413 0.0154 0.9998
Car 0.0000 0.0000 0.0000 818.0000 193.0000 1061.0000 272.0000 1.5024 1.6746 4.2614 6.6768 1.9263 14.9752 0.0886 0.9997
Car 0.0000 0.0000 0.0000 645.0000 183.0000 678.0000 211.0000 1.5116 1.6215 3.7702 2.9847 2.0399 41.2489 1.5708 0.9996
Car 0.0000 0.0000 0.0000 799.0000 184.0000 983.0000 252.0000 1.4636 1.6170 3.9180 6.6750 1.7175 17.2249 0.4362 0.9993
Car 0.0000 0.0000 0.0000 706.0000 184.0000 827.0000 227.0000 1.5073 1.6602 4.1494 5.8006 1.9009 26.9232 0.0344 0.9990
Car 0.0000 0.0000 0.0000 335.0000 177.0000 481.0000 230.0000 1.4959 1.6217 3.9078 -5.9950 1.6066 21.6742 0.0401 0.9990
Car 0.0000 0.0000 0.0000 437.0000 181.0000 524.0000 214.0000 1.5022 1.6110 3.8653 -6.2120 1.8665 34.9070 0.0790 0.9977
Car 0.0000 0.0000 0.0000 388.0000 181.0000 508.0000 224.0000 1.5323 1.6425 4.0594 -5.9447 1.8050 26.7344 0.0703 0.9968
Car 0.0000 0.0000 0.0000 499.0000 177.0000 532.0000 208.0000 1.5776 1.6508 4.0475 -4.9978 1.7615 39.0275 1.4677 0.9892
Car 0.0000 0.0000 0.0000 547.0000 181.0000 569.0000 201.0000 1.5081 1.6197 4.0251 -4.1889 2.1417 60.0426 1.5417 0.9774
