Car 0.0000 0.0000 0.0000 -78.0000 175.0000 333.0000 310.0000 1.5138 1.6751 4.2202 -5.9601 1.5533 9.1119 0.0881 0.9999
Car 0.0000 0.0000 0.0000 333.0000 172.0000 489.0000 225.0000 1.5296 1.6791 4.2345 -5.9699 1.4916 21.8818 0.0499 0.9998
Car 0.0000 0.0000 0.0000 658.0000 180.0000 722.0000 228.0000 1.5207 1.6111 3.5879 2.6701 1.7176 24.5115 1.5262 0.9998
Car 0.0000 0.0000 0.0000 95.0000 182.0000 376.0000 277.0000 1.4449 1.6128 3.8307 -6.0942 1.5933 11.9454 0.0228 0.9997
Car 0.0000 0.0000 0.0000 300.0000 184.0000 471.0000 243.0000 1.5112 1.6661 4.1565 -6.0448 1.7987 19.6844 -0.0048 0.9996
Car 0.0000 0.0000 0.0000 724.0000 172.0000 905.0000 299.0000 1.5459 1.5973 3.3202 2.7709 1.5445 10.5498 1.5405 0.9996
Car 0.0000 0.0000 0.0000 697.0000 175.0000 807.0000 214.0000 1.5211 1.6637 4.1838 5.8168 1.5755 29.6654 0.0370 0.9991
Car 0.0000 0.0000 0.0000 -3158.0000 40.0000 141.0000 1292.0000 1.7850 1.7595 4.6031 -4.6092 1.6185 3.3314 1.5708 0.9977
Car 0.0000 0.0000 0.0000 148.0000 167.0000 396.0000 258.0000 1.6956 1.6986 4.2020 -6.6664 1.5861 14.4276 0.0635 0.9977
Car 0.0000 0.0000 0.0000 1018.0000 150.0000 11635.0000 4727.0000 1.5050 1.5833 3.6237 2.8877 1.5182 2.0913 1.5708 0.9974
Car 0.0000 0.0000 0.0000 216.0000 184.0000 411.0000 254.0000 1.5161 1.6208 3.9381 -6.8952 1.7776 16.9438 0.0493 0.9952
Car 0.0000 0.0000 0.0000 523.0000 174.0000 548.0000 197.0000 1.6067 1.6366 3.8685 -5.4265 1.6290 53.7237 1.5245 0.9950
