Car 0.0000 0.0000 0.0000 414.0000 177.0000 498.0000 244.0000 1.5498 1.6233 3.4168 -3.8707 1.6380 18.5522 1.5071 0.9999
Car 0.0000 0.0000 0.0000 578.0000 178.0000 618.0000 216.0000 1.5383 1.6030 3.3220 -0.4920 1.7038 30.6340 1.5537 0.9998
Car 0.0000 0.0000 0.0000 282.0000 182.0000 381.0000 240.0000 1.5251 1.6201 3.5670 -8.0642 1.7753 21.2032 1.5432 0.9998
Car 0.0000 0.0000 0.0000 -308.0000 193.0000 378.0000 602.0000 1.5135 1.6506 4.1725 -3.0042 1.6934 4.9741 1.4950 0.9995
Car 0.0000 0.0000 0.0000 495.0000 142.0000 536.0000 180.0000 1.5466 1.6684 4.1983 -4.0314 0.2661 31.4467 1.4720 0.9994
Car 0.0000 0.0000 0.0000 366.0000 180.0000 424.0000 222.0000 1.5070 1.5953 3.6130 -8.2614 1.7413 28.0058 1.4404 0.9986
Car 0.0000 0.0000 0.0000 43.0000 190.0000 254.0000 284.0000 1.5068 1.5900 3.5886 -8.6459 1.8468 13.8512 1.5708 0.9962
Car 0.0000 0.0000 0.0000 474.0000 176.0000 508.0000 201.0000 1.4968 1.6010 3.8442 -7.5105 1.6585 46.1431 1.5424 0.9961
Car 0.0000 0.0000 0.0000 -35.0000 180.0000 166.0000 257.0000 1.5180 1.6347 4.0553 -12.1405 1.6622 16.3993 1.5432 0.9960
Car 0.0000 0.0000 0.0000 626.0000 146.0000 656.0000 173.0000 1.5662 1.6301 3.7485 1.9573 -0.0856 44.7971 1.5626 0.9918
Car 0.0000 0.0000 0.0000 -372.0000 184.0000 116.0000 360.0000 1.4963 1.5825 3.7518 -7.7925 1.6373 8.1575 1.5708 0.9856
Car 0.0000 0.0000 0.0000 616.0000 179.0000 650.0000 211.0000 1.5012 1.6182 3.9582 1.2417 1.7847 36.5412 1.5708 0.9835
Car 0.0000 0.0000 0.0000 541.0000 171.0000 563.0000 195.0000 2.0177 1.8073 4.7303 -4.9096 1.8235 63.3810 1.5118 0.9703
