Car 0.0000 0.0000 0.0000 572.0000 177.0000 608.0000 211.0000 1.5295 1.6176 3.5816 -0.8874 1.6790 34.7464 1.5708 0.9997
Car 0.0000 0.0000 0.0000 -25.0000 174.0000 202.0000 279.0000 1.5365 1.6256 3.6474 -8.7522 1.5534 12.4534 1.4564 0.9997
Car 0.0000 0.0000 0.0000 -10.0000 187.0000 366.0000 395.0000 1.5288 1.6085 3.5646 -3.9128 1.6821 7.2232 1.5708 0.9996
Car 0.0000 0.0000 0.0000 261.0000 183.0000 379.0000 249.0000 1.5620 1.6486 4.1057 -7.6883 1.8181 19.5209 1.5449 0.9968
Car 0.0000 0.0000 0.0000 394.0000 171.0000 431.0000 194.0000 1.5260 1.5949 3.5896 -13.5615 1.3194 49.9444 1.5504 0.9946
Car 0.0000 0.0000 0.0000 254.0000 242.0000 348.0000 305.0000 1.5069 1.6389 3.9227 -9.9861 3.9201 23.5834 1.4976 0.9937
Car 0.0000 0.0000 0.0000 10.0000 180.0000 177.0000 249.0000 1.5064 1.5939 3.7074 -12.6468 1.6739 17.9167 1.5365 0.9931
Car 0.0000 0.0000 0.0000 214.0000 182.0000 297.0000 226.0000 1.4967 1.5929 3.8457 -13.0968 1.8120 26.8766 1.4594 0.9868
Car 0.0000 0.0000 0.0000 539.0000 173.0000 566.0000 197.0000 1.9476 1.7913 4.6538 -4.5518 1.8607 59.1811 1.5708 0.9745
Car 0.0000 0.0000 0.0000 137.0000 167.0000 234.0000 214.0000 1.6421 1.6451 3.8721 -16.0962 1.4143 27.5376 1.4947 0.9721
Car 0.0000 0.0000 0.0000 368.0000 178.0000 426.0000 220.0000 1.5024 1.6047 4.0121 -8.2383 1.6898 28.2487 1.4319 0.9664
Car 0.0000 0.0000 0.0000 434.0000 148.0000 523.0000 230.0000 2.3601 1.9348 5.0571 -4.1049 1.6413 23.3721 1.5708 0.9646
