Car 0.0000 0.0000 0.0000 438.0000 180.0000 484.0000 210.0000 1.5028 1.6355 4.0177 -7.7969 1.8309 38.2819 1.5708 0.9995
Car 0.0000 0.0000 0.0000 443.0000 177.0000 468.0000 194.0000 1.4938 1.5945 3.8792 -13.9000 1.7680 65.4399 1.5320 0.9939
Car 0.0000 0.0000 0.0000 470.0000 175.0000 500.0000 195.0000 1.5055 1.6158 3.9879 -9.7571 1.5905 57.1307 1.5708 0.9936
Car 0.0000 0.0000 0.0000 583.0000 170.0000 602.0000 187.0000 1.5932 1.6847 3.8719 -1.5737 1.2223 71.3034 1.5708 0.9915
Car 0.0000 0.0000 0.0000 167.0000 182.0000 275.0000 227.0000 1.5153 1.6396 4.0949 -14.2876 1.8379 26.7385 1.5708 0.9910
Car 0.0000 0.0000 0.0000 532.0000 182.0000 560.0000 205.0000 1.4964 1.6042 3.9289 -4.2644 2.0272 49.4154 1.5708 0.9821
Car 0.0000 0.0000 0.0000 690.0000 200.0000 716.0000 225.0000 1.5185 1.6627 4.0845 6.4497 3.3327 49.3299 -1.4473 0.9800
Car 0.0000 0.0000 0.0000 293.0000 198.0000 328.0000 218.0000 1.5053 1.6403 3.9190 -25.1206 3.6300 60.8016 1.4641 0.9762
Car 0.0000 0.0000 0.0000 778.0000 163.0000 799.0000 183.0000 1.6158 1.6618 4.1035 15.3853 0.7506 61.5664 -1.3319 0.9754
Car 0.0000 0.0000 0.0000 876.0000 186.0000 1955.0000 749.0000 1.5201 1.6015 3.7356 2.8892 1.6077 3.8672 1.5708 0.9728
