Car 0.0000 0.0000 0.0000 748.0000 180.0000 894.0000 230.0000 1.4607 1.6461 4.0768 6.5340 1.6775 22.5634 0.0046 0.9998
Car 0.0000 0.0000 0.0000 301.0000 170.0000 484.0000 232.0000 1.5892 1.7203 4.4897 -5.9151 1.5134 19.8669 0.0681 0.9998
Car 0.0000 0.0000 0.0000 684.0000 179.0000 781.0000 250.0000 1.5343 1.6374 3.7617 2.8919 1.6745 17.7372 1.5404 0.9998
Car 0.0000 0.0000 0.0000 -323.0000 138.0000 243.0000 325.0000 1.7131 1.7552 4.6985 -6.7142 1.4147 7.6742 0.0868 0.9998
Car 0.0000 0.0000 0.0000 -44.0000 188.0000 282.0000 303.0000 1.4709 1.6121 3.7456 -6.9938 1.7070 10.3945 0.1126 0.9997
Car 0.0000 0.0000 0.0000 112.0000 177.0000 391.0000 269.0000 1.5191 1.6680 4.2087 -6.3104 1.6027 12.9059 0.0676 0.9995
Car 0.0000 0.0000 0.0000 231.0000 183.0000 455.0000 260.0000 1.5076 1.6548 4.0849 -5.5210 1.7172 15.1004 0.0931 0.9989
Car 0.0000 0.0000 0.0000 866.0000 187.0000 2018.0000 793.0000 1.5241 1.6198 3.7551 2.8732 1.6245 3.7896 1.5265 0.9987
Car 0.0000 0.0000 0.0000 419.0000 157.0000 522.0000 192.0000 1.5890 1.7127 4.5243 -6.5601 0.8349 34.4136 0.0612 0.9982
Car 0.0000 0.0000 0.0000 257.0000 169.0000 445.0000 234.0000 1.4886 1.6261 3.9701 -6.2140 1.3898 17.4810 0.0576 0.9972
Car 0.0000 0.0000 0.0000 321.0000 166.0000 463.0000 218.0000 1.5398 1.6259 3.9423 -6.8020 1.3274 22.6503 0.1537 0.9965
Car 0.0000 0.0000 0.0000 -748.0000 161.0000 106.0000 424.0000 1.4761 1.6009 3.8671 -5.9632 1.4318 4.9130 0.0276 0.9957
Car 0.0000 0.0000 0.0000 540.0000 173.0000 563.0000 192.0000 1.5027 1.6061 3.9116 -4.7526 1.4784 60.3323 1.5708 0.9883
Car 0.0000 0.0000 0.0000 374.0000 181.0000 495.0000 229.0000 1.5202 1.5981 3.7550 -6.0179 1.7729 24.8178 -0.4889 0.9776
Car 0.0000 0.0000 0.0000 482.0000 170.0000 552.0000 197.0000 1.6102 1.6759 4.1110 -5.8244 1.4141 45.9723 0.1008 0.9753
Car 0.0000 0.0000 0.0000 651.0000 177.0000 675.0000 199.0000 1.4982 1.5892 3.8096 3.9234 1.7480 51.2141 -1.4654 0.9695
