Car 0.0000 0.0000 0.0000 248.0000 186.0000 444.0000 251.0000 1.4775 1.6849 4.2875 -6.4966 1.8156 17.9928 0.0080 1.0000
Car 0.0000 0.0000 0.0000 829.0000 183.0000 1213.0000 305.0000 1.4994 1.7037 4.3396 5.4707 1.6564 10.0145 0.0019 0.9999
Car 0.0000 0.0000 0.0000 651.0000 178.0000 713.0000 227.0000 1.5213 1.6296 3.7975 2.3853 1.6633 24.4837 1.5478 0.9997
Car 0.0000 0.0000 0.0000 -291.0000 170.0000 258.0000 344.0000 1.5924 1.6968 4.3712 -6.3236 1.5861 7.5530 0.0323 0.9996
Car 0.0000 0.0000 0.0000 -34.0000 192.0000 313.0000 313.0000 1.4616 1.6066 3.7890 -6.2967 1.7343 9.8060 0.0971 0.9995
Car 0.0000 0.0000 0.0000 627.0000 173.0000 651.0000 194.0000 1.5083 1.6040 3.7235 2.2395 1.4316 52.3168 1.5708 0.9992
Car 0.0000 0.0000 0.0000 361.0000 179.0000 491.0000 224.0000 1.5073 1.6550 4.1162 -6.3936 1.7019 25.2891 0.0356 0.9990
Car 0.0000 0.0000 0.0000 644.0000 175.0000 685.0000 210.0000 1.5152 1.6382 4.1309 2.5249 1.5829 33.7141 1.5708 0.9976
Car 0.0000 0.0000 0.0000 523.0000 181.0000 556.0000 207.0000 1.5066 1.6054 3.7978 -4.1238 1.9191 43.2348 1.5708 0.9956
Car 0.0000 0.0000 0.0000 521.0000 174.0000 544.0000 196.0000 1.6063 1.6616 4.0666 -6.0255 1.6466 56.6899 1.4281 0.9954
Car 0.0000 0.0000 0.0000 -1466.0000 186.0000 81.0000 751.0000 1.4987 1.6036 3.9570 -5.1169 1.5896 4.0093 1.4848 0.9872
Car 0.0000 0.0000 0.0000 553.0000 177.0000 585.0000 200.0000 1.4993 1.6043 3.8780 -2.6467 1.6962 48.7399 -1.4753 0.9855
Car 0.0000 0.0000 0.0000 322.0000 172.0000 490.0000 230.0000 1.5795 1.7146 4.4477 -5.9222 1.5614 21.2056 0.0611 0.9748
Car 0.0000 0.0000 0.0000 450.0000 181.0000 537.0000 212.0000 1.5364 1.6355 3.9640 -5.7904 1.8857 36.2092 0.2594 0.9713
Car 0.0000 0.0000 0.0000 366.0000 164.0000 479.0000 206.0000 1.5490 1.6196 3.9277 -7.2769 1.2074 28.1706 0.1784 0.9684
Car 0.0000 0.0000 0.0000 410.0000 178.0000 509.0000 215.0000 1.5311 1.6131 3.8629 -6.3825 1.7083 30.8700 0.1207 0.9681
