Car 0.0000 0.0000 0.0000 -307.0000 179.0000 253.0000 369.0000 1.5303 1.6553 4.0111 -5.8056 1.6024 6.7935 0.0836 0.9999
Car 0.0000 0.0000 0.0000 663.0000 182.0000 737.0000 234.0000 1.5222 1.6362 3.7663 2.8324 1.7988 23.3552 1.4924 0.9999
Car 0.0000 0.0000 0.0000 50.0000 197.0000 336.0000 297.0000 1.4669 1.6132 3.7922 -6.7318 1.8835 11.8479 0.0097 0.9997
Car 0.0000 0.0000 0.0000 257.0000 185.0000 442.0000 248.0000 1.5277 1.6730 4.2375 -6.7496 1.8373 18.8994 0.0324 0.9997
Car 0.0000 0.0000 0.0000 155.0000 190.0000 383.0000 272.0000 1.4908 1.6087 3.7853 -6.6878 1.8359 14.3021 0.0829 0.9995
Car 0.0000 0.0000 0.0000 644.0000 180.0000 685.0000 216.0000 1.5170 1.6356 3.9122 2.5784 1.8152 32.7059 -1.4391 0.9995
Car 0.0000 0.0000 0.0000 456.0000 177.0000 521.0000 205.0000 1.5200 1.6470 4.0744 -7.0171 1.7120 41.7025 0.8020 0.9989
Car 0.0000 0.0000 0.0000 917.0000 182.0000 1241.0000 305.0000 1.5019 1.6022 3.7628 6.8211 1.6385 10.9031 1.0147 0.9978
Car 0.0000 0.0000 0.0000 447.0000 187.0000 529.0000 219.0000 1.4958 1.6089 3.8546 -6.1128 2.2073 36.5702 0.0585 0.9978
Car 0.0000 0.0000 0.0000 357.0000 182.0000 487.0000 228.0000 1.5998 1.6784 4.2213 -6.7123 1.8968 25.9772 0.0900 0.9974
Car 0.0000 0.0000 0.0000 333.0000 185.0000 466.0000 233.0000 1.5054 1.6216 3.9193 -6.9216 1.8930 23.8924 0.1437 0.9966
