Car 0.0000 0.0000 0.0000 697.0000 181.0000 802.0000 259.0000 1.5282 1.6095 3.4623 2.9968 1.7053 16.1106 1.5539 0.9998
Car 0.0000 0.0000 0.0000 645.0000 177.0000 677.0000 206.0000 1.5110 1.6202 3.7654 2.8641 1.6948 40.2573 1.5708 0.9997
Car 0.0000 0.0000 0.0000 371.0000 180.0000 485.0000 263.0000 1.5267 1.6332 3.8273 -3.7455 1.6601 15.3754 1.5260 0.9996
Car 0.0000 0.0000 0.0000 100.0000 185.0000 407.0000 372.0000 1.5389 1.6043 3.4673 -3.5513 1.6858 7.8410 1.5708 0.9996
Car 0.0000 0.0000 0.0000 461.0000 178.0000 515.0000 223.0000 1.5259 1.6207 3.6956 -4.4843 1.7013 27.0499 1.5054 0.9994
Car 0.0000 0.0000 0.0000 -244.0000 189.0000 148.0000 351.0000 1.5230 1.6122 3.7025 -7.7187 1.7447 8.9638 1.5288 0.9989
Car 0.0000 0.0000 0.0000 346.0000 182.0000 404.0000 226.0000 1.5076 1.6104 3.7812 -8.8832 1.8362 27.4982 1.3918 0.9988
Car 0.0000 0.0000 0.0000 588.0000 179.0000 618.0000 204.0000 1.5170 1.6332 3.9446 -0.3093 1.8114 45.5718 1.5708 0.9983
Car 0.0000 0.0000 0.0000 511.0000 179.0000 546.0000 208.0000 1.5071 1.5916 3.6316 -4.3964 1.7700 39.5870 1.5474 0.9975
Car 0.0000 0.0000 0.0000 221.0000 179.0000 338.0000 246.0000 1.5059 1.6064 3.8484 -8.3076 1.6482 18.4397 1.4588 0.9947
Car 0.0000 0.0000 0.0000 409.0000 165.0000 458.0000 200.0000 1.6831 1.6857 4.0891 -8.9365 1.2767 36.9984 1.5291 0.9788
