Car 0.0000 0.0000 0.0000 436.0000 181.0000 475.0000 206.0000 1.5110 1.6400 3.9325 -9.8935 1.9650 46.7602 1.5708 0.9998
Car 0.0000 0.0000 0.0000 49.0000 186.0000 460.0000 444.0000 1.5298 1.6427 3.8748 -2.6256 1.6679 6.3441 1.5708 0.9997
Car 0.0000 0.0000 0.0000 592.0000 173.0000 618.0000 198.0000 1.5051 1.6356 4.0397 -0.2610 1.4754 46.7017 1.5592 0.9993
Car 0.0000 0.0000 0.0000 73.0000 184.0000 189.0000 233.0000 1.4870 1.6117 4.0626 -16.1441 1.8554 24.5183 1.4611 0.9978
Car 0.0000 0.0000 0.0000 267.0000 176.0000 355.0000 225.0000 1.4979 1.5791 3.6196 -9.8911 1.5950 24.1198 1.5285 0.9947
Car 0.0000 0.0000 0.0000 63.0000 194.0000 112.0000 217.0000 1.5078 1.6215 3.8976 -37.8487 2.9946 52.3505 1.3060 0.9943
Car 0.0000 0.0000 0.0000 -27.0000 189.0000 53.0000 220.0000 1.4942 1.6013 3.9319 -32.0496 2.3579 38.8167 1.4118 0.9862
Car 0.0000 0.0000 0.0000 170.0000 179.0000 245.0000 218.0000 1.5414 1.6045 3.7822 -16.7694 1.7515 30.2304 1.4015 0.9782
Car 0.0000 0.0000 0.0000 618.0000 179.0000 636.0000 196.0000 1.4788 1.5819 3.7606 1.6638 1.9249 63.8157 1.5708 0.9726
Car 0.0000 0.0000 0.0000 5.0000 190.0000 91.0000 242.0000 1.5223 1.6230 3.8968 -18.4041 2.0597 23.7320 1.0730 0.9705
Car 0.0000 0.0000 0.0000 133.0000 192.0000 168.0000 213.0000 1.5086 1.6203 3.8936 -34.9008 2.9097 54.9251 1.1624 0.9613
