Car 0.0000 0.0000 0.0000 718.0000 180.0000 913.0000 306.0000 1.5395 1.6629 4.0564 2.8252 1.6329 10.8953 1.5418 0.9999
Car 0.0000 0.0000 0.0000 416.0000 179.0000 515.0000 213.0000 1.4898 1.6538 4.0838 -6.4892 1.7332 32.7645 0.0775 0.9998
Car 0.0000 0.0000 0.0000 -181.0000 182.0000 315.0000 341.0000 1.5293 1.6821 4.2800 -5.7660 1.6493 7.9383 0.0369 0.9998
Car 0.0000 0.0000 0.0000 89.0000 186.0000 378.0000 289.0000 1.4055 1.5907 3.6624 -5.6424 1.6062 10.9392 0.1464 0.9998
Car 0.0000 0.0000 0.0000 654.0000 176.0000 703.0000 217.0000 1.5291 1.6336 3.7623 2.7800 1.6382 29.5115 1.5667 0.9998
Car 0.0000 0.0000 0.0000 510.0000 180.0000 570.0000 225.0000 1.5082 1.6023 3.6496 -2.4265 1.7297 25.9254 1.5708 0.9996
Car 0.0000 0.0000 0.0000 290.0000 172.0000 396.0000 248.0000 1.5757 1.6745 4.1993 -6.4888 1.5654 17.1874 1.0440 0.9994
Car 0.0000 0.0000 0.0000 533.0000 170.0000 562.0000 189.0000 1.5219 1.6470 4.0333 -5.2419 1.2528 61.1748 1.2875 0.9992
Car 0.0000 0.0000 0.0000 1035.0000 182.0000 9264.0000 4064.0000 1.5067 1.5859 3.7163 3.1921 1.5447 2.1670 1.5344 0.9861
Car 0.0000 0.0000 0.0000 -40.0000 181.0000 204.0000 278.0000 1.4993 1.6014 3.9107 -9.4543 1.6410 13.2942 1.5708 0.9647
