Car 0.0000 0.0000 0.0000 -184.0000 186.0000 271.0000 335.0000 1.5294 1.6643 4.1226 -6.4699 1.7051 8.4674 0.0384 0.9999
Car 0.0000 0.0000 0.0000 89.0000 193.0000 390.0000 298.0000 1.4418 1.6274 3.8835 -5.6240 1.7624 11.1015 0.1306 0.9998
Car 0.0000 0.0000 0.0000 629.0000 177.0000 665.0000 205.0000 1.5202 1.6410 3.8306 2.1949 1.7223 42.1071 1.5001 0.9997
Car 0.0000 0.0000 0.0000 610.0000 174.0000 634.0000 196.0000 1.5043 1.6179 3.8429 0.9802 1.5071 51.2736 1.5708 0.9993
Car 0.0000 0.0000 0.0000 728.0000 175.0000 811.0000 215.0000 1.5283 1.6027 3.4492 6.4912 1.5754 29.4731 1.1760 0.9993
Car 0.0000 0.0000 0.0000 146.0000 179.0000 380.0000 265.0000 1.5011 1.5872 3.6579 -6.4377 1.6104 13.5275 0.0892 0.9988
Car 0.0000 0.0000 0.0000 858.0000 186.0000 1957.0000 760.0000 1.5537 1.6475 3.9615 2.9505 1.6509 4.0321 1.5231 0.9986
Car 0.0000 0.0000 0.0000 369.0000 172.0000 506.0000 219.0000 1.5716 1.6991 4.3734 -5.9477 1.5254 25.1803 0.0636 0.9981
Car 0.0000 0.0000 0.0000 351.0000 171.0000 446.0000 232.0000 1.6808 1.6562 3.7710 -6.3060 1.6139 21.8964 1.5708 0.9980
Car 0.0000 0.0000 0.0000 482.0000 171.0000 517.0000 201.0000 1.5090 1.5794 3.4624 -5.8044 1.3985 38.3939 1.4966 0.9978
Car 0.0000 0.0000 0.0000 700.0000 142.0000 740.0000 175.0000 1.6384 1.6761 4.0238 5.9076 0.0204 38.6971 1.5708 0.9907
