Car 0.0000 0.0000 0.0000 632.0000 182.0000 695.0000 235.0000 1.5115 1.6264 3.8348 1.6440 1.7813 22.9604 1.5522 0.9997
Car 0.0000 0.0000 0.0000 -84.0000 183.0000 400.0000 463.0000 1.5378 1.6237 3.6369 -3.1080 1.6260 5.8443 1.5708 0.9997
Car 0.0000 0.0000 0.0000 521.0000 179.0000 561.0000 207.0000 1.5061 1.6087 3.7217 -3.8304 1.8240 41.1748 -1.4658 0.9997
Car 0.0000 0.0000 0.0000 551.0000 179.0000 577.0000 202.0000 1.5066 1.6287 4.0145 -3.0783 1.8786 50.1262 1.5410 0.9990
Car 0.0000 0.0000 0.0000 481.0000 180.0000 513.0000 210.0000 1.5057 1.6099 3.7955 -5.9678 1.8328 38.4581 1.4277 0.9975
Car 0.0000 0.0000 0.0000 678.0000 176.0000 720.0000 209.0000 1.5216 1.6159 3.7306 4.3917 1.6208 35.4625 1.5708 0.9975
Car 0.0000 0.0000 0.0000 627.0000 176.0000 657.0000 204.0000 1.5086 1.6163 3.8822 1.9094 1.6170 41.2345 1.5708 0.9974
Car 0.0000 0.0000 0.0000 838.0000 157.0000 1029.0000 224.0000 1.4797 1.6264 4.0530 7.9644 1.1324 17.8650 0.6322 0.9969
Car 0.0000 0.0000 0.0000 -38.0000 146.0000 235.0000 279.0000 1.4998 1.5647 3.5086 -6.7702 1.1981 9.9708 1.4716 0.9900
Car 0.0000 0.0000 0.0000 -888.0000 138.0000 92.0000 475.0000 1.5378 1.6401 4.1269 -6.1889 1.3936 5.3962 1.5464 0.9852
