Car 0.0000 0.0000 0.0000 -116.0000 187.0000 291.0000 315.0000 1.5169 1.6859 4.2981 -6.8388 1.7282 9.6886 0.0182 0.9999
Car 0.0000 0.0000 0.0000 309.0000 181.0000 480.0000 240.0000 1.5221 1.6740 4.2403 -5.9096 1.7383 20.0217 0.0339 0.9998
Car 0.0000 0.0000 0.0000 55.0000 178.0000 363.0000 278.0000 1.5413 1.6862 4.2991 -6.6412 1.6338 12.1837 0.0190 0.9997
Car 0.0000 0.0000 0.0000 657.0000 179.0000 702.0000 221.0000 1.5171 1.6101 3.6582 2.7045 1.7064 27.9642 -1.4830 0.9993
Car 0.0000 0.0000 0.0000 409.0000 168.0000 525.0000 207.0000 1.6601 1.7720 4.8070 -6.2558 1.4152 32.0153 0.0326 0.9983
Car 0.0000 0.0000 0.0000 696.0000 88.0000 933.0000 306.0000 2.4335 1.9887 5.5905 2.6104 1.4975 10.8802 1.5708 0.9980
Car 0.0000 0.0000 0.0000 354.0000 170.0000 464.0000 213.0000 1.5084 1.6039 3.8019 -7.5106 1.3865 26.9896 -0.3824 0.9977
Car 0.0000 0.0000 0.0000 310.0000 180.0000 449.0000 231.0000 1.5145 1.6025 3.8140 -7.1180 1.7075 22.4824 0.0681 0.9947
Car 0.0000 0.0000 0.0000 430.0000 179.0000 505.0000 220.0000 1.5289 1.6082 3.7621 -5.7014 1.7517 29.3524 -1.3492 0.9924
Car 0.0000 0.0000 0.0000 688.0000 177.0000 723.0000 206.0000 1.5014 1.5949 3.7391 5.1135 1.6486 38.5594 1.5708 0.9910
Car 0.0000 0.0000 0.0000 512.0000 179.0000 541.0000 205.0000 1.4993 1.6074 3.9095 -4.8900 1.7916 43.1752 1.4894 0.9902
Car 0.0000 0.0000 0.0000 525.0000 179.0000 557.0000 203.0000 1.5041 1.6093 3.9151 -4.4391 1.8566 47.8043 1.5708 0.9898
