Car 0.0000 0.0000 0.0000 258.0000 180.0000 412.0000 270.0000 1.5187 1.6262 3.7017 -5.2335 1.6552 14.1670 1.5677 0.9998
Car 0.0000 0.0000 0.0000 577.0000 173.0000 618.0000 211.0000 1.5817 1.6608 3.9203 -0.5838 1.5572 32.4209 1.5106 0.9997
Car 0.0000 0.0000 0.0000 194.0000 183.0000 292.0000 234.0000 1.5166 1.6498 4.0885 -12.0570 1.8169 23.9545 1.4427 0.9995
Car 0.0000 0.0000 0.0000 -239.0000 193.0000 295.0000 473.0000 1.5268 1.6361 3.9454 -4.3042 1.7400 6.1979 1.4937 0.9995
Car 0.0000 0.0000 0.0000 85.0000 184.0000 261.0000 276.0000 1.5196 1.6250 3.9302 -8.4394 1.7424 14.2982 1.4128 0.9987
Car 0.0000 0.0000 0.0000 299.0000 170.0000 399.0000 222.0000 1.5135 1.6211 3.8917 -8.3105 1.4264 23.3246 1.5708 0.9985
Car 0.0000 0.0000 0.0000 456.0000 160.0000 520.0000 208.0000 1.6433 1.6971 4.3686 -4.3992 1.1747 26.7224 1.5536 0.9985
Car 0.0000 0.0000 0.0000 511.0000 178.0000 540.0000 206.0000 1.4933 1.6016 3.8486 -4.7577 1.7551 41.4841 1.4769 0.9976
Car 0.0000 0.0000 0.0000 362.0000 181.0000 426.0000 220.0000 1.4970 1.6174 4.0502 -8.9350 1.7994 30.2020 1.5381 0.9964
Car 0.0000 0.0000 0.0000 33.0000 185.0000 87.0000 214.0000 1.5098 1.6133 3.9143 -30.4408 2.1063 39.9820 1.1245 0.9917
Car 0.0000 0.0000 0.0000 531.0000 174.0000 560.0000 195.0000 1.4972 1.5873 3.7551 -4.6347 1.4958 53.3844 1.5708 0.9790
