Car 0.0000 0.0000 0.0000 221.0000 190.0000 444.0000 327.0000 1.5369 1.6667 4.0944 -3.7446 1.8002 10.4768 1.5706 0.9998
Car 0.0000 0.0000 0.0000 640.0000 173.0000 685.0000 210.0000 1.5239 1.6507 3.9283 2.2988 1.5026 31.9595 1.5560 0.9997
Car 0.0000 0.0000 0.0000 400.0000 185.0000 497.0000 253.0000 1.5240 1.6208 3.7408 -4.0120 1.8186 18.4835 1.5708 0.9995
Car 0.0000 0.0000 0.0000 -44.0000 200.0000 262.0000 344.0000 1.5358 1.6398 3.9856 -6.7705 1.9679 10.2807 1.5599 0.9994
Car 0.0000 0.0000 0.0000 744.0000 154.0000 871.0000 197.0000 1.5725 1.7034 4.4616 7.6205 0.8584 27.9554 0.0558 0.9970
Car 0.0000 0.0000 0.0000 780.0000 165.0000 923.0000 213.0000 1.5909 1.6957 4.4106 8.2934 1.3049 24.9560 0.0991 0.9918
Car 0.0000 0.0000 0.0000 486.0000 183.0000 518.0000 208.0000 1.4995 1.6198 4.0701 -7.0345 2.1374 47.7296 1.5535 0.9880
Car 0.0000 0.0000 0.0000 381.0000 182.0000 453.0000 227.0000 1.4876 1.6030 3.9051 -6.8808 1.7951 26.1011 1.5680 0.9813
Car 0.0000 0.0000 0.0000 699.0000 173.0000 791.0000 207.0000 1.5436 1.6629 4.1288 6.4028 1.5088 34.1809 0.1010 0.9736
Car 0.0000 0.0000 0.0000 457.0000 174.0000 485.0000 194.0000 1.5951 1.6275 3.9429 -11.0320 1.5829 57.9235 1.5508 0.9639
