Car 0.0000 0.0000 0.0000 240.0000 191.0000 405.0000 280.0000 1.5278 1.6505 3.9756 -5.7833 1.9314 14.9857 1.5708 0.9998
Car 0.0000 0.0000 0.0000 718.0000 176.0000 842.0000 263.0000 1.5223 1.6492 3.9834 3.2779 1.5823 14.6692 1.5708 0.9997
Car 0.0000 0.0000 0.0000 765.0000 175.0000 1037.0000 332.0000 1.5183 1.6312 3.7865 3.2587 1.5563 8.9882 1.5010 0.9997
Car 0.0000 0.0000 0.0000 -265.0000 207.0000 233.0000 430.0000 1.5109 1.6432 3.9990 -5.8093 1.9402 7.4235 1.5708 0.9997
Car 0.0000 0.0000 0.0000 502.0000 181.0000 537.0000 207.0000 1.5079 1.6274 3.8793 -5.5341 1.9684 45.0884 1.5708 0.9996
Car 0.0000 0.0000 0.0000 990.0000 165.0000 1359.0000 275.0000 1.5030 1.6486 4.1003 8.2316 1.4066 10.8646 0.1157 0.9993
Car 0.0000 0.0000 0.0000 440.0000 184.0000 501.0000 224.0000 1.5090 1.6160 3.8202 -5.6299 1.9508 29.6615 1.5708 0.9991
Car 0.0000 0.0000 0.0000 356.0000 196.0000 459.0000 257.0000 1.5025 1.6328 4.0346 -5.7659 2.2131 21.0332 1.5708 0.9990
Car 0.0000 0.0000 0.0000 692.0000 183.0000 743.0000 232.0000 1.4993 1.5860 3.5932 3.6356 1.8213 24.3509 -1.4304 0.9984
Car 0.0000 0.0000 0.0000 654.0000 178.0000 686.0000 208.0000 1.5027 1.5998 3.7363 3.2547 1.7439 38.9047 1.5708 0.9981
Car 0.0000 0.0000 0.0000 873.0000 115.0000 1051.0000 201.0000 1.8133 1.7990 4.7776 8.3135 0.5866 17.6012 1.5212 0.9969
Car 0.0000 0.0000 0.0000 668.0000 180.0000 709.0000 219.0000 1.4913 1.5986 3.8682 3.3173 1.7525 30.1465 -1.4644 0.9931
Car 0.0000 0.0000 0.0000 1174.0000 152.0000 1723.0000 302.0000 1.4905 1.6208 3.9748 9.1542 1.2967 8.2427 0.1570 0.9852
Car 0.0000 0.0000 0.0000 77.0000 183.0000 193.0000 238.0000 1.5089 1.6065 3.8934 -14.3123 1.7833 21.9472 1.3794 0.9661
Car 0.0000 0.0000 0.0000 336.0000 175.0000 419.0000 205.0000 1.5419 1.6168 3.8832 -12.3487 1.5976 38.4602 0.1723 0.9628
