Car 0.0000 0.0000 0.0000 691.0000 183.0000 848.0000 286.0000 1.5255 1.6722 4.2221 2.6566 1.7008 13.0608 1.5187 0.9999
Car 0.0000 0.0000 0.0000 -109.0000 185.0000 301.0000 317.0000 1.5515 1.6877 4.2909 -6.6025 1.7190 9.4840 0.0548 0.9995
Car 0.0000 0.0000 0.0000 139.0000 179.0000 404.0000 266.0000 1.5930 1.7276 4.4916 -6.6454 1.7216 14.3868 0.0523 0.9995
Car 0.0000 0.0000 0.0000 396.0000 176.0000 517.0000 219.0000 1.5388 1.6583 4.1097 -5.6539 1.6254 26.8607 0.0557 0.9994
Car 0.0000 0.0000 0.0000 667.0000 175.0000 744.0000 203.0000 1.5473 1.6782 4.2631 5.5879 1.6466 41.9196 0.0252 0.9994
Car 0.0000 0.0000 0.0000 365.0000 177.0000 487.0000 222.0000 1.4829 1.6020 3.7507 -6.2784 1.6063 24.8177 0.1757 0.9992
Car 0.0000 0.0000 0.0000 20.0000 147.0000 311.0000 247.0000 1.5273 1.6269 3.9303 -7.3526 1.1350 12.1111 0.0476 0.9989
Car 0.0000 0.0000 0.0000 698.0000 165.0000 793.0000 202.0000 1.5767 1.6429 4.2238 6.1875 1.1844 32.5619 -0.5579 0.9984
Car 0.0000 0.0000 0.0000 631.0000 175.0000 653.0000 195.0000 1.5251 1.6298 3.9465 2.6164 1.6130 56.5662 1.5708 0.9978
Car 0.0000 0.0000 0.0000 775.0000 174.0000 962.0000 238.0000 1.5192 1.6652 4.1489 6.3849 1.5553 18.1453 0.1314 0.9972
Car 0.0000 0.0000 0.0000 261.0000 167.0000 478.0000 241.0000 1.6092 1.7186 4.5054 -5.5255 1.4913 16.8690 0.0625 0.9968
Car 0.0000 0.0000 0.0000 -1280.0000 192.0000 152.0000 792.0000 1.5125 1.6116 3.8639 -4.9353 1.6556 3.9841 -1.2871 0.9953
Car 0.0000 0.0000 0.0000 520.0000 175.0000 552.0000 198.0000 1.5398 1.6185 3.9375 -5.1802 1.6097 51.0077 1.3080 0.9952
Car 0.0000 0.0000 0.0000 506.0000 172.0000 540.0000 198.0000 1.4943 1.6032 3.9398 -5.0677 1.3859 42.9716 1.5614 0.9951
Car 0.0000 0.0000 0.0000 -360.0000 144.0000 129.0000 328.0000 1.6062 1.6532 4.0829 -7.4796 1.3727 7.5052 0.2083 0.9945
Car 0.0000 0.0000 0.0000 971.0000 201.0000 1994.0000 547.0000 1.5156 1.6208 3.9314 4.6201 1.7142 4.6695 0.3399 0.9915
Car 0.0000 0.0000 0.0000 429.0000 156.0000 532.0000 193.0000 1.5423 1.6498 4.1675 -5.6277 0.8070 31.6935 0.0940 0.9864
Car 0.0000 0.0000 0.0000 570.0000 174.0000 599.0000 201.0000 1.5067 1.6292 4.0907 -1.4121 1.5556 42.9488 1.5588 0.9788
Car 0.0000 0.0000 0.0000 493.0000 167.0000 531.0000 198.0000 1.5358 1.6264 4.0170 -5.0691 1.2192 37.9161 1.5224 0.9750
