Car 0.0000 0.0000 0.0000 159.0000 188.0000 422.0000 271.0000 1.4767 1.7117 4.4120 -6.1664 1.7872 14.1937 0.0111 1.0000
Car 0.0000 0.0000 0.0000 661.0000 179.0000 738.0000 238.0000 1.5061 1.6558 4.1339 2.4910 1.6724 20.8762 1.5582 0.9998
Car 0.0000 0.0000 0.0000 328.0000 178.0000 481.0000 231.0000 1.5047 1.6534 4.0964 -6.0716 1.6433 21.5399 0.0445 0.9997
Car 0.0000 0.0000 0.0000 550.0000 177.0000 580.0000 203.0000 1.4957 1.6549 4.2980 -2.7015 1.7252 45.1037 1.5465 0.9995
Car 0.0000 0.0000 0.0000 -197.0000 190.0000 239.0000 337.0000 1.4893 1.6112 3.8055 -6.6246 1.7062 8.2996 0.0548 0.9994
Car 0.0000 0.0000 0.0000 -552.0000 197.0000 141.0000 421.0000 1.4936 1.6269 3.9531 -6.3366 1.7210 5.8478 0.0510 0.9994
Car 0.0000 0.0000 0.0000 999.0000 180.0000 1706.0000 391.0000 1.5046 1.6516 4.1078 5.7448 1.5733 6.0242 0.0336 0.9991
Car 0.0000 0.0000 0.0000 636.0000 171.0000 662.0000 195.0000 1.5114 1.6342 4.0519 2.6719 1.3691 48.6202 1.5708 0.9981
Car 0.0000 0.0000 0.0000 655.0000 176.0000 703.0000 216.0000 1.5374 1.6495 4.1738 2.8151 1.6286 29.7298 1.5708 0.9963
Car 0.0000 0.0000 0.0000 487.0000 175.0000 552.0000 198.0000 1.6141 1.6907 4.3521 -6.3837 1.6974 51.9302 0.1290 0.9921
Car 0.0000 0.0000 0.0000 384.0000 187.0000 496.0000 229.0000 1.4966 1.5849 3.7325 -6.2723 1.9955 26.8564 0.0718 0.9914
Car 0.0000 0.0000 0.0000 480.0000 167.0000 520.0000 199.0000 1.5154 1.6220 3.9824 -5.6612 1.2156 37.1702 1.3198 0.9836
Car 0.0000 0.0000 0.0000 339.0000 170.0000 468.0000 218.0000 1.5579 1.6279 3.9813 -6.9921 1.4461 24.4828 0.3235 0.9740
