Car 0.0000 0.0000 0.0000 -78.0000 184.0000 327.0000 316.0000 1.5317 1.6796 4.2248 -6.1551 1.6875 9.3627 0.0571 0.9999
Car 0.0000 0.0000 0.0000 215.0000 179.0000 431.0000 249.0000 1.5424 1.7141 4.4632 -6.7086 1.6908 17.0911 0.0361 0.9999
Car 0.0000 0.0000 0.0000 678.0000 178.0000 770.0000 245.0000 1.5510 1.6324 3.5581 2.8376 1.6700 18.5766 1.5218 0.9999
Car 0.0000 0.0000 0.0000 784.0000 190.0000 1186.0000 440.0000 1.5660 1.6319 3.7462 2.8940 1.7434 6.5996 1.5444 0.9997
Car 0.0000 0.0000 0.0000 339.0000 183.0000 482.0000 235.0000 1.4884 1.6245 3.8949 -6.0448 1.7942 22.0413 0.1073 0.9995
Car 0.0000 0.0000 0.0000 659.0000 177.0000 709.0000 217.0000 1.5171 1.6126 3.6490 3.1343 1.6641 29.5252 -1.3442 0.9994
Car 0.0000 0.0000 0.0000 58.0000 182.0000 336.0000 279.0000 1.5159 1.6246 3.9219 -6.9750 1.6742 12.3279 0.1091 0.9992
Car 0.0000 0.0000 0.0000 -346.0000 202.0000 195.0000 388.0000 1.4625 1.6008 3.7916 -6.2774 1.7639 6.7908 0.0873 0.9989
Car 0.0000 0.0000 0.0000 412.0000 183.0000 516.0000 222.0000 1.5382 1.6253 3.9611 -5.9676 1.9426 29.8054 0.0627 0.9978
Car 0.0000 0.0000 0.0000 464.0000 179.0000 534.0000 206.0000 1.5101 1.6047 3.8166 -6.5844 1.8568 43.2916 0.1489 0.9895
Car 0.0000 0.0000 0.0000 359.0000 181.0000 495.0000 230.0000 1.5997 1.6671 4.2201 -6.2626 1.8660 24.9445 0.0765 0.9877
Car 0.0000 0.0000 0.0000 478.0000 166.0000 547.0000 192.0000 1.7004 1.7190 4.3561 -6.5049 1.1726 48.7163 0.0964 0.9846
Car 0.0000 0.0000 0.0000 644.0000 177.0000 686.0000 209.0000 1.4988 1.6102 3.8924 2.8022 1.6554 35.5304 -1.3800 0.9834
Car 0.0000 0.0000 0.0000 507.0000 169.0000 546.0000 204.0000 1.8258 1.7407 4.3926 -4.5167 1.5680 40.0887 1.5522 0.9816
Car 0.0000 0.0000 0.0000 382.0000 184.0000 500.0000 227.0000 1.5592 1.6398 4.0460 -6.3194 1.9498 27.2552 0.0757 0.9740
