Car 0.0000 0.0000 0.0000 710.0000 178.0000 829.0000 219.0000 1.4663 1.6630 4.1545 6.0304 1.6562 27.4147 0.0437 0.9999
Car 0.0000 0.0000 0.0000 746.0000 170.0000 996.0000 335.0000 1.5483 1.6174 3.4394 2.7982 1.5343 8.5880 1.5403 0.9998
Car 0.0000 0.0000 0.0000 664.0000 181.0000 736.0000 234.0000 1.5304 1.6071 3.4077 2.7381 1.7516 22.5428 1.5091 0.9998
Car 0.0000 0.0000 0.0000 -8.0000 189.0000 344.0000 307.0000 1.4426 1.6249 3.9008 -5.9839 1.6820 10.0018 0.0083 0.9997
Car 0.0000 0.0000 0.0000 307.0000 180.0000 483.0000 240.0000 1.5584 1.6930 4.3366 -5.8615 1.7497 19.9186 0.0607 0.9996
Car 0.0000 0.0000 0.0000 271.0000 188.0000 457.0000 254.0000 1.4997 1.6406 4.0244 -5.9978 1.8816 17.7530 0.0946 0.9994
Car 0.0000 0.0000 0.0000 -212.0000 199.0000 255.0000 379.0000 1.4831 1.6002 3.7337 -5.8112 1.7694 7.2274 0.1808 0.9989
Car 0.0000 0.0000 0.0000 50.0000 158.0000 352.0000 259.0000 1.5592 1.6650 4.1931 -6.7821 1.3336 12.1710 0.0436 0.9989
Car 0.0000 0.0000 0.0000 440.0000 163.0000 525.0000 193.0000 1.5491 1.6650 4.2431 -6.8640 1.0172 39.3355 0.1003 0.9988
Car 0.0000 0.0000 0.0000 169.0000 185.0000 397.0000 264.0000 1.5584 1.6533 4.1100 -6.8461 1.8137 15.2897 0.0647 0.9984
Car 0.0000 0.0000 0.0000 521.0000 172.0000 550.0000 197.0000 1.6626 1.6627 4.0460 -5.2288 1.5656 51.8572 1.5708 0.9961
Car 0.0000 0.0000 0.0000 373.0000 177.0000 487.0000 219.0000 1.5293 1.6108 3.8474 -6.7781 1.6579 27.3094 0.2045 0.9947
Car 0.0000 0.0000 0.0000 375.0000 176.0000 500.0000 222.0000 1.4891 1.6066 3.8131 -5.8077 1.5655 24.4995 0.1193 0.9937
Car 0.0000 0.0000 0.0000 409.0000 181.0000 512.0000 220.0000 1.5148 1.6121 3.8632 -6.0871 1.8294 29.6931 0.0670 0.9936
