Car 0.0000 0.0000 0.0000 424.0000 183.0000 476.0000 200.0000 1.4900 1.6712 4.1889 -14.0919 2.2977 64.1249 0.0723 0.9999
Car 0.0000 0.0000 0.0000 140.0000 156.0000 419.0000 334.0000 1.5501 1.6637 3.9379 -3.4766 1.4112 8.3520 1.5001 0.9998
Car 0.0000 0.0000 0.0000 418.0000 180.0000 492.0000 232.0000 1.5421 1.6084 3.4045 -4.8971 1.7347 23.2398 1.5708 0.9997
Car 0.0000 0.0000 0.0000 574.0000 177.0000 606.0000 207.0000 1.5373 1.6129 3.5595 -1.0120 1.6954 39.1337 1.5708 0.9996
Car 0.0000 0.0000 0.0000 380.0000 181.0000 419.0000 205.0000 1.5100 1.6334 3.8761 -13.4500 1.9513 46.4545 1.4858 0.9995
Car 0.0000 0.0000 0.0000 -78.0000 187.0000 222.0000 318.0000 1.5217 1.6292 3.9252 -7.6228 1.7459 10.7003 1.5371 0.9991
Car 0.0000 0.0000 0.0000 333.0000 179.0000 406.0000 223.0000 1.5125 1.6139 3.7505 -8.9116 1.7044 27.0459 1.5354 0.9991
Car 0.0000 0.0000 0.0000 160.0000 183.0000 271.0000 234.0000 1.5041 1.6374 4.1069 -12.9204 1.8216 23.8847 1.5034 0.9988
Car 0.0000 0.0000 0.0000 260.0000 180.0000 347.0000 244.0000 1.4998 1.5879 3.6595 -8.0879 1.6835 19.2537 1.3245 0.9976
Car 0.0000 0.0000 0.0000 521.0000 182.0000 548.0000 206.0000 1.4991 1.6091 3.9582 -4.9725 2.0640 48.8043 1.5224 0.9893
Car 0.0000 0.0000 0.0000 581.0000 174.0000 600.0000 192.0000 1.5582 1.6435 4.0710 -1.6825 1.5895 66.4441 1.5200 0.9868
Car 0.0000 0.0000 0.0000 403.0000 177.0000 449.0000 208.0000 1.4948 1.5905 3.7745 -9.2208 1.6480 36.5020 1.5074 0.9865
Car 0.0000 0.0000 0.0000 493.0000 171.0000 530.0000 203.0000 1.5703 1.6912 4.4983 -5.0832 1.4271 37.9730 1.4890 0.9747
