Car 0.0000 0.0000 0.0000 472.0000 177.0000 545.0000 236.0000 1.5319 1.6345 3.7239 -2.8115 1.6349 20.6450 1.5545 0.9998
Car 0.0000 0.0000 0.0000 306.0000 185.0000 494.0000 326.0000 1.5385 1.6319 3.7935 -2.7024 1.7194 10.0304 1.5320 0.9997
Car 0.0000 0.0000 0.0000 553.0000 177.0000 580.0000 201.0000 1.5053 1.6332 3.9635 -2.7545 1.7128 47.5451 1.5447 0.9996
Car 0.0000 0.0000 0.0000 746.0000 184.0000 1060.0000 383.0000 1.5274 1.6094 3.4787 2.6546 1.6543 7.4808 1.4942 0.9995
Car 0.0000 0.0000 0.0000 705.0000 173.0000 880.0000 296.0000 1.6718 1.6934 4.0362 2.7876 1.6891 12.0087 1.5194 0.9995
Car 0.0000 0.0000 0.0000 654.0000 171.0000 696.0000 209.0000 1.5247 1.6052 3.5641 2.7372 1.4210 30.6006 1.5708 0.9994
Car 0.0000 0.0000 0.0000 981.0000 175.0000 5147.0000 1972.0000 1.5106 1.6096 3.7657 3.0022 1.5340 2.5060 1.5708 0.9990
Car 0.0000 0.0000 0.0000 573.0000 178.0000 592.0000 196.0000 1.5017 1.6027 3.8796 -2.2829 1.8732 63.0049 1.5369 0.9894
Car 0.0000 0.0000 0.0000 461.0000 175.0000 508.0000 209.0000 1.5028 1.5871 3.8030 -5.8263 1.5680 34.0125 1.5568 0.9784
Car 0.0000 0.0000 0.0000 673.0000 169.0000 712.0000 201.0000 1.6510 1.6220 3.6265 4.6022 1.4316 40.0852 1.5459 0.9743
Car 0.0000 0.0000 0.0000 529.0000 174.0000 557.0000 195.0000 1.7805 1.7296 4.4862 -5.7026 1.7615 63.2449 1.5708 0.9739
