Car 0.0000 0.0000 0.0000 181.0000 148.0000 402.0000 221.0000 1.5535 1.7008 4.3939 -7.2728 1.0172 16.6781 0.0476 0.9999
Car 0.0000 0.0000 0.0000 371.0000 178.0000 493.0000 220.0000 1.5263 1.6908 4.3184 -6.8512 1.7141 28.0436 0.0285 0.9999
Car 0.0000 0.0000 0.0000 -50.0000 184.0000 325.0000 307.0000 1.4675 1.6375 4.0043 -6.2030 1.6290 9.7118 0.0107 0.9998
Car 0.0000 0.0000 0.0000 626.0000 179.0000 676.0000 214.0000 1.5088 1.6456 4.0477 1.9002 1.7679 33.7854 1.4466 0.9996
Car 0.0000 0.0000 0.0000 745.0000 178.0000 871.0000 243.0000 1.4829 1.6306 4.0455 5.2258 1.5969 18.6400 -0.8866 0.9996
Car 0.0000 0.0000 0.0000 858.0000 185.0000 1146.0000 299.0000 1.4462 1.6122 3.9073 5.8759 1.6414 10.8666 -0.3425 0.9996
Car 0.0000 0.0000 0.0000 144.0000 184.0000 389.0000 267.0000 1.5360 1.6617 4.1437 -6.8013 1.7571 14.4701 0.0453 0.9996
Car 0.0000 0.0000 0.0000 770.0000 188.0000 972.0000 266.0000 1.4718 1.6200 3.9471 5.6540 1.8161 15.6743 -0.3040 0.9995
Car 0.0000 0.0000 0.0000 -301.0000 185.0000 229.0000 360.0000 1.5503 1.6470 4.0454 -6.3682 1.6911 7.3408 0.0487 0.9995
Car 0.0000 0.0000 0.0000 410.0000 179.0000 509.0000 216.0000 1.5038 1.6183 3.8542 -6.3646 1.7377 30.8352 0.0799 0.9992
Car 0.0000 0.0000 0.0000 1067.0000 201.0000 1360.0000 405.0000 1.4495 1.6084 3.8923 5.9599 1.7965 7.6441 -1.0747 0.9990
Car 0.0000 0.0000 0.0000 1126.0000 118.0000 2082.0000 386.0000 1.5077 1.6354 4.0558 6.3152 1.2194 5.1086 0.1258 0.9970
Car 0.0000 0.0000 0.0000 617.0000 176.0000 648.0000 199.0000 1.5074 1.6037 3.8352 1.5585 1.6506 49.1576 1.4724 0.9910
Car 0.0000 0.0000 0.0000 833.0000 176.0000 1117.0000 268.0000 1.5255 1.6587 4.2307 6.3774 1.5901 12.9781 0.0907 0.9860
Car 0.0000 0.0000 0.0000 388.0000 169.0000 428.0000 196.0000 1.5127 1.5979 3.7371 -11.8749 1.2632 42.8007 1.4882 0.9856
Car 0.0000 0.0000 0.0000 485.0000 166.0000 525.0000 196.0000 1.7067 1.7036 4.2417 -6.1345 1.2511 42.8629 1.5708 0.9847
