Car 0.0000 0.0000 0.0000 581.0000 177.0000 613.0000 208.0000 1.5268 1.6138 3.5056 -0.6562 1.6959 38.0937 1.5514 0.9998
Car 0.0000 0.0000 0.0000 327.0000 183.0000 463.0000 266.0000 1.5273 1.6645 4.1253 -4.4532 1.7308 15.5115 1.5708 0.9997
Car 0.0000 0.0000 0.0000 301.0000 182.0000 377.0000 234.0000 1.5192 1.6360 3.7991 -8.7422 1.8087 23.5559 1.4046 0.9997
Car 0.0000 0.0000 0.0000 -757.0000 210.0000 248.0000 696.0000 1.5214 1.6370 3.9302 -4.0875 1.8432 4.5112 1.5511 0.9996
Car 0.0000 0.0000 0.0000 434.0000 179.0000 503.0000 226.0000 1.5045 1.6271 3.9180 -4.8273 1.6967 25.1888 1.5708 0.9995
Car 0.0000 0.0000 0.0000 37.0000 188.0000 249.0000 289.0000 1.5254 1.6097 3.6702 -8.3168 1.8179 13.2128 1.5346 0.9993
Car 0.0000 0.0000 0.0000 96.0000 155.0000 247.0000 222.0000 1.6925 1.7200 4.4755 -12.3246 1.2390 20.6135 1.5407 0.9986
Car 0.0000 0.0000 0.0000 485.0000 180.0000 529.0000 214.0000 1.5038 1.6123 3.8218 -4.8700 1.8245 34.8085 1.5585 0.9985
Car 0.0000 0.0000 0.0000 476.0000 169.0000 522.0000 185.0000 1.5340 1.6302 4.0522 -10.4791 1.0630 68.9771 0.0809 0.9947
Car 0.0000 0.0000 0.0000 474.0000 176.0000 504.0000 197.0000 1.4972 1.6018 3.9078 -8.9860 1.6594 54.2329 1.5552 0.9917
Car 0.0000 0.0000 0.0000 306.0000 172.0000 364.0000 207.0000 1.5098 1.5957 3.8055 -12.6689 1.4587 33.4278 1.4619 0.9690
