Car 0.0000 0.0000 0.0000 799.0000 171.0000 1160.0000 370.0000 1.7470 1.7717 4.7797 3.9105 1.7492 8.8091 1.5270 0.9999
Car 0.0000 0.0000 0.0000 -1151.0000 210.0000 176.0000 763.0000 1.5137 1.6641 4.2419 -4.7413 1.8359 4.3712 1.5436 0.9997
Car 0.0000 0.0000 0.0000 720.0000 181.0000 806.0000 240.0000 1.5403 1.6141 3.5496 4.3549 1.7472 20.9367 1.5329 0.9995
Car 0.0000 0.0000 0.0000 496.0000 183.0000 537.0000 221.0000 1.5089 1.6400 4.0026 -4.0062 1.8975 31.3190 1.4525 0.9995
Car 0.0000 0.0000 0.0000 747.0000 175.0000 874.0000 258.0000 1.5319 1.6319 3.7705 4.0654 1.5642 15.2031 1.5708 0.9994
Car 0.0000 0.0000 0.0000 695.0000 173.0000 739.0000 210.0000 1.5143 1.6218 3.9228 4.7228 1.4910 31.9054 1.5708 0.9956
Car 0.0000 0.0000 0.0000 709.0000 179.0000 759.0000 224.0000 1.5052 1.6165 3.9200 4.4900 1.7013 26.2590 -1.4402 0.9954
Car 0.0000 0.0000 0.0000 427.0000 175.0000 500.0000 202.0000 1.4771 1.6089 3.8297 -8.3450 1.5771 41.4489 0.1139 0.9951
Car 0.0000 0.0000 0.0000 533.0000 178.0000 566.0000 209.0000 1.4951 1.5864 3.7525 -3.0068 1.7298 37.0915 1.5193 0.9913
Car 0.0000 0.0000 0.0000 850.0000 180.0000 876.0000 199.0000 1.4947 1.6059 3.8767 20.3079 1.9462 57.5283 -1.3039 0.9840
