Car 0.0000 0.0000 0.0000 670.0000 179.0000 735.0000 232.0000 1.5192 1.6385 3.7855 2.8450 1.6796 22.7586 1.5708 0.9999
Car 0.0000 0.0000 0.0000 308.0000 175.0000 473.0000 232.0000 1.5767 1.6926 4.3339 -6.3772 1.6221 21.1776 0.0641 0.9998
Car 0.0000 0.0000 0.0000 738.0000 182.0000 922.0000 308.0000 1.5143 1.5958 3.5189 2.9879 1.6502 10.5835 1.5699 0.9996
Car 0.0000 0.0000 0.0000 155.0000 172.0000 399.0000 261.0000 1.5294 1.6339 3.9256 -6.2078 1.5228 13.5502 0.1742 0.9996
Car 0.0000 0.0000 0.0000 -144.0000 170.0000 271.0000 311.0000 1.5164 1.6292 3.9192 -6.4666 1.5010 8.7195 0.0747 0.9994
Car 0.0000 0.0000 0.0000 831.0000 187.0000 1423.0000 524.0000 1.5271 1.6080 3.5988 2.9712 1.6522 5.1999 1.5474 0.9992
Car 0.0000 0.0000 0.0000 644.0000 166.0000 683.0000 202.0000 1.5385 1.6367 3.9825 2.5005 1.2235 33.7080 1.5708 0.9979
Car 0.0000 0.0000 0.0000 28.0000 183.0000 353.0000 297.0000 1.5771 1.6474 4.0465 -6.2551 1.7407 10.9542 0.0694 0.9961
Car 0.0000 0.0000 0.0000 -369.0000 194.0000 234.0000 396.0000 1.5173 1.6303 4.0009 -5.8260 1.7384 6.4578 0.0492 0.9885
Car 0.0000 0.0000 0.0000 384.0000 175.0000 501.0000 219.0000 1.5319 1.6187 3.8258 -6.0607 1.6074 26.3153 0.2152 0.9792
