Car 0.0000 0.0000 0.0000 -153.0000 197.0000 243.0000 335.0000 1.5091 1.6462 3.9909 -7.0809 1.8347 9.1647 0.1304 0.9999
Car 0.0000 0.0000 0.0000 606.0000 177.0000 679.0000 247.0000 1.5391 1.5957 3.2687 0.8011 1.6202 17.6063 1.5708 0.9998
Car 0.0000 0.0000 0.0000 832.0000 175.0000 956.0000 255.0000 1.5070 1.6027 3.6532 5.9806 1.5480 15.5654 -1.4476 0.9996
Car 0.0000 0.0000 0.0000 994.0000 190.0000 2118.0000 737.0000 1.5136 1.6037 3.6815 3.7040 1.6369 3.9873 -1.4483 0.9991
Car 0.0000 0.0000 0.0000 628.0000 179.0000 687.0000 232.0000 1.5111 1.6045 3.7567 1.5861 1.6952 22.9013 -1.4328 0.9988
Car 0.0000 0.0000 0.0000 782.0000 174.0000 831.0000 211.0000 1.5444 1.6388 3.9923 8.7868 1.5517 32.3153 -1.4195 0.9988
Car 0.0000 0.0000 0.0000 798.0000 175.0000 881.0000 230.0000 1.5078 1.5999 3.6784 6.8121 1.5453 21.6584 -1.4831 0.9984
Car 0.0000 0.0000 0.0000 667.0000 178.0000 710.0000 214.0000 1.4964 1.5907 3.6865 3.5271 1.6746 31.5527 -1.3793 0.9983
Car 0.0000 0.0000 0.0000 772.0000 171.0000 811.0000 198.0000 1.5003 1.6083 3.8697 10.7991 1.3778 42.8062 1.5708 0.9858
Car 0.0000 0.0000 0.0000 614.0000 168.0000 679.0000 191.0000 1.5101 1.6585 4.1555 2.5878 1.1260 49.0541 0.3353 0.9854
Car 0.0000 0.0000 0.0000 589.0000 165.0000 635.0000 206.0000 1.6236 1.6534 4.0670 0.1744 1.2944 30.8465 1.5708 0.9746
