Car 0.0000 0.0000 0.0000 236.0000 181.0000 445.0000 315.0000 1.5373 1.6060 3.4131 -3.5715 1.6523 10.1160 1.5708 0.9998
Car 0.0000 0.0000 0.0000 587.0000 180.0000 625.0000 215.0000 1.5297 1.6248 3.5527 -0.1638 1.7989 33.4166 1.5578 0.9998
Car 0.0000 0.0000 0.0000 430.0000 179.0000 479.0000 211.0000 1.5076 1.6489 4.0440 -7.6813 1.7481 36.1538 1.5485 0.9997
Car 0.0000 0.0000 0.0000 -206.0000 184.0000 186.0000 338.0000 1.5644 1.6677 4.1269 -7.7406 1.7211 9.5901 1.5708 0.9996
Car 0.0000 0.0000 0.0000 470.0000 146.0000 532.0000 200.0000 1.5372 1.6267 3.7375 -3.3222 0.7419 22.4976 1.4969 0.9993
Car 0.0000 0.0000 0.0000 76.0000 186.0000 205.0000 255.0000 1.5246 1.6076 3.6446 -11.6584 1.8381 18.1310 1.3325 0.9991
Car 0.0000 0.0000 0.0000 208.0000 173.0000 326.0000 248.0000 1.5379 1.6346 3.9462 -7.8654 1.5342 16.8504 1.3541 0.9987
Car 0.0000 0.0000 0.0000 500.0000 179.0000 534.0000 210.0000 1.5004 1.6188 3.9465 -4.7305 1.7957 37.5441 1.4778 0.9981
Car 0.0000 0.0000 0.0000 368.0000 176.0000 428.0000 221.0000 1.4901 1.5849 3.7575 -7.5049 1.5809 25.8448 1.4208 0.9961
Car 0.0000 0.0000 0.0000 -133.0000 149.0000 77.0000 218.0000 1.5427 1.6298 4.0607 -15.8532 1.0008 18.1919 1.5708 0.9886
Car 0.0000 0.0000 0.0000 179.0000 178.0000 267.0000 226.0000 1.5018 1.5842 3.7314 -13.1016 1.6440 24.6366 1.3896 0.9825
Car 0.0000 0.0000 0.0000 460.0000 178.0000 499.0000 203.0000 1.4940 1.5954 3.8799 -8.1900 1.7761 45.8515 1.5708 0.9820
Car 0.0000 0.0000 0.0000 277.0000 180.0000 309.0000 196.0000 1.5395 1.6460 4.0755 -31.1505 2.1549 71.1697 1.4756 0.9789
Car 0.0000 0.0000 0.0000 539.0000 170.0000 564.0000 195.0000 1.8184 1.7446 4.4626 -4.2590 1.5348 54.0823 1.5306 0.9764
Car 0.0000 0.0000 0.0000 333.0000 177.0000 387.0000 209.0000 1.5031 1.5921 3.7975 -12.2935 1.6501 35.7870 1.5066 0.9683
