Car 0.0000 0.0000 0.0000 347.0000 184.0000 516.0000 298.0000 1.5237 1.6253 3.6422 -2.6945 1.7057 11.6351 1.5708 0.9999
Car 0.0000 0.0000 0.0000 720.0000 182.0000 955.0000 333.0000 1.5510 1.6323 3.6438 2.6581 1.6623 9.3818 1.4851 0.9997
Car 0.0000 0.0000 0.0000 478.0000 178.0000 548.0000 232.0000 1.5212 1.6527 4.0857 -2.9370 1.6623 22.5941 1.5708 0.9997
Car 0.0000 0.0000 0.0000 694.0000 177.0000 838.0000 273.0000 1.5575 1.6365 3.8948 2.7862 1.6325 13.7901 1.4973 0.9992
Car 0.0000 0.0000 0.0000 860.0000 189.0000 2002.0000 785.0000 1.5174 1.6225 3.8423 2.9087 1.6288 3.8762 1.5041 0.9992
Car 0.0000 0.0000 0.0000 643.0000 177.0000 689.0000 212.0000 1.4969 1.6213 3.9774 2.6352 1.6431 32.5859 -1.3831 0.9987
Car 0.0000 0.0000 0.0000 631.0000 176.0000 658.0000 201.0000 1.4972 1.5951 3.7670 2.2200 1.6454 45.3317 1.5708 0.9958
Car 0.0000 0.0000 0.0000 557.0000 178.0000 582.0000 201.0000 1.5060 1.5974 3.7771 -2.6230 1.7647 49.2184 1.5446 0.9879
Car 0.0000 0.0000 0.0000 672.0000 172.0000 710.0000 200.0000 1.5112 1.5788 3.5232 4.6458 1.4024 40.9654 1.5217 0.9799
Car 0.0000 0.0000 0.0000 537.0000 174.0000 559.0000 193.0000 1.6172 1.6623 4.2261 -5.4389 1.6655 64.9139 1.5688 0.9711
