Car 0.0000 0.0000 0.0000 346.0000 189.0000 475.0000 280.0000 1.5145 1.6335 3.8673 -3.8813 1.8610 14.5580 1.5425 0.9998
Car 0.0000 0.0000 0.0000 154.0000 197.0000 342.0000 299.0000 1.5712 1.6694 4.1445 -6.7573 2.0760 13.9596 1.5395 0.9996
Car 0.0000 0.0000 0.0000 637.0000 178.0000 676.0000 212.0000 1.5277 1.6368 3.8190 2.2737 1.7537 35.3915 1.5646 0.9996
Car 0.0000 0.0000 0.0000 446.0000 183.0000 511.0000 235.0000 1.5196 1.6367 3.9124 -4.1800 1.8259 23.4766 1.5080 0.9994
Car 0.0000 0.0000 0.0000 488.0000 183.0000 516.0000 206.0000 1.5013 1.6292 3.9921 -7.5577 2.1518 50.7046 1.3518 0.9987
Car 0.0000 0.0000 0.0000 757.0000 166.0000 878.0000 208.0000 1.5516 1.6752 4.2630 8.0959 1.2720 28.2770 0.0690 0.9985
Car 0.0000 0.0000 0.0000 707.0000 168.0000 739.0000 198.0000 1.4975 1.6121 3.9605 6.1543 1.2279 38.6700 -1.3907 0.9931
Car 0.0000 0.0000 0.0000 850.0000 171.0000 885.0000 196.0000 1.4882 1.6005 3.8675 16.1636 1.3372 45.1157 -1.3322 0.9837
Car 0.0000 0.0000 0.0000 461.0000 174.0000 486.0000 193.0000 1.5500 1.6344 3.9951 -11.5077 1.5893 61.3808 1.5018 0.9752
Car 0.0000 0.0000 0.0000 882.0000 158.0000 932.0000 182.0000 1.5629 1.6356 4.0102 20.0380 0.5269 48.4881 1.5516 0.9742
Car 0.0000 0.0000 0.0000 708.0000 165.0000 812.0000 202.0000 1.5464 1.6836 4.2773 6.5306 1.1872 31.5338 0.0869 0.9700
