Car 0.0000 0.0000 0.0000 338.0000 184.0000 482.0000 232.0000 1.4942 1.6850 4.2644 -6.4777 1.8387 23.6629 0.0126 0.9999
Car 0.0000 0.0000 0.0000 775.0000 185.0000 989.0000 258.0000 1.4484 1.6382 4.0055 5.7814 1.7097 15.6244 0.0122 0.9999
Car 0.0000 0.0000 0.0000 -2.0000 183.0000 345.0000 299.0000 1.4794 1.6428 4.0107 -6.1423 1.6378 10.3114 0.0331 0.9998
Car 0.0000 0.0000 0.0000 635.0000 180.0000 687.0000 220.0000 1.5210 1.6075 3.5479 2.1206 1.7970 30.1623 1.4888 0.9995
Car 0.0000 0.0000 0.0000 207.0000 187.0000 415.0000 261.0000 1.4382 1.5934 3.7403 -6.2604 1.7376 15.2976 0.0200 0.9993
Car 0.0000 0.0000 0.0000 551.0000 177.0000 576.0000 198.0000 1.4985 1.6131 3.8758 -3.3730 1.7574 54.4284 1.5665 0.9988
Car 0.0000 0.0000 0.0000 104.0000 179.0000 367.0000 270.0000 1.5275 1.6317 3.9518 -6.6660 1.6328 12.9943 0.0977 0.9986
Car 0.0000 0.0000 0.0000 -152.0000 191.0000 276.0000 351.0000 1.4469 1.6067 3.7654 -5.8710 1.6648 7.8213 0.1912 0.9975
Car 0.0000 0.0000 0.0000 619.0000 176.0000 640.0000 196.0000 1.5063 1.6331 4.0798 1.6700 1.7028 58.1298 1.5708 0.9971
Car 0.0000 0.0000 0.0000 1079.0000 176.0000 1894.0000 403.0000 1.5120 1.6541 4.2083 6.4834 1.5522 5.8405 0.1172 0.9969
Car 0.0000 0.0000 0.0000 500.0000 171.0000 526.0000 195.0000 1.5220 1.6177 3.9437 -6.2215 1.3302 46.5925 1.4274 0.9904
Car 0.0000 0.0000 0.0000 381.0000 168.0000 513.0000 215.0000 1.6296 1.7098 4.4613 -5.9493 1.4608 26.6614 0.0623 0.9845
