Car 0.0000 0.0000 0.0000 660.0000 188.0000 724.0000 235.0000 1.5212 1.6509 3.8846 2.9005 2.0493 25.8954 1.5239 0.9999
Car 0.0000 0.0000 0.0000 -79.0000 170.0000 318.0000 299.0000 1.5184 1.6647 4.1535 -6.2748 1.4979 9.4424 0.0506 0.9998
Car 0.0000 0.0000 0.0000 358.0000 189.0000 492.0000 235.0000 1.4716 1.6472 4.0638 -6.2174 1.9975 24.3970 0.2067 0.9998
Car 0.0000 0.0000 0.0000 243.0000 186.0000 445.0000 258.0000 1.5074 1.6364 3.9764 -5.9735 1.8068 16.3938 0.0534 0.9996
Car 0.0000 0.0000 0.0000 707.0000 185.0000 840.0000 281.0000 1.5224 1.6351 3.8943 2.9319 1.7630 13.7288 1.5708 0.9994
Car 0.0000 0.0000 0.0000 757.0000 193.0000 1043.0000 375.0000 1.5214 1.6309 3.8283 2.9476 1.7878 8.3091 1.5361 0.9994
Car 0.0000 0.0000 0.0000 877.0000 190.0000 2503.0000 1037.0000 1.5113 1.6096 3.7702 2.6897 1.6188 3.2318 1.5650 0.9990
Car 0.0000 0.0000 0.0000 -220.0000 202.0000 182.0000 397.0000 1.4873 1.5969 3.7264 -6.3314 1.7957 7.1855 0.4153 0.9990
Car 0.0000 0.0000 0.0000 645.0000 184.0000 679.0000 217.0000 1.5041 1.6071 3.7623 2.6439 2.0490 36.4872 1.5708 0.9988
Car 0.0000 0.0000 0.0000 153.0000 184.0000 295.0000 293.0000 1.4967 1.5788 3.6099 -6.5152 1.6768 11.9219 0.9396 0.9960
Car 0.0000 0.0000 0.0000 406.0000 188.0000 515.0000 228.0000 1.5231 1.6297 4.0053 -5.9641 2.1108 29.1561 0.1111 0.9804
Car 0.0000 0.0000 0.0000 523.0000 174.0000 546.0000 195.0000 1.5699 1.6397 4.0234 -5.8168 1.5956 56.6134 1.5038 0.9665
