Car 0.0000 0.0000 0.0000 -1079.0000 186.0000 308.0000 858.0000 1.5136 1.6241 3.9440 -3.2027 1.6031 3.6554 1.5613 0.9987
Car 0.0000 0.0000 0.0000 505.0000 177.0000 527.0000 195.0000 1.4992 1.6209 3.9801 -8.0347 1.7685 62.7103 1.5117 0.9980
Car 0.0000 0.0000 0.0000 477.0000 180.0000 501.0000 198.0000 1.4979 1.6088 3.9270 -10.4174 2.0080 62.9464 1.5278 0.9979
Car 0.0000 0.0000 0.0000 595.0000 178.0000 616.0000 198.0000 1.4953 1.6116 3.9753 -0.1906 1.8473 58.2175 1.5708 0.9936
Car 0.0000 0.0000 0.0000 -35.0000 189.0000 40.0000 220.0000 1.5011 1.5984 3.8053 -32.2603 2.3288 38.3567 1.3170 0.9832
Car 0.0000 0.0000 0.0000 1172.0000 176.0000 1292.0000 210.0000 1.3720 1.5990 3.7198 26.9440 1.4986 31.2029 0.0431 0.9798
Car 0.0000 0.0000 0.0000 728.0000 173.0000 749.0000 193.0000 1.4975 1.5976 3.8592 10.3603 1.4682 57.5101 -1.4101 0.9773
Car 0.0000 0.0000 0.0000 635.0000 177.0000 659.0000 197.0000 1.5058 1.6365 4.1274 3.0168 1.7713 57.4383 1.5700 0.9743
Car 0.0000 0.0000 0.0000 292.0000 189.0000 345.0000 216.0000 1.5003 1.6322 4.0858 -17.8628 2.4676 44.4798 1.5708 0.9683
Car 0.0000 0.0000 0.0000 587.0000 182.0000 623.0000 214.0000 1.5087 1.6015 3.8671 -0.1569 1.9535 37.3992 1.5708 0.9602
