Car 0.0000 0.0000 0.0000 86.0000 184.0000 206.0000 241.0000 1.5212 1.6338 3.7428 -13.9236 1.8461 21.8483 1.4364 0.9997
Car 0.0000 0.0000 0.0000 504.0000 181.0000 545.0000 216.0000 1.5254 1.6141 3.5432 -3.9333 1.8624 33.9560 1.5448 0.9997
Car 0.0000 0.0000 0.0000 556.0000 180.0000 610.0000 230.0000 1.5155 1.6057 3.5865 -0.8087 1.7396 23.9598 1.5708 0.9996
Car 0.0000 0.0000 0.0000 292.0000 185.0000 348.0000 215.0000 1.5093 1.6256 3.9054 -15.6790 2.1014 39.2265 1.5164 0.9995
Car 0.0000 0.0000 0.0000 569.0000 184.0000 597.0000 208.0000 1.5168 1.6544 4.1887 -1.7208 2.2550 49.6752 1.5708 0.9991
Car 0.0000 0.0000 0.0000 403.0000 201.0000 440.0000 222.0000 1.5055 1.6423 4.0311 -14.8104 3.6931 57.0600 1.5708 0.9980
Car 0.0000 0.0000 0.0000 746.0000 192.0000 768.0000 213.0000 1.4928 1.6144 3.8451 11.5887 2.9567 56.2433 -1.3712 0.9975
Car 0.0000 0.0000 0.0000 632.0000 183.0000 656.0000 206.0000 1.4932 1.6324 4.2089 2.4291 2.1176 50.0770 1.5708 0.9968
Car 0.0000 0.0000 0.0000 463.0000 174.0000 498.0000 199.0000 1.4920 1.5859 3.7649 -7.8819 1.4953 44.5543 1.5516 0.9951
Car 0.0000 0.0000 0.0000 -60.0000 190.0000 38.0000 229.0000 1.5408 1.5893 3.6263 -26.6571 2.2480 31.0748 1.4029 0.9790
Car 0.0000 0.0000 0.0000 664.0000 165.0000 688.0000 187.0000 1.5296 1.6406 4.0934 4.7965 0.9097 51.7125 1.5708 0.9771
Car 0.0000 0.0000 0.0000 637.0000 169.0000 658.0000 188.0000 1.5086 1.6082 3.8422 3.3307 1.1305 60.8954 1.5708 0.9747
