Car 0.0000 0.0000 0.0000 172.0000 186.0000 373.0000 285.0000 1.5216 1.6786 4.3522 -6.0566 1.7671 13.5253 1.5708 0.9998
Car 0.0000 0.0000 0.0000 -874.0000 209.0000 83.0000 583.0000 1.5201 1.6500 4.0721 -6.1742 1.8796 5.3801 1.4921 0.9996
Car 0.0000 0.0000 0.0000 521.0000 178.0000 558.0000 209.0000 1.5198 1.6233 3.7522 -3.6404 1.7456 38.1285 1.5550 0.9996
Car 0.0000 0.0000 0.0000 313.0000 185.0000 426.0000 249.0000 1.5363 1.6680 4.3636 -6.5352 1.8637 20.0589 1.5708 0.9995
Car 0.0000 0.0000 0.0000 422.0000 180.0000 479.0000 220.0000 1.5567 1.6905 4.3702 -6.5791 1.8075 30.1698 1.5053 0.9995
Car 0.0000 0.0000 0.0000 631.0000 174.0000 654.0000 196.0000 1.5078 1.6112 3.7476 2.4593 1.5185 52.4832 1.5708 0.9994
Car 0.0000 0.0000 0.0000 891.0000 181.0000 2856.0000 1140.0000 1.4923 1.6111 3.9472 2.7204 1.5380 3.1229 1.5708 0.9988
Car 0.0000 0.0000 0.0000 484.0000 182.0000 520.0000 207.0000 1.5013 1.6264 4.0437 -6.7382 1.9935 45.6913 1.5708 0.9979
Car 0.0000 0.0000 0.0000 684.0000 168.0000 713.0000 196.0000 1.7799 1.7141 4.3724 5.8743 1.4098 47.5607 1.5708 0.9802
Car 0.0000 0.0000 0.0000 703.0000 170.0000 768.0000 195.0000 1.5092 1.6246 3.9950 7.9966 1.2920 45.6337 0.1253 0.9735
Car 0.0000 0.0000 0.0000 396.0000 164.0000 430.0000 182.0000 1.5364 1.6199 3.8429 -16.8593 0.6851 62.2245 1.5708 0.9645
Car 0.0000 0.0000 0.0000 680.0000 173.0000 701.0000 193.0000 1.5024 1.5963 3.8683 6.3453 1.4120 55.7523 -1.4560 0.9621
