Car 0.0000 0.0000 0.0000 978.0000 165.0000 1137.0000 215.0000 1.5331 1.6487 4.0882 14.5282 1.2699 23.5114 0.0808 0.9993
Car 0.0000 0.0000 0.0000 -1022.0000 184.0000 307.0000 832.0000 1.5122 1.6260 3.9623 -3.2110 1.5845 3.7247 1.5417 0.9986
Car 0.0000 0.0000 0.0000 727.0000 173.0000 750.0000 193.0000 1.4950 1.6002 3.8913 10.3637 1.4338 57.5887 -1.4590 0.9911
Car 0.0000 0.0000 0.0000 505.0000 175.0000 527.0000 193.0000 1.5279 1.6118 3.8641 -8.0343 1.6468 62.7373 1.5089 0.9904
Car 0.0000 0.0000 0.0000 295.0000 185.0000 338.0000 206.0000 1.5030 1.6202 4.0748 -21.8641 2.3465 54.0063 1.5535 0.9862
Car 0.0000 0.0000 0.0000 1161.0000 172.0000 1284.0000 206.0000 1.3902 1.6148 3.8484 26.5276 1.3345 31.2004 0.0380 0.9857
Car 0.0000 0.0000 0.0000 595.0000 178.0000 616.0000 197.0000 1.5003 1.6187 3.9841 -0.2533 1.8240 58.1578 1.5647 0.9840
Car 0.0000 0.0000 0.0000 299.0000 190.0000 348.0000 216.0000 1.5105 1.6347 3.9981 -17.9461 2.5648 45.4792 1.5313 0.9798
Car 0.0000 0.0000 0.0000 1119.0000 164.0000 1246.0000 199.0000 1.5614 1.7192 4.4586 26.7850 1.1140 33.7357 0.0814 0.9709
Car 0.0000 0.0000 0.0000 657.0000 181.0000 700.0000 213.0000 1.5035 1.6111 3.9008 3.6317 1.8953 37.1013 -1.3174 0.9631
Car 0.0000 0.0000 0.0000 495.0000 177.0000 522.0000 197.0000 1.4972 1.6134 3.9846 -7.8457 1.7620 56.8280 1.5600 0.9613
