Car 0.0000 0.0000 0.0000 771.0000 182.0000 974.0000 248.0000 1.4825 1.6908 4.3312 6.3044 1.7163 17.6119 0.0233 1.0000
Car 0.0000 0.0000 0.0000 -154.0000 203.0000 290.0000 360.0000 1.4591 1.6344 3.9926 -5.9499 1.8256 8.0568 0.1403 0.9998
Car 0.0000 0.0000 0.0000 710.0000 181.0000 851.0000 282.0000 1.5230 1.5866 3.3839 2.8468 1.6661 12.7423 1.5447 0.9998
Car 0.0000 0.0000 0.0000 390.0000 165.0000 511.0000 206.0000 1.5755 1.7186 4.5301 -6.4476 1.2655 29.4968 0.0567 0.9997
Car 0.0000 0.0000 0.0000 243.0000 184.0000 421.0000 249.0000 1.4628 1.5937 3.7090 -6.6805 1.7399 17.5073 0.0474 0.9996
Car 0.0000 0.0000 0.0000 640.0000 177.0000 666.0000 202.0000 1.5039 1.6249 3.8967 2.8610 1.7372 46.4493 1.5708 0.9995
Car 0.0000 0.0000 0.0000 302.0000 181.0000 473.0000 242.0000 1.5795 1.6745 4.2350 -6.1309 1.8051 20.0878 0.0655 0.9993
Car 0.0000 0.0000 0.0000 187.0000 178.0000 433.0000 260.0000 1.5543 1.6939 4.3228 -6.0369 1.6592 14.7544 0.0463 0.9989
Car 0.0000 0.0000 0.0000 25.0000 175.0000 379.0000 295.0000 1.5258 1.6596 4.1068 -5.6250 1.5733 10.1642 0.0618 0.9987
Car 0.0000 0.0000 0.0000 461.0000 175.0000 538.0000 203.0000 1.5266 1.6398 4.0406 -6.1900 1.6267 40.8989 0.0498 0.9987
Car 0.0000 0.0000 0.0000 704.0000 176.0000 821.0000 217.0000 1.5120 1.6689 4.2177 5.9133 1.6177 28.1062 0.0365 0.9982
Car 0.0000 0.0000 0.0000 95.0000 172.0000 373.0000 268.0000 1.5568 1.6485 4.0761 -6.5167 1.5591 12.6817 0.0785 0.9979
Car 0.0000 0.0000 0.0000 623.0000 180.0000 647.0000 199.0000 1.5024 1.6194 3.9662 2.2912 2.0503 61.8207 -1.4174 0.9967
Car 0.0000 0.0000 0.0000 375.0000 183.0000 487.0000 225.0000 1.4888 1.5902 3.7385 -6.6239 1.8356 26.9652 0.0801 0.9960
Car 0.0000 0.0000 0.0000 336.0000 173.0000 481.0000 225.0000 1.5318 1.6437 4.0859 -6.2529 1.5352 22.6337 0.0391 0.9922
Car 0.0000 0.0000 0.0000 692.0000 176.0000 786.0000 211.0000 1.5325 1.6522 4.0947 5.9536 1.6359 33.2487 0.0736 0.9919
Car 0.0000 0.0000 0.0000 480.0000 181.0000 547.0000 207.0000 1.4802 1.5764 3.6810 -5.7522 1.9407 43.5469 0.2681 0.9849
Car 0.0000 0.0000 0.0000 742.0000 179.0000 796.0000 229.0000 1.4917 1.5610 3.5205 5.1570 1.6671 23.6268 -1.3915 0.9686
