Car 0.0000 0.0000 0.0000 455.0000 184.0000 538.0000 251.0000 1.5335 1.6441 3.8242 -2.8627 1.8292 18.9046 1.5539 0.9997
Car 0.0000 0.0000 0.0000 -62.0000 189.0000 407.0000 469.0000 1.5273 1.6444 4.0374 -3.1258 1.6961 6.1569 1.5460 0.9997
Car 0.0000 0.0000 0.0000 780.0000 184.0000 1237.0000 458.0000 1.5384 1.6376 3.7829 2.7160 1.6386 6.0404 1.5430 0.9996
Car 0.0000 0.0000 0.0000 709.0000 178.0000 896.0000 298.0000 1.5390 1.6055 3.5536 2.7656 1.6191 11.2234 1.4592 0.9996
Car 0.0000 0.0000 0.0000 676.0000 176.0000 777.0000 249.0000 1.5083 1.6055 3.6649 2.5684 1.5645 16.7188 1.5349 0.9994
Car 0.0000 0.0000 0.0000 637.0000 171.0000 670.0000 200.0000 1.5068 1.6146 3.7885 2.3948 1.3468 39.6068 1.5708 0.9993
Car 0.0000 0.0000 0.0000 558.0000 174.0000 582.0000 195.0000 1.5052 1.6238 3.9119 -2.9910 1.5589 56.5047 1.5708 0.9992
Car 0.0000 0.0000 0.0000 655.0000 179.0000 738.0000 236.0000 1.5146 1.6283 3.9683 2.4673 1.6836 21.3962 1.4734 0.9992
Car 0.0000 0.0000 0.0000 511.0000 181.0000 556.0000 221.0000 1.4990 1.6161 3.9359 -3.0518 1.8180 29.5809 1.5175 0.9991
Car 0.0000 0.0000 0.0000 -800.0000 62.0000 154.0000 470.0000 2.0764 1.8376 4.7278 -6.3528 1.5320 6.0526 1.5708 0.9898
