Car 0.0000 0.0000 0.0000 578.0000 177.0000 620.0000 216.0000 1.5321 1.6157 3.4474 -0.4768 1.6824 30.4263 1.5181 0.9998
Car 0.0000 0.0000 0.0000 229.0000 183.0000 344.0000 246.0000 1.5182 1.6362 3.8081 -8.7794 1.7955 19.8651 1.5177 0.9998
Car 0.0000 0.0000 0.0000 31.0000 180.0000 247.0000 279.0000 1.5248 1.6189 3.6348 -8.2836 1.6356 13.0519 1.5406 0.9998
Car 0.0000 0.0000 0.0000 478.0000 175.0000 520.0000 212.0000 1.5122 1.6220 3.7722 -4.8140 1.5828 31.9342 1.4744 0.9995
Car 0.0000 0.0000 0.0000 -956.0000 217.0000 151.0000 688.0000 1.5127 1.6387 4.0250 -5.0957 1.9108 4.6973 1.5384 0.9994
Car 0.0000 0.0000 0.0000 372.0000 152.0000 491.0000 259.0000 2.2062 1.8526 4.6545 -4.0942 1.7790 17.3066 1.5333 0.9955
Car 0.0000 0.0000 0.0000 509.0000 179.0000 540.0000 205.0000 1.4976 1.6023 3.8973 -5.1200 1.8023 44.0284 1.5173 0.9927
Car 0.0000 0.0000 0.0000 166.0000 172.0000 249.0000 211.0000 1.5113 1.5828 3.6046 -16.3930 1.4398 29.5390 1.5049 0.9919
Car 0.0000 0.0000 0.0000 635.0000 187.0000 656.0000 207.0000 1.5002 1.6122 3.9138 3.0268 2.6131 58.9121 1.5708 0.9897
Car 0.0000 0.0000 0.0000 525.0000 181.0000 553.0000 202.0000 1.5169 1.6543 4.2683 -5.4022 2.0945 56.2847 1.5708 0.9881
