Car 0.0000 0.0000 0.0000 359.0000 180.0000 424.0000 221.0000 1.5211 1.6373 3.8036 -8.7009 1.7632 29.0600 1.5232 0.9998
Car 0.0000 0.0000 0.0000 580.0000 177.0000 612.0000 207.0000 1.5235 1.6164 3.5651 -0.6755 1.7242 39.0487 1.5633 0.9997
Car 0.0000 0.0000 0.0000 156.0000 191.0000 410.0000 341.0000 1.5240 1.6384 3.9183 -4.0570 1.7859 9.6185 1.5627 0.9996
Car 0.0000 0.0000 0.0000 410.0000 183.0000 493.0000 243.0000 1.5231 1.6623 4.2400 -4.4962 1.8073 21.0245 1.5249 0.9996
Car 0.0000 0.0000 0.0000 -175.0000 194.0000 175.0000 332.0000 1.5009 1.6279 4.0029 -8.2803 1.8332 10.3002 1.5708 0.9994
Car 0.0000 0.0000 0.0000 212.0000 175.0000 307.0000 221.0000 1.5061 1.6182 3.8795 -12.3998 1.5501 25.7983 1.5387 0.9991
Car 0.0000 0.0000 0.0000 505.0000 180.0000 538.0000 209.0000 1.5052 1.6045 3.7411 -4.8332 1.8422 40.1778 1.5171 0.9980
Car 0.0000 0.0000 0.0000 208.0000 183.0000 335.0000 250.0000 1.5096 1.6233 3.9206 -8.5953 1.7578 18.6439 1.5150 0.9965
Car 0.0000 0.0000 0.0000 470.0000 179.0000 511.0000 218.0000 1.4932 1.5976 3.8517 -5.0167 1.7363 30.5740 1.4274 0.9955
Car 0.0000 0.0000 0.0000 340.0000 181.0000 391.0000 211.0000 1.5061 1.6072 3.9182 -13.0332 1.9143 38.7498 1.5249 0.9776
Car 0.0000 0.0000 0.0000 454.0000 179.0000 491.0000 202.0000 1.4983 1.5897 3.8199 -9.1108 1.8390 48.3278 1.5708 0.9618
