Car 0.0000 0.0000 0.0000 573.0000 180.0000 603.0000 208.0000 1.5371 1.6220 3.4847 -1.2467 1.8786 41.8988 1.5114 0.9998
Car 0.0000 0.0000 0.0000 644.0000 176.0000 711.0000 228.0000 1.5263 1.6127 3.5013 2.1240 1.6082 23.3161 1.5074 0.9998
Car 0.0000 0.0000 0.0000 613.0000 176.0000 662.0000 215.0000 1.5205 1.6177 3.6429 1.1307 1.6286 30.1207 1.5003 0.9996
Car 0.0000 0.0000 0.0000 412.0000 182.0000 473.0000 229.0000 1.5128 1.6018 3.6037 -5.8857 1.8151 25.6651 1.4895 0.9993
Car 0.0000 0.0000 0.0000 737.0000 173.0000 977.0000 334.0000 1.5272 1.6611 4.1861 2.6857 1.5370 8.9260 1.5708 0.9992
Car 0.0000 0.0000 0.0000 546.0000 174.0000 572.0000 196.0000 1.5075 1.6303 4.0091 -3.5444 1.5134 52.1965 1.5684 0.9987
Car 0.0000 0.0000 0.0000 693.0000 173.0000 828.0000 269.0000 1.6008 1.6767 4.1716 2.7699 1.6160 14.2423 1.5480 0.9985
Car 0.0000 0.0000 0.0000 -220.0000 201.0000 34.0000 290.0000 1.5020 1.6224 4.0514 -14.5694 2.1398 15.2648 1.5061 0.9959
Car 0.0000 0.0000 0.0000 421.0000 175.0000 450.0000 194.0000 1.5326 1.6177 3.9259 -14.1536 1.6096 59.1109 1.5148 0.9891
Car 0.0000 0.0000 0.0000 451.0000 185.0000 490.0000 209.0000 1.5019 1.5961 3.7864 -8.9985 2.2252 47.0946 1.5708 0.9818
Car 0.0000 0.0000 0.0000 414.0000 173.0000 471.0000 209.0000 1.5166 1.6033 3.7893 -7.3898 1.4900 32.1482 1.5708 0.9805
