Car 0.0000 0.0000 0.0000 459.0000 158.0000 525.0000 213.0000 1.5860 1.6946 4.3351 -3.6527 1.1459 22.9530 1.4974 0.9998
Car 0.0000 0.0000 0.0000 291.0000 190.0000 449.0000 307.0000 1.5200 1.6170 3.6519 -3.6846 1.8034 11.6134 1.4823 0.9997
Car 0.0000 0.0000 0.0000 911.0000 192.0000 1957.0000 684.0000 1.5052 1.6306 3.9947 3.5344 1.6563 4.3570 1.5207 0.9995
Car 0.0000 0.0000 0.0000 -333.0000 195.0000 332.0000 586.0000 1.5237 1.6181 3.7637 -3.3338 1.7204 4.9324 1.4803 0.9995
Car 0.0000 0.0000 0.0000 781.0000 184.0000 1048.0000 338.0000 1.5062 1.6047 3.7561 3.5179 1.6581 9.1618 1.5115 0.9991
Car 0.0000 0.0000 0.0000 647.0000 177.0000 701.0000 221.0000 1.5206 1.6272 3.8630 2.3761 1.6587 27.1553 1.5624 0.9990
Car 0.0000 0.0000 0.0000 704.0000 177.0000 819.0000 265.0000 1.5209 1.5846 3.3612 2.8762 1.5967 14.3260 1.5708 0.9990
Car 0.0000 0.0000 0.0000 643.0000 175.0000 684.0000 211.0000 1.5145 1.6046 3.7662 2.5128 1.5672 32.5071 -1.4370 0.9957
Car 0.0000 0.0000 0.0000 675.0000 174.0000 742.0000 228.0000 1.5052 1.5764 3.5321 2.9381 1.5221 21.9959 1.5708 0.9933
Car 0.0000 0.0000 0.0000 633.0000 165.0000 661.0000 191.0000 1.5029 1.6077 3.8881 2.3419 1.0039 43.9236 1.5708 0.9835
