Car 0.0000 0.0000 0.0000 744.0000 168.0000 959.0000 319.0000 1.5821 1.6760 4.0757 2.9018 1.5441 9.6462 1.5708 0.9998
Car 0.0000 0.0000 0.0000 409.0000 179.0000 547.0000 286.0000 1.5131 1.6542 4.0650 -2.0948 1.6141 12.3859 1.5642 0.9998
Car 0.0000 0.0000 0.0000 697.0000 174.0000 738.0000 213.0000 1.5115 1.6095 3.6694 4.5702 1.5497 30.5442 -1.4365 0.9995
Car 0.0000 0.0000 0.0000 483.0000 180.0000 581.0000 251.0000 1.5024 1.6343 4.0856 -1.7574 1.6710 17.4637 1.5708 0.9992
Car 0.0000 0.0000 0.0000 591.0000 174.0000 618.0000 200.0000 1.5073 1.6268 3.9099 -0.2449 1.5186 44.6630 1.5708 0.9992
Car 0.0000 0.0000 0.0000 717.0000 170.0000 829.0000 258.0000 1.5702 1.6400 3.8453 3.1826 1.5156 14.7464 1.5708 0.9979
Car 0.0000 0.0000 0.0000 674.0000 173.0000 703.0000 200.0000 1.4936 1.6094 3.9725 4.7022 1.4680 42.9302 -1.4775 0.9859
Car 0.0000 0.0000 0.0000 801.0000 142.0000 884.0000 205.0000 1.7167 1.6804 4.1329 6.9412 0.8567 21.8494 -1.4327 0.9818
Car 0.0000 0.0000 0.0000 669.0000 174.0000 695.0000 197.0000 1.4956 1.5938 3.8129 5.0318 1.5018 49.2610 -1.4310 0.9788
Car 0.0000 0.0000 0.0000 484.0000 171.0000 566.0000 203.0000 1.6632 1.6932 4.2501 -4.5043 1.5081 39.1226 -0.7591 0.9749
Car 0.0000 0.0000 0.0000 664.0000 173.0000 686.0000 192.0000 1.5143 1.6127 3.9946 5.5227 1.4302 59.7570 -1.4415 0.9671
Car 0.0000 0.0000 0.0000 613.0000 173.0000 636.0000 193.0000 1.5039 1.6127 3.9762 1.3394 1.4596 58.5495 -1.4784 0.9651
