Car 0.0000 0.0000 0.0000 687.0000 184.0000 769.0000 250.0000 1.5325 1.6188 3.5466 3.0071 1.8274 19.0231 1.5708 0.9999
Car 0.0000 0.0000 0.0000 66.0000 194.0000 377.0000 318.0000 1.4929 1.6378 3.9990 -5.9448 1.8660 11.3222 -0.8011 0.9996
Car 0.0000 0.0000 0.0000 161.0000 180.0000 402.0000 264.0000 1.4942 1.6282 3.9285 -6.2483 1.6342 13.8855 0.0689 0.9996
Car 0.0000 0.0000 0.0000 853.0000 185.0000 1436.0000 507.0000 1.5242 1.6125 3.6706 3.1817 1.6320 5.3369 1.5708 0.9995
Car 0.0000 0.0000 0.0000 345.0000 177.0000 483.0000 227.0000 1.5502 1.6500 4.0546 -6.3544 1.6730 23.6461 0.0621 0.9994
Car 0.0000 0.0000 0.0000 501.0000 181.0000 537.0000 208.0000 1.5287 1.6296 3.9071 -5.3812 1.9802 43.4847 1.5708 0.9990
Car 0.0000 0.0000 0.0000 397.0000 161.0000 500.0000 196.0000 1.5250 1.6712 4.2641 -7.2482 0.9596 32.7123 0.0484 0.9990
Car 0.0000 0.0000 0.0000 738.0000 185.0000 859.0000 228.0000 1.4945 1.6403 4.0594 6.7931 1.9103 26.1888 0.0993 0.9986
Car 0.0000 0.0000 0.0000 345.0000 187.0000 447.0000 261.0000 1.5391 1.6294 3.7997 -5.0595 1.8743 17.4697 1.4828 0.9982
Car 0.0000 0.0000 0.0000 526.0000 180.0000 553.0000 203.0000 1.5087 1.6018 3.6698 -4.7120 1.9049 48.6064 1.4078 0.9980
Car 0.0000 0.0000 0.0000 635.0000 166.0000 674.0000 203.0000 2.2135 1.8736 4.8779 2.8613 1.7494 45.7575 1.5159 0.9953
Car 0.0000 0.0000 0.0000 721.0000 175.0000 825.0000 214.0000 1.4920 1.6077 3.8998 6.4510 1.5629 28.6984 0.1146 0.9936
Car 0.0000 0.0000 0.0000 462.0000 161.0000 490.0000 183.0000 1.5290 1.5972 3.6515 -9.9757 0.6300 54.2839 1.5311 0.9808
