Car 0.0000 0.0000 0.0000 326.0000 179.0000 480.0000 231.0000 1.4872 1.6681 4.1813 -6.1921 1.6514 21.8504 0.0443 0.9999
Car 0.0000 0.0000 0.0000 990.0000 176.0000 1471.0000 320.0000 1.4579 1.6530 4.0981 6.8644 1.5111 8.3206 0.0118 0.9999
Car 0.0000 0.0000 0.0000 786.0000 175.0000 1007.0000 249.0000 1.5322 1.6841 4.2990 6.3383 1.5896 16.2614 0.0124 0.9997
Car 0.0000 0.0000 0.0000 54.0000 142.0000 353.0000 240.0000 1.5259 1.6808 4.2996 -6.8805 1.0541 12.3475 0.1187 0.9997
Car 0.0000 0.0000 0.0000 647.0000 143.0000 715.0000 197.0000 1.7556 1.7628 4.6356 2.4842 0.7568 26.0415 1.5250 0.9995
Car 0.0000 0.0000 0.0000 459.0000 171.0000 506.0000 216.0000 1.6314 1.6464 3.6779 -4.9997 1.5303 28.1298 1.3600 0.9994
Car 0.0000 0.0000 0.0000 160.0000 163.0000 362.0000 250.0000 1.5407 1.6372 4.0004 -6.9504 1.3579 14.8261 -1.3622 0.9983
Car 0.0000 0.0000 0.0000 533.0000 170.0000 559.0000 192.0000 1.9070 1.8036 4.9209 -5.5326 1.5562 63.8975 1.5708 0.9979
Car 0.0000 0.0000 0.0000 1092.0000 211.0000 1893.0000 452.0000 1.4343 1.5927 3.8196 6.1827 1.7642 5.5501 0.1424 0.9976
Car 0.0000 0.0000 0.0000 524.0000 180.0000 553.0000 203.0000 1.5672 1.6651 4.3545 -4.9844 1.9882 51.4367 1.5708 0.9934
Car 0.0000 0.0000 0.0000 -66.0000 168.0000 286.0000 280.0000 1.4931 1.6410 4.1077 -7.1969 1.4386 10.5538 0.0507 0.9910
Car 0.0000 0.0000 0.0000 361.0000 163.0000 424.0000 196.0000 1.6145 1.6520 4.1127 -11.0803 1.0863 37.1314 -1.4660 0.9635
