Car 0.0000 0.0000 0.0000 719.0000 182.0000 920.0000 309.0000 1.5361 1.6692 4.1301 2.9011 1.6725 10.9930 1.5255 0.9999
Car 0.0000 0.0000 0.0000 658.0000 179.0000 707.0000 218.0000 1.5202 1.6398 3.9196 3.0183 1.7534 30.3220 1.5695 0.9996
Car 0.0000 0.0000 0.0000 -162.0000 160.0000 269.0000 305.0000 1.5935 1.6783 4.2544 -6.7582 1.4658 8.9257 0.1045 0.9989
Car 0.0000 0.0000 0.0000 -426.0000 187.0000 174.0000 380.0000 1.5069 1.6229 3.9548 -6.4816 1.6589 6.5903 0.0413 0.9986
Car 0.0000 0.0000 0.0000 368.0000 181.0000 489.0000 226.0000 1.4957 1.6080 3.7960 -6.2774 1.7526 25.1512 0.0873 0.9979
Car 0.0000 0.0000 0.0000 641.0000 172.0000 671.0000 200.0000 1.4996 1.5657 3.4912 2.6824 1.4184 41.3564 1.5708 0.9877
Car 0.0000 0.0000 0.0000 -3022.0000 193.0000 90.0000 1360.0000 1.5371 1.6252 4.0473 -4.6073 1.6667 3.0581 1.5708 0.9758
Car 0.0000 0.0000 0.0000 370.0000 180.0000 505.0000 232.0000 1.5237 1.6360 3.9898 -5.4235 1.7324 22.6142 0.4527 0.9758
Car 0.0000 0.0000 0.0000 435.0000 174.0000 524.0000 207.0000 1.5414 1.6226 3.9470 -6.2338 1.5562 34.9134 0.0830 0.9672
Car 0.0000 0.0000 0.0000 433.0000 167.0000 522.0000 199.0000 1.6019 1.6742 4.2722 -6.7676 1.2751 37.2743 0.0888 0.9670
