Car 0.0000 0.0000 0.0000 488.0000 180.0000 588.0000 214.0000 1.4705 1.6614 4.1568 -3.1558 1.7476 32.3850 0.1696 0.9996
Car 0.0000 0.0000 0.0000 563.0000 180.0000 872.0000 337.0000 1.5226 1.6478 4.0022 1.0759 1.6129 9.1633 0.9975 0.9995
Car 0.0000 0.0000 0.0000 327.0000 182.0000 372.0000 222.0000 1.5196 1.6175 3.6728 -10.5506 1.8454 29.2588 1.2200 0.9994
Car 0.0000 0.0000 0.0000 413.0000 188.0000 544.0000 268.0000 1.5211 1.6293 3.7907 -3.0646 1.8507 16.1012 1.0279 0.9993
Car 0.0000 0.0000 0.0000 -86.0000 197.0000 75.0000 305.0000 1.5241 1.6339 3.8686 -10.8171 1.9834 12.8804 1.0172 0.9983
Car 0.0000 0.0000 0.0000 965.0000 171.0000 1086.0000 253.0000 1.5044 1.5866 3.5539 8.5341 1.4583 15.0683 -1.2204 0.9971
Car 0.0000 0.0000 0.0000 839.0000 168.0000 935.0000 242.0000 1.5693 1.6426 4.0679 6.5917 1.4648 17.5111 -1.3345 0.9969
Car 0.0000 0.0000 0.0000 288.0000 181.0000 331.0000 215.0000 1.5013 1.5918 3.7322 -14.0195 1.8276 33.8568 1.2537 0.9915
Car 0.0000 0.0000 0.0000 109.0000 193.0000 165.0000 224.0000 1.5084 1.6093 3.8204 -25.4798 2.5743 38.9427 1.2481 0.9856
Car 0.0000 0.0000 0.0000 336.0000 150.0000 375.0000 181.0000 1.5632 1.6659 4.1427 -13.6083 0.3438 38.8401 1.3015 0.9767
Car 0.0000 0.0000 0.0000 420.0000 175.0000 507.0000 206.0000 1.5412 1.6646 4.1526 -7.5716 1.6193 37.6488 0.1416 0.9718
