Car 0.0000 0.0000 0.0000 135.0000 187.0000 349.0000 268.0000 1.4740 1.6471 4.0434 -7.7752 1.7812 15.6259 -1.1772 0.9999
Car 0.0000 0.0000 0.0000 775.0000 186.0000 894.0000 268.0000 1.4098 1.6226 3.9172 4.4264 1.6734 14.7449 -1.4497 0.9999
Car 0.0000 0.0000 0.0000 -49.0000 190.0000 259.0000 302.0000 1.4732 1.6001 3.6904 -7.4485 1.7453 10.7247 0.1487 0.9996
Car 0.0000 0.0000 0.0000 -303.0000 190.0000 142.0000 357.0000 1.5383 1.6251 3.9057 -7.5141 1.7367 7.9092 0.2106 0.9994
Car 0.0000 0.0000 0.0000 462.0000 180.0000 489.0000 202.0000 1.5406 1.6411 4.0679 -9.9301 1.9809 53.5621 1.3030 0.9991
Car 0.0000 0.0000 0.0000 229.0000 182.0000 387.0000 237.0000 1.4913 1.6205 3.9067 -8.6564 1.7533 20.8314 0.0451 0.9991
Car 0.0000 0.0000 0.0000 1012.0000 191.0000 2248.0000 573.0000 1.4429 1.5990 3.8183 4.5155 1.5623 3.8914 0.1766 0.9985
Car 0.0000 0.0000 0.0000 687.0000 184.0000 853.0000 254.0000 1.4776 1.6139 3.9299 3.9365 1.7546 17.5129 -0.5540 0.9977
Car 0.0000 0.0000 0.0000 249.0000 165.0000 399.0000 216.0000 1.5619 1.6605 4.2213 -9.1632 1.3076 23.2728 0.0879 0.9939
Car 0.0000 0.0000 0.0000 337.0000 157.0000 384.0000 202.0000 1.8012 1.7245 4.1949 -10.5421 1.1368 30.7124 1.2716 0.9617
Car 0.0000 0.0000 0.0000 1019.0000 179.0000 1093.0000 215.0000 1.5765 1.6424 4.0194 21.2126 1.8186 34.1216 -0.6461 0.9616
