Car 0.0000 0.0000 0.0000 585.0000 182.0000 606.0000 201.0000 1.5176 1.6364 3.8265 -1.1065 2.1635 59.0278 1.5325 0.9998
Car 0.0000 0.0000 0.0000 -27.0000 199.0000 358.0000 407.0000 1.5385 1.6558 3.9454 -4.2749 1.8699 7.7079 1.5708 0.9998
Car 0.0000 0.0000 0.0000 733.0000 183.0000 946.0000 313.0000 1.5175 1.6475 4.0984 3.0947 1.6713 10.7090 1.5175 0.9997
Car 0.0000 0.0000 0.0000 840.0000 186.0000 1555.0000 577.0000 1.5252 1.6300 3.8162 2.9480 1.6346 4.8118 1.5695 0.9995
Car 0.0000 0.0000 0.0000 622.0000 178.0000 661.0000 206.0000 1.4998 1.6376 4.0719 1.7542 1.7251 40.2782 1.4797 0.9994
Car 0.0000 0.0000 0.0000 608.0000 176.0000 639.0000 200.0000 1.5029 1.6144 3.8240 0.9351 1.6280 47.0169 1.4818 0.9991
Car 0.0000 0.0000 0.0000 562.0000 181.0000 580.0000 199.0000 1.5914 1.6572 3.9242 -3.6418 2.3065 69.2100 1.5033 0.9969
Car 0.0000 0.0000 0.0000 664.0000 159.0000 769.0000 237.0000 1.7536 1.7438 4.5207 2.5995 1.4389 18.5835 1.5076 0.9944
Car 0.0000 0.0000 0.0000 478.0000 178.0000 508.0000 204.0000 1.4911 1.5967 3.9015 -6.7822 1.7114 42.3283 1.4413 0.9933
Car 0.0000 0.0000 0.0000 377.0000 187.0000 415.0000 220.0000 1.4924 1.6224 4.1702 -10.4160 2.1527 35.4012 1.3228 0.9931
