Car 0.0000 0.0000 0.0000 961.0000 186.0000 1006.0000 211.0000 1.5075 1.6325 3.9237 25.0947 2.3612 48.3208 -1.3859 0.9993
Car 0.0000 0.0000 0.0000 676.0000 171.0000 704.0000 194.0000 1.5492 1.6472 4.1532 5.7812 1.3931 51.5139 1.5708 0.9950
Car 0.0000 0.0000 0.0000 949.0000 196.0000 1041.0000 226.0000 1.5739 1.6742 4.2851 21.9060 2.8843 40.9585 0.1909 0.9943
Car 0.0000 0.0000 0.0000 373.0000 185.0000 407.0000 205.0000 1.5016 1.6090 3.8597 -17.6117 2.4053 58.0876 1.5583 0.9919
Car 0.0000 0.0000 0.0000 460.0000 189.0000 492.0000 212.0000 1.4966 1.6026 3.8322 -9.4530 2.6193 51.3782 1.5630 0.9878
Car 0.0000 0.0000 0.0000 335.0000 191.0000 377.0000 215.0000 1.4992 1.6055 3.8482 -17.1341 2.6794 48.9346 1.5324 0.9867
Car 0.0000 0.0000 0.0000 557.0000 181.0000 587.0000 205.0000 1.5025 1.6151 4.0365 -2.4782 2.0087 49.1974 1.5708 0.9783
Car 0.0000 0.0000 0.0000 656.0000 170.0000 677.0000 189.0000 1.5122 1.6097 3.9435 4.9079 1.2229 61.4057 1.5708 0.9776
Car 0.0000 0.0000 0.0000 746.0000 173.0000 765.0000 191.0000 1.4918 1.5855 3.8166 12.7992 1.4046 62.5008 -1.3585 0.9739
Car 0.0000 0.0000 0.0000 411.0000 180.0000 442.0000 199.0000 1.5044 1.6293 4.0935 -14.6822 1.9584 58.2223 1.5360 0.9670
Car 0.0000 0.0000 0.0000 1005.0000 191.0000 1418.0000 320.0000 1.5485 1.6447 4.1294 7.9117 1.8203 9.8220 0.0701 0.9658
