Car 0.0000 0.0000 0.0000 -145.0000 195.0000 297.0000 335.0000 1.4649 1.6624 4.1335 -6.2382 1.7521 8.6850 0.0159 0.9999
Car 0.0000 0.0000 0.0000 655.0000 182.0000 729.0000 237.0000 1.5239 1.6339 3.8282 2.4628 1.7894 22.4198 1.5077 0.9997
Car 0.0000 0.0000 0.0000 377.0000 183.0000 505.0000 228.0000 1.5331 1.6685 4.1932 -6.0448 1.8902 26.1248 0.0428 0.9997
Car 0.0000 0.0000 0.0000 712.0000 183.0000 857.0000 284.0000 1.5244 1.5900 3.3626 2.9353 1.7017 12.8329 1.5215 0.9997
Car 0.0000 0.0000 0.0000 631.0000 178.0000 654.0000 200.0000 1.5107 1.6025 3.6466 2.4844 1.8346 52.5094 1.5708 0.9993
Car 0.0000 0.0000 0.0000 50.0000 188.0000 366.0000 294.0000 1.4786 1.6369 4.0379 -6.1184 1.7346 11.2034 0.0376 0.9990
Car 0.0000 0.0000 0.0000 206.0000 184.0000 420.0000 260.0000 1.5079 1.6358 3.9709 -6.3385 1.7606 15.5786 0.0563 0.9987
Car 0.0000 0.0000 0.0000 419.0000 173.0000 468.0000 211.0000 1.5160 1.6379 4.0151 -7.1158 1.5181 31.3030 1.4563 0.9977
Car 0.0000 0.0000 0.0000 283.0000 183.0000 449.0000 241.0000 1.5186 1.6551 4.1280 -6.8411 1.8124 20.4126 0.0499 0.9971
Car 0.0000 0.0000 0.0000 646.0000 179.0000 685.0000 214.0000 1.4954 1.6025 3.8376 2.6356 1.7213 33.0830 -1.4534 0.9968
Car 0.0000 0.0000 0.0000 130.0000 174.0000 369.0000 261.0000 1.5420 1.6173 3.9130 -6.8716 1.5634 13.8132 0.1861 0.9807
Car 0.0000 0.0000 0.0000 493.0000 181.0000 554.0000 204.0000 1.5315 1.6126 3.8472 -5.9252 2.0438 50.1708 0.2045 0.9664
