Car 0.0000 0.0000 0.0000 356.0000 147.0000 487.0000 255.0000 2.2080 1.9121 5.2444 -4.3120 1.6801 17.3931 1.5465 0.9997
Car 0.0000 0.0000 0.0000 577.0000 178.0000 608.0000 207.0000 1.5827 1.6412 3.6800 -0.9047 1.8273 41.3027 1.5669 0.9997
Car 0.0000 0.0000 0.0000 89.0000 181.0000 276.0000 273.0000 1.5313 1.6194 3.6407 -8.1139 1.6865 14.0351 1.5211 0.9996
Car 0.0000 0.0000 0.0000 250.0000 182.0000 358.0000 244.0000 1.5202 1.6070 3.5417 -8.2536 1.7427 19.7175 1.5137 0.9996
Car 0.0000 0.0000 0.0000 -692.0000 226.0000 213.0000 654.0000 1.5146 1.6340 3.9830 -4.7058 2.0135 5.0081 1.5588 0.9994
Car 0.0000 0.0000 0.0000 9.0000 182.0000 188.0000 259.0000 1.5154 1.6183 3.7418 -11.3719 1.7157 16.3185 1.4964 0.9994
Car 0.0000 0.0000 0.0000 468.0000 181.0000 519.0000 221.0000 1.4992 1.6363 4.1806 -4.6715 1.8140 29.5110 1.5203 0.9992
Car 0.0000 0.0000 0.0000 230.0000 178.0000 304.0000 220.0000 1.4896 1.5895 3.8448 -13.2454 1.6706 28.0544 1.4107 0.9949
Car 0.0000 0.0000 0.0000 504.0000 180.0000 539.0000 207.0000 1.4910 1.5938 3.8855 -4.9236 1.8149 40.9622 1.5478 0.9910
Car 0.0000 0.0000 0.0000 528.0000 182.0000 553.0000 201.0000 1.5006 1.6068 3.9683 -5.6374 2.2000 59.9948 1.5708 0.9651
