Car 0.0000 0.0000 0.0000 628.0000 181.0000 690.0000 230.0000 1.5265 1.6433 3.8106 1.6200 1.7891 24.6886 1.5127 0.9999
Car 0.0000 0.0000 0.0000 -165.0000 188.0000 200.0000 320.0000 1.4667 1.5955 3.7398 -8.2305 1.7071 10.3470 -1.0760 0.9996
Car 0.0000 0.0000 0.0000 123.0000 183.0000 438.0000 376.0000 1.5276 1.6183 3.6551 -3.1376 1.6457 7.6454 1.5708 0.9996
Car 0.0000 0.0000 0.0000 626.0000 176.0000 654.0000 202.0000 1.5011 1.6037 3.7644 1.8382 1.6101 42.8183 1.5708 0.9989
Car 0.0000 0.0000 0.0000 520.0000 178.0000 563.0000 205.0000 1.5314 1.6251 3.8597 -3.9873 1.7937 43.0164 -1.4108 0.9984
Car 0.0000 0.0000 0.0000 -916.0000 165.0000 99.0000 538.0000 1.7186 1.7087 4.3919 -6.3554 1.7030 5.5619 1.5449 0.9981
Car 0.0000 0.0000 0.0000 559.0000 177.0000 582.0000 199.0000 1.5007 1.6085 3.9227 -2.7646 1.7125 51.8041 1.5033 0.9963
Car 0.0000 0.0000 0.0000 476.0000 182.0000 512.0000 211.0000 1.5102 1.6035 3.7219 -6.4184 1.9767 40.0110 1.3203 0.9958
Car 0.0000 0.0000 0.0000 860.0000 167.0000 929.0000 228.0000 1.4519 1.5699 3.7772 7.6196 1.3080 19.4176 -1.2173 0.9830
Car 0.0000 0.0000 0.0000 671.0000 168.0000 714.0000 201.0000 1.5927 1.6495 4.0540 4.2687 1.3169 37.3353 1.5488 0.9675
