Car 0.0000 0.0000 0.0000 48.0000 201.0000 130.0000 236.0000 1.5329 1.6936 4.1955 -26.3122 2.9807 36.5936 1.4071 0.9998
Car 0.0000 0.0000 0.0000 101.0000 200.0000 181.0000 234.0000 1.5173 1.6661 4.0717 -23.7009 2.8795 36.6074 1.4830 0.9998
Car 0.0000 0.0000 0.0000 655.0000 174.0000 697.0000 210.0000 1.5217 1.6197 3.7025 2.9408 1.5446 32.4038 1.5708 0.9996
Car 0.0000 0.0000 0.0000 418.0000 186.0000 485.0000 228.0000 1.5077 1.6125 3.7446 -6.2291 2.0212 28.7237 1.5708 0.9996
Car 0.0000 0.0000 0.0000 146.0000 200.0000 222.0000 236.0000 1.5111 1.6494 4.0926 -20.8359 2.8832 35.4990 1.4742 0.9979
Car 0.0000 0.0000 0.0000 194.0000 196.0000 265.0000 231.0000 1.5054 1.6424 4.0977 -18.7405 2.6616 35.7424 1.4869 0.9965
Car 0.0000 0.0000 0.0000 -428.0000 219.0000 162.0000 478.0000 1.5041 1.5868 3.6328 -6.0827 2.0170 6.5585 1.5708 0.9964
Car 0.0000 0.0000 0.0000 458.0000 187.0000 506.0000 221.0000 1.5056 1.5989 3.7305 -5.9882 2.1352 34.2594 1.5708 0.9904
Car 0.0000 0.0000 0.0000 339.0000 197.0000 401.0000 256.0000 1.5117 1.6432 4.1447 -7.3415 2.2916 22.2804 1.2808 0.9834
Car 0.0000 0.0000 0.0000 -2972.0000 -1456.0000 1538.0000 554.0000 1.4982 1.6025 3.9013 3.0823 1.6403 1.1929 1.5708 0.9825
Car 0.0000 0.0000 0.0000 823.0000 165.0000 854.0000 185.0000 1.5108 1.6007 3.8319 18.2678 0.8140 57.3656 -1.4710 0.9807
