Car 0.0000 0.0000 0.0000 40.0000 185.0000 159.0000 230.0000 1.5120 1.6479 4.2322 -18.9910 1.9595 27.0483 1.5093 0.9991
Car 0.0000 0.0000 0.0000 480.0000 176.0000 506.0000 198.0000 1.4996 1.6156 3.8878 -8.1971 1.6420 51.0621 1.4583 0.9985
Car 0.0000 0.0000 0.0000 166.0000 192.0000 209.0000 213.0000 1.5011 1.6132 3.8657 -33.2152 2.9830 56.8780 1.4023 0.9973
Car 0.0000 0.0000 0.0000 234.0000 181.0000 279.0000 208.0000 1.5253 1.6388 4.0782 -21.2824 1.9606 43.5808 1.3236 0.9973
Car 0.0000 0.0000 0.0000 480.0000 170.0000 507.0000 190.0000 1.5005 1.5976 3.8051 -9.1384 1.2022 57.3403 1.5549 0.9961
Car 0.0000 0.0000 0.0000 61.0000 182.0000 132.0000 210.0000 1.5208 1.6372 4.2003 -29.7227 1.9922 41.8704 1.4245 0.9959
Car 0.0000 0.0000 0.0000 987.0000 168.0000 1019.0000 186.0000 1.4916 1.5993 3.8382 34.0447 1.0175 62.2436 -1.2856 0.9959
Car 0.0000 0.0000 0.0000 263.0000 183.0000 311.0000 214.0000 1.4940 1.5922 3.8114 -16.9608 2.0027 38.0320 1.3521 0.9945
Car 0.0000 0.0000 0.0000 1035.0000 169.0000 1065.0000 187.0000 1.4870 1.5802 3.6815 38.5639 1.0784 62.9283 -1.1862 0.9941
Car 0.0000 0.0000 0.0000 426.0000 178.0000 462.0000 201.0000 1.4948 1.6034 3.9620 -11.4442 1.7904 50.1405 1.5620 0.9939
Car 0.0000 0.0000 0.0000 494.0000 183.0000 536.0000 213.0000 1.4994 1.6169 3.9988 -5.0041 2.0235 38.9421 1.5708 0.9897
Car 0.0000 0.0000 0.0000 615.0000 165.0000 636.0000 184.0000 1.5225 1.6333 4.0492 1.4142 0.8135 59.6368 1.5708 0.9847
Car 0.0000 0.0000 0.0000 389.0000 185.0000 432.0000 211.0000 1.4990 1.6044 3.8563 -12.2491 2.1736 44.7031 1.5708 0.9739
Car 0.0000 0.0000 0.0000 1166.0000 172.0000 1229.0000 197.0000 1.4843 1.5982 3.7756 36.8695 1.3999 45.1810 -1.3111 0.9737
Car 0.0000 0.0000 0.0000 624.0000 174.0000 653.0000 198.0000 1.4930 1.6045 3.9093 1.8529 1.4920 46.0794 1.5581 0.9732
Car 0.0000 0.0000 0.0000 345.0000 186.0000 399.0000 216.0000 1.4946 1.6215 4.0077 -12.8313 2.1539 39.2362 1.5635 0.9697
Car 0.0000 0.0000 0.0000 1045.0000 176.0000 1095.0000 201.0000 1.4884 1.6187 3.9370 29.0984 1.6406 45.5268 -1.2714 0.9688
Car 0.0000 0.0000 0.0000 1124.0000 182.0000 1194.0000 209.0000 1.4877 1.6142 3.8854 32.3073 1.9617 42.3729 -1.4026 0.9673
Car 0.0000 0.0000 0.0000 74.0000 179.0000 125.0000 202.0000 1.5002 1.5915 3.7790 -35.0505 1.8490 49.6774 1.3342 0.9673
Car 0.0000 0.0000 0.0000 572.0000 167.0000 599.0000 191.0000 1.8947 1.7781 4.7132 -1.8193 1.3267 59.1126 1.5708 0.9650
