Car 0.0000 0.0000 0.0000 -16.0000 196.0000 355.0000 318.0000 1.4943 1.6690 4.1974 -5.9899 1.8445 10.0715 0.0177 0.9999
Car 0.0000 0.0000 0.0000 711.0000 181.0000 845.0000 287.0000 1.5172 1.6273 3.7439 2.6923 1.6526 12.3634 1.5708 0.9998
Car 0.0000 0.0000 0.0000 655.0000 177.0000 706.0000 220.0000 1.5407 1.6128 3.4735 2.6757 1.6518 27.6423 1.5708 0.9997
Car 0.0000 0.0000 0.0000 674.0000 180.0000 770.0000 248.0000 1.5496 1.6437 3.7564 2.7331 1.7027 18.3846 1.5124 0.9997
Car 0.0000 0.0000 0.0000 118.0000 177.0000 394.0000 273.0000 1.5705 1.6523 4.0953 -6.1418 1.6446 12.7006 0.0806 0.9993
Car 0.0000 0.0000 0.0000 -215.0000 203.0000 242.0000 365.0000 1.4609 1.5991 3.7627 -6.2393 1.8109 7.7126 0.1000 0.9991
Car 0.0000 0.0000 0.0000 370.0000 179.0000 499.0000 224.0000 1.5387 1.6778 4.2502 -6.2675 1.7376 26.0557 0.0423 0.9990
Car 0.0000 0.0000 0.0000 396.0000 174.0000 500.0000 212.0000 1.5490 1.6587 4.1123 -6.9629 1.5893 31.2724 0.0780 0.9985
Car 0.0000 0.0000 0.0000 633.0000 176.0000 664.0000 203.0000 1.5116 1.6375 4.0838 2.2458 1.6239 41.6992 1.5708 0.9981
Car 0.0000 0.0000 0.0000 1011.0000 203.0000 168819.0000 78219.0000 1.4941 1.5820 3.6543 2.7443 1.6363 1.8847 1.5708 0.9978
Car 0.0000 0.0000 0.0000 197.0000 178.0000 407.0000 253.0000 1.4769 1.6074 3.8687 -6.5180 1.5869 15.3376 0.1883 0.9968
Car 0.0000 0.0000 0.0000 -778.0000 190.0000 67.0000 458.0000 1.4890 1.6056 3.8644 -6.2870 1.6291 4.9574 0.0498 0.9963
Car 0.0000 0.0000 0.0000 494.0000 185.0000 528.0000 218.0000 1.5606 1.6265 3.9780 -5.1080 2.1801 37.9774 1.4749 0.9939
Car 0.0000 0.0000 0.0000 271.0000 174.0000 434.0000 229.0000 1.5685 1.7035 4.3590 -7.7308 1.6090 21.8204 0.1125 0.9876
Car 0.0000 0.0000 0.0000 492.0000 167.0000 523.0000 192.0000 1.5053 1.5952 3.8041 -6.4282 1.1077 46.0102 1.5308 0.9793
