Car 0.0000 0.0000 0.0000 219.0000 141.0000 421.0000 207.0000 1.5783 1.7273 4.5554 -7.4191 0.8066 18.6694 0.0502 0.9999
Car 0.0000 0.0000 0.0000 744.0000 191.0000 945.0000 260.0000 1.5297 1.6896 4.3172 5.5369 1.9685 17.4133 0.0477 0.9998
Car 0.0000 0.0000 0.0000 -110.0000 192.0000 295.0000 326.0000 1.4930 1.6510 4.0317 -6.4119 1.7552 9.1614 0.0321 0.9998
Car 0.0000 0.0000 0.0000 60.0000 185.0000 347.0000 287.0000 1.5161 1.6349 3.9466 -6.6316 1.7296 11.9043 0.1337 0.9998
Car 0.0000 0.0000 0.0000 972.0000 189.0000 1572.0000 368.0000 1.4783 1.6577 4.1655 6.0546 1.6569 7.0709 0.0944 0.9997
Car 0.0000 0.0000 0.0000 940.0000 188.0000 1187.0000 323.0000 1.4234 1.5833 3.7130 6.1687 1.6489 9.6888 -0.6449 0.9996
Car 0.0000 0.0000 0.0000 637.0000 179.0000 676.0000 212.0000 1.5144 1.6223 3.7460 2.2989 1.7802 35.5698 1.5494 0.9995
Car 0.0000 0.0000 0.0000 720.0000 186.0000 886.0000 246.0000 1.5149 1.6673 4.2541 5.4507 1.8834 20.5746 0.6940 0.9994
Car 0.0000 0.0000 0.0000 208.0000 188.0000 408.0000 258.0000 1.4623 1.6115 3.8490 -6.7344 1.8035 16.2858 0.0126 0.9994
Car 0.0000 0.0000 0.0000 826.0000 196.0000 1081.0000 297.0000 1.4828 1.6277 4.0175 5.9979 1.9119 12.6569 -0.3101 0.9990
Car 0.0000 0.0000 0.0000 -435.0000 177.0000 135.0000 381.0000 1.5997 1.6756 4.2492 -7.1006 1.6564 6.8539 0.1734 0.9982
Car 0.0000 0.0000 0.0000 808.0000 177.0000 1027.0000 257.0000 1.4943 1.5976 4.0076 6.3951 1.5896 15.1130 -0.2125 0.9948
Car 0.0000 0.0000 0.0000 467.0000 178.0000 537.0000 204.0000 1.5051 1.6221 3.9349 -6.4174 1.7931 43.5352 0.0402 0.9939
Car 0.0000 0.0000 0.0000 -3786.0000 -1588.0000 1404.0000 523.0000 1.4998 1.5910 3.7944 2.7248 1.5019 1.2677 1.5428 0.9931
Car 0.0000 0.0000 0.0000 396.0000 180.0000 501.0000 218.0000 1.5270 1.6316 3.9669 -6.7029 1.7872 30.1649 0.1118 0.9924
Car 0.0000 0.0000 0.0000 424.0000 182.0000 518.0000 216.0000 1.4854 1.6169 3.8861 -6.2508 1.8781 32.7047 0.1212 0.9923
Car 0.0000 0.0000 0.0000 -2279.0000 186.0000 71.0000 1018.0000 1.4890 1.5977 3.9423 -4.7346 1.5694 3.3481 1.5036 0.9748
