Car 0.0000 0.0000 0.0000 712.0000 182.0000 871.0000 285.0000 1.5410 1.6541 3.9126 3.0378 1.6995 12.9448 1.5132 0.9998
Car 0.0000 0.0000 0.0000 -147.0000 188.0000 289.0000 330.0000 1.4520 1.6255 3.9330 -6.1322 1.6463 8.4558 0.0112 0.9997
Car 0.0000 0.0000 0.0000 -27.0000 145.0000 341.0000 267.0000 1.6623 1.7313 4.5764 -6.6897 1.2957 10.8416 0.0806 0.9992
Car 0.0000 0.0000 0.0000 664.0000 178.0000 703.0000 214.0000 1.5113 1.6227 3.8885 3.2849 1.6817 32.3611 1.5708 0.9986
Car 0.0000 0.0000 0.0000 -326.0000 219.0000 194.0000 468.0000 1.4922 1.5852 3.6750 -5.5820 1.9217 5.9611 0.3180 0.9981
Car 0.0000 0.0000 0.0000 940.0000 198.0000 3948.0000 1707.0000 1.5046 1.5862 3.6125 2.7423 1.6488 2.5887 1.5708 0.9980
Car 0.0000 0.0000 0.0000 434.0000 182.0000 491.0000 235.0000 1.5176 1.6414 4.0651 -4.7600 1.7900 23.1801 1.3548 0.9967
Car 0.0000 0.0000 0.0000 441.0000 166.0000 531.0000 198.0000 1.6252 1.7200 4.5643 -6.6657 1.2376 39.2124 0.0843 0.9961
Car 0.0000 0.0000 0.0000 451.0000 177.0000 535.0000 208.0000 1.5329 1.6293 3.9610 -5.9271 1.6994 36.9691 0.1223 0.9806
Car 0.0000 0.0000 0.0000 447.0000 183.0000 494.0000 224.0000 1.5356 1.6063 3.7846 -5.7338 1.9099 29.4613 1.3040 0.9790
Car 0.0000 0.0000 0.0000 432.0000 182.0000 524.0000 217.0000 1.5002 1.5888 3.7060 -5.8458 1.8830 32.1940 0.2875 0.9663
Car 0.0000 0.0000 0.0000 695.0000 183.0000 783.0000 247.0000 1.4946 1.5498 3.4088 3.2396 1.7323 18.6865 1.5402 0.9655
Car 0.0000 0.0000 0.0000 365.0000 179.0000 456.0000 244.0000 1.5118 1.6295 3.9696 -5.1398 1.6519 19.0257 1.4815 0.9649
