Car 0.0000 0.0000 0.0000 -128.0000 191.0000 374.0000 453.0000 1.5321 1.6620 4.1133 -3.7286 1.7307 6.4876 1.5708 0.9998
Car 0.0000 0.0000 0.0000 325.0000 187.0000 459.0000 281.0000 1.5187 1.6180 3.6415 -4.0358 1.7977 13.8523 1.5227 0.9997
Car 0.0000 0.0000 0.0000 652.0000 178.0000 696.0000 220.0000 1.5281 1.6116 3.5530 2.5291 1.7047 28.3162 1.5708 0.9996
Car 0.0000 0.0000 0.0000 -633.0000 186.0000 109.0000 446.0000 1.5051 1.6256 4.0819 -6.6965 1.6375 6.3576 1.5708 0.9963
Car 0.0000 0.0000 0.0000 762.0000 152.0000 904.0000 202.0000 1.5910 1.6993 4.3449 7.5212 0.8967 24.5302 0.0578 0.9942
Car 0.0000 0.0000 0.0000 1027.0000 142.0000 1131.0000 176.0000 1.4814 1.6176 4.0287 22.0168 0.0583 33.8799 0.5464 0.9938
Car 0.0000 0.0000 0.0000 451.0000 174.0000 481.0000 195.0000 1.5225 1.6013 3.8248 -10.7301 1.5439 54.4275 1.5316 0.9922
Car 0.0000 0.0000 0.0000 1053.0000 158.0000 1182.0000 197.0000 1.5401 1.6768 4.2172 21.4683 0.9137 30.5239 0.0661 0.9898
Car 0.0000 0.0000 0.0000 408.0000 187.0000 474.0000 229.0000 1.5288 1.6304 4.1608 -6.7107 2.0753 29.1017 1.5708 0.9846
Car 0.0000 0.0000 0.0000 1017.0000 165.0000 1140.0000 208.0000 1.5446 1.6296 3.8621 18.2510 1.2512 28.1961 1.2420 0.9779
Car 0.0000 0.0000 0.0000 789.0000 165.0000 946.0000 219.0000 1.5097 1.6453 4.1118 7.6064 1.2933 21.5046 0.0678 0.9687
