Car 0.0000 0.0000 0.0000 563.0000 180.0000 626.0000 243.0000 1.5547 1.5919 3.1023 -0.4231 1.7382 19.7453 1.5498 0.9999
Car 0.0000 0.0000 0.0000 393.0000 178.0000 501.0000 260.0000 1.5231 1.6328 3.7612 -3.3685 1.6290 15.4779 1.5212 0.9998
Car 0.0000 0.0000 0.0000 257.0000 175.0000 364.0000 239.0000 1.5352 1.6086 3.5008 -7.8893 1.5889 19.2562 1.5006 0.9996
Car 0.0000 0.0000 0.0000 -181.0000 190.0000 182.0000 337.0000 1.5329 1.6351 3.8702 -7.8171 1.7818 9.7571 1.5708 0.9995
Car 0.0000 0.0000 0.0000 185.0000 187.0000 436.0000 356.0000 1.5263 1.6333 3.8758 -3.3130 1.7115 8.7279 1.5099 0.9995
Car 0.0000 0.0000 0.0000 231.0000 178.0000 316.0000 221.0000 1.5197 1.6365 4.0982 -12.8656 1.6809 27.8544 1.5013 0.9988
Car 0.0000 0.0000 0.0000 516.0000 179.0000 564.0000 214.0000 1.5052 1.6226 3.9547 -3.0852 1.7207 32.7447 1.5708 0.9982
Car 0.0000 0.0000 0.0000 455.0000 180.0000 529.0000 234.0000 1.4919 1.6071 4.0040 -3.5440 1.6943 22.2678 1.5708 0.9945
Car 0.0000 0.0000 0.0000 535.0000 156.0000 562.0000 177.0000 1.5385 1.6203 3.8440 -4.8361 0.1858 58.1447 1.5708 0.9913
Car 0.0000 0.0000 0.0000 365.0000 181.0000 407.0000 218.0000 1.4892 1.5891 3.8230 -9.5968 1.7870 30.9377 1.2687 0.9884
Car 0.0000 0.0000 0.0000 337.0000 179.0000 386.0000 209.0000 1.4979 1.6140 4.0559 -12.9363 1.7617 37.8561 1.4574 0.9876
Car 0.0000 0.0000 0.0000 449.0000 179.0000 484.0000 205.0000 1.5086 1.6076 3.8909 -8.7599 1.8336 44.6275 1.5195 0.9802
