Car 0.0000 0.0000 0.0000 909.0000 180.0000 1232.0000 281.0000 1.4285 1.6276 3.9562 6.9826 1.5507 11.2484 0.0264 0.9999
Car 0.0000 0.0000 0.0000 713.0000 180.0000 854.0000 229.0000 1.4677 1.6532 4.1157 5.5105 1.6825 23.1151 0.0242 0.9999
Car 0.0000 0.0000 0.0000 412.0000 180.0000 518.0000 217.0000 1.5338 1.6738 4.2167 -6.2187 1.8168 31.2309 0.0466 0.9998
Car 0.0000 0.0000 0.0000 135.0000 181.0000 416.0000 275.0000 1.5074 1.6703 4.1895 -5.7893 1.6569 12.7276 0.0355 0.9998
Car 0.0000 0.0000 0.0000 -119.0000 193.0000 314.0000 344.0000 1.4888 1.6435 4.0376 -5.7931 1.7377 8.3081 0.1285 0.9997
Car 0.0000 0.0000 0.0000 -437.0000 199.0000 131.0000 433.0000 1.4750 1.5947 3.7317 -6.1943 1.7151 5.9151 0.2460 0.9996
Car 0.0000 0.0000 0.0000 275.0000 181.0000 459.0000 245.0000 1.4972 1.6485 4.0486 -5.9957 1.6915 18.0268 0.0379 0.9996
Car 0.0000 0.0000 0.0000 641.0000 177.0000 675.0000 207.0000 1.5015 1.6324 4.0169 2.5058 1.6570 37.5465 1.5708 0.9995
Car 0.0000 0.0000 0.0000 837.0000 174.0000 1088.0000 266.0000 1.4780 1.6217 3.9445 6.4647 1.5012 13.6129 0.9329 0.9994
Car 0.0000 0.0000 0.0000 345.0000 180.0000 490.0000 232.0000 1.5660 1.6595 4.1180 -6.0330 1.7744 22.8216 0.0770 0.9990
Car 0.0000 0.0000 0.0000 427.0000 169.0000 521.0000 203.0000 1.5321 1.6468 4.1079 -6.3681 1.3065 34.1844 0.0411 0.9972
Car 0.0000 0.0000 0.0000 529.0000 170.0000 552.0000 191.0000 1.5059 1.5884 3.8575 -5.1706 1.2264 54.2555 1.4276 0.9841
Car 0.0000 0.0000 0.0000 547.0000 178.0000 582.0000 207.0000 1.4950 1.6162 4.0700 -2.4000 1.7470 39.9501 1.5708 0.9825
Car 0.0000 0.0000 0.0000 466.0000 169.0000 504.0000 199.0000 1.5321 1.6135 3.9613 -6.7605 1.3066 39.5507 1.5208 0.9819
Car 0.0000 0.0000 0.0000 35.0000 185.0000 336.0000 303.0000 1.4841 1.6072 3.8506 -6.1689 1.6683 10.4882 0.3000 0.9791
Car 0.0000 0.0000 0.0000 217.0000 174.0000 435.0000 254.0000 1.5326 1.6493 4.0303 -5.9262 1.5634 15.1000 0.2299 0.9694
