Car 0.0000 0.0000 0.0000 -16.0000 185.0000 305.0000 295.0000 1.4417 1.5961 3.6611 -6.6440 1.6219 10.4741 0.0150 0.9998
Car 0.0000 0.0000 0.0000 -126.0000 198.0000 317.0000 353.0000 1.4658 1.6234 3.9132 -5.5702 1.7745 8.0086 0.0877 0.9997
Car 0.0000 0.0000 0.0000 314.0000 157.0000 474.0000 212.0000 1.5795 1.6968 4.3709 -6.5273 1.0981 22.0110 0.0657 0.9996
Car 0.0000 0.0000 0.0000 412.0000 175.0000 506.0000 209.0000 1.5441 1.6478 4.0585 -7.1889 1.6206 34.6320 0.1530 0.9995
Car 0.0000 0.0000 0.0000 718.0000 175.0000 828.0000 220.0000 1.5152 1.6448 4.0629 6.0003 1.5904 26.8592 1.0509 0.9994
Car 0.0000 0.0000 0.0000 609.0000 170.0000 636.0000 194.0000 1.5152 1.6273 3.9075 0.9869 1.3057 48.4030 1.5708 0.9991
Car 0.0000 0.0000 0.0000 230.0000 183.0000 415.0000 247.0000 1.4887 1.6262 3.9518 -7.0671 1.7361 17.8405 0.1200 0.9989
Car 0.0000 0.0000 0.0000 628.0000 172.0000 664.0000 202.0000 1.5369 1.6462 4.0638 1.9767 1.4705 39.1335 1.5582 0.9989
Car 0.0000 0.0000 0.0000 -4664.0000 -1782.0000 1432.0000 527.0000 1.4954 1.5973 3.8616 3.0417 1.5426 1.3136 1.5057 0.9950
Car 0.0000 0.0000 0.0000 482.0000 176.0000 519.0000 203.0000 1.4970 1.5984 3.7908 -6.3552 1.6466 42.4023 1.5686 0.9926
Car 0.0000 0.0000 0.0000 -517.0000 177.0000 95.0000 420.0000 1.5644 1.6296 3.9781 -6.6168 1.6132 5.8831 0.2306 0.9854
Car 0.0000 0.0000 0.0000 277.0000 174.0000 438.0000 232.0000 1.5186 1.6236 3.8859 -6.9425 1.5323 19.9857 0.0607 0.9822
Car 0.0000 0.0000 0.0000 508.0000 178.0000 537.0000 199.0000 1.4960 1.5810 3.7286 -6.2571 1.8001 52.6289 1.5708 0.9741
Car 0.0000 0.0000 0.0000 812.0000 135.0000 891.0000 180.0000 1.6155 1.6735 4.1442 9.3962 0.2378 28.2160 1.5707 0.9731
