Car 0.0000 0.0000 0.0000 734.0000 179.0000 957.0000 325.0000 1.5394 1.6618 4.0174 2.8422 1.6181 9.7042 1.5688 0.9998
Car 0.0000 0.0000 0.0000 -59.0000 189.0000 313.0000 314.0000 1.4471 1.6241 3.9261 -6.2175 1.6736 9.4477 0.0916 0.9997
Car 0.0000 0.0000 0.0000 688.0000 173.0000 742.0000 221.0000 1.5160 1.6051 3.5877 3.5797 1.5179 24.8373 1.5708 0.9997
Car 0.0000 0.0000 0.0000 85.0000 174.0000 375.0000 271.0000 1.5351 1.6674 4.1655 -6.4062 1.5580 12.3495 0.0921 0.9997
Car 0.0000 0.0000 0.0000 350.0000 181.0000 501.0000 235.0000 1.5233 1.6477 4.0618 -5.4701 1.7552 21.5854 0.0914 0.9994
Car 0.0000 0.0000 0.0000 406.0000 180.0000 510.0000 220.0000 1.4843 1.6007 3.7593 -5.9335 1.7598 28.4902 0.0465 0.9993
Car 0.0000 0.0000 0.0000 -196.0000 204.0000 272.0000 394.0000 1.4953 1.6128 3.8253 -5.5891 1.8312 7.1202 0.2298 0.9990
Car 0.0000 0.0000 0.0000 473.0000 175.0000 537.0000 211.0000 1.6420 1.6734 4.2766 -4.9897 1.7063 35.2218 -1.3451 0.9952
Car 0.0000 0.0000 0.0000 506.0000 167.0000 539.0000 200.0000 1.7180 1.6645 3.8697 -4.7778 1.3761 39.4709 1.4227 0.9934
Car 0.0000 0.0000 0.0000 674.0000 174.0000 717.0000 213.0000 1.4971 1.5844 3.7060 3.5121 1.5064 29.8886 1.5708 0.9928
Car 0.0000 0.0000 0.0000 657.0000 177.0000 690.0000 204.0000 1.5028 1.5950 3.7849 3.8630 1.7191 43.5758 1.5547 0.9864
Car 0.0000 0.0000 0.0000 286.0000 174.0000 477.0000 238.0000 1.5128 1.6850 4.2719 -5.6921 1.5418 18.1413 0.1474 0.9813
