Car 0.0000 0.0000 0.0000 749.0000 182.0000 907.0000 234.0000 1.4533 1.6730 4.2082 6.4369 1.7147 21.5053 0.0360 1.0000
Car 0.0000 0.0000 0.0000 690.0000 182.0000 792.0000 257.0000 1.5286 1.6046 3.4349 2.9084 1.7254 16.6365 1.5405 0.9998
Car 0.0000 0.0000 0.0000 637.0000 178.0000 663.0000 201.0000 1.5200 1.6278 3.7587 2.8367 1.8039 50.2866 1.5708 0.9997
Car 0.0000 0.0000 0.0000 -535.0000 126.0000 182.0000 354.0000 1.7665 1.7959 4.9817 -6.9715 1.4298 6.6568 0.0770 0.9997
Car 0.0000 0.0000 0.0000 78.0000 191.0000 374.0000 292.0000 1.4880 1.6422 4.0044 -6.1870 1.8054 11.8308 0.0499 0.9995
Car 0.0000 0.0000 0.0000 -149.0000 188.0000 246.0000 324.0000 1.5144 1.6323 3.9750 -7.0468 1.7274 9.1925 0.1094 0.9989
Car 0.0000 0.0000 0.0000 196.0000 179.0000 438.0000 263.0000 1.5026 1.6589 4.0735 -5.6304 1.6294 14.0933 0.0596 0.9986
Car 0.0000 0.0000 0.0000 512.0000 179.0000 541.0000 204.0000 1.4961 1.6135 3.9334 -5.2104 1.8350 46.0142 1.5083 0.9980
Car 0.0000 0.0000 0.0000 280.0000 162.0000 452.0000 222.0000 1.5067 1.6349 4.0481 -6.4634 1.2341 19.2845 0.1011 0.9979
Car 0.0000 0.0000 0.0000 934.0000 155.0000 3739.0000 1451.0000 1.5026 1.5956 3.7092 2.8011 1.5028 2.6982 1.5708 0.9977
Car 0.0000 0.0000 0.0000 419.0000 168.0000 518.0000 203.0000 1.5427 1.6686 4.2126 -6.4657 1.3026 33.3139 0.0498 0.9969
Car 0.0000 0.0000 0.0000 244.0000 179.0000 442.0000 249.0000 1.5091 1.6366 3.9490 -6.0795 1.6352 16.6318 0.0649 0.9962
Car 0.0000 0.0000 0.0000 313.0000 180.0000 461.0000 234.0000 1.5050 1.6165 3.9135 -6.5906 1.7087 21.5258 0.0357 0.9958
Car 0.0000 0.0000 0.0000 353.0000 180.0000 491.0000 231.0000 1.5590 1.6470 4.0703 -6.1086 1.7930 23.6563 0.0818 0.9937
Car 0.0000 0.0000 0.0000 679.0000 176.0000 759.0000 211.0000 1.5794 1.6513 4.0057 5.4684 1.7197 35.5671 -0.6861 0.9883
