Car 0.0000 0.0000 0.0000 577.0000 179.0000 622.0000 223.0000 1.5366 1.6219 3.5510 -0.4224 1.7345 27.4686 1.5326 0.9998
Car 0.0000 0.0000 0.0000 347.0000 178.0000 449.0000 253.0000 1.5266 1.6571 3.9466 -4.8346 1.6278 16.8863 1.4493 0.9998
Car 0.0000 0.0000 0.0000 150.0000 188.0000 312.0000 266.0000 1.5118 1.6223 3.7770 -8.3790 1.8522 16.2887 1.5708 0.9998
Car 0.0000 0.0000 0.0000 261.0000 183.0000 336.0000 222.0000 1.5127 1.6264 3.7916 -12.9406 1.8991 30.2272 1.5382 0.9997
Car 0.0000 0.0000 0.0000 456.0000 180.0000 504.0000 221.0000 1.5751 1.6500 3.8935 -5.3592 1.8258 29.5944 1.3268 0.9990
Car 0.0000 0.0000 0.0000 -4069.0000 -7.0000 171.0000 1668.0000 1.7608 1.7360 4.5584 -4.1533 1.5902 3.0414 1.5670 0.9988
Car 0.0000 0.0000 0.0000 502.0000 166.0000 542.0000 206.0000 2.1057 1.8529 4.8155 -4.8207 1.6836 40.5350 1.5393 0.9980
Car 0.0000 0.0000 0.0000 445.0000 179.0000 485.0000 206.0000 1.5047 1.6001 3.7791 -8.3784 1.8158 42.1797 1.5604 0.9947
Car 0.0000 0.0000 0.0000 131.0000 183.0000 258.0000 238.0000 1.5090 1.6217 3.9809 -12.6206 1.8109 22.1550 1.5661 0.9946
Car 0.0000 0.0000 0.0000 -242.0000 138.0000 159.0000 319.0000 1.8924 1.7290 4.1520 -8.2376 1.5389 9.7015 1.5439 0.9940
