Car 0.0000 0.0000 0.0000 441.0000 178.0000 489.0000 210.0000 1.5069 1.6209 3.8091 -7.0848 1.7196 35.8067 1.5708 0.9995
Car 0.0000 0.0000 0.0000 -797.0000 183.0000 311.0000 745.0000 1.5124 1.6109 3.8197 -3.2062 1.5807 3.9212 1.5296 0.9990
Car 0.0000 0.0000 0.0000 1162.0000 174.0000 1283.0000 208.0000 1.3873 1.6105 3.8243 26.5282 1.4268 31.2100 0.0081 0.9924
Car 0.0000 0.0000 0.0000 505.0000 176.0000 528.0000 194.0000 1.5089 1.6152 3.9610 -8.0023 1.6589 62.6999 1.5370 0.9908
Car 0.0000 0.0000 0.0000 595.0000 177.0000 616.0000 196.0000 1.5013 1.6300 4.1105 -0.2201 1.7342 58.0172 1.5708 0.9905
Car 0.0000 0.0000 0.0000 486.0000 179.0000 519.0000 202.0000 1.4971 1.6205 4.0341 -7.2457 1.8528 49.3447 1.5708 0.9896
Car 0.0000 0.0000 0.0000 587.0000 182.0000 621.0000 213.0000 1.5034 1.6044 3.8975 -0.1953 1.9380 37.4317 1.5708 0.9889
Car 0.0000 0.0000 0.0000 656.0000 182.0000 691.0000 214.0000 1.5051 1.6220 4.0124 3.3956 1.9511 37.2664 -1.4370 0.9885
Car 0.0000 0.0000 0.0000 515.0000 179.0000 543.0000 198.0000 1.5068 1.6304 4.0413 -6.4155 1.9112 58.2701 1.5708 0.9866
Car 0.0000 0.0000 0.0000 78.0000 189.0000 133.0000 213.0000 1.5018 1.6072 3.8933 -33.7795 2.5268 48.4505 1.3794 0.9859
Car 0.0000 0.0000 0.0000 -181.0000 198.0000 30.0000 270.0000 1.5169 1.5989 3.7869 -17.2680 2.1898 18.2917 -0.7856 0.9855
Car 0.0000 0.0000 0.0000 727.0000 172.0000 750.0000 192.0000 1.4964 1.5993 3.8981 10.3352 1.3883 57.4808 -1.4389 0.9810
Car 0.0000 0.0000 0.0000 295.0000 185.0000 338.0000 207.0000 1.5028 1.6202 4.0869 -21.8561 2.3815 54.0124 1.5481 0.9790
Car 0.0000 0.0000 0.0000 99.0000 174.0000 135.0000 193.0000 1.5235 1.6004 3.7630 -39.6636 1.5117 58.1872 1.1969 0.9731
Car 0.0000 0.0000 0.0000 -54.0000 185.0000 71.0000 233.0000 1.5091 1.5928 3.7086 -20.9173 1.9252 25.2190 1.4579 0.9729
Car 0.0000 0.0000 0.0000 630.0000 176.0000 653.0000 196.0000 1.5078 1.6347 4.1153 2.5718 1.6601 57.4140 1.5695 0.9652
Car 0.0000 0.0000 0.0000 522.0000 177.0000 543.0000 193.0000 1.5399 1.6416 3.9567 -7.5459 1.8713 71.6248 1.5708 0.9649
