Car 0.0000 0.0000 0.0000 584.0000 175.0000 641.0000 229.0000 1.5363 1.6239 3.4680 0.0720 1.5941 22.5440 1.5602 0.9999
Car 0.0000 0.0000 0.0000 -34.0000 187.0000 341.0000 375.0000 1.5067 1.6352 3.9595 -4.5811 1.6824 7.9709 1.5708 0.9997
Car 0.0000 0.0000 0.0000 247.0000 176.0000 363.0000 236.0000 1.4981 1.6401 4.1226 -8.4856 1.5829 20.4282 1.5447 0.9994
Car 0.0000 0.0000 0.0000 368.0000 138.0000 491.0000 249.0000 2.3786 1.9584 5.3982 -4.3586 1.6249 18.3176 1.5335 0.9993
Car 0.0000 0.0000 0.0000 488.0000 166.0000 536.0000 206.0000 1.5098 1.6014 3.6473 -3.9504 1.2310 29.7396 1.5444 0.9990
Car 0.0000 0.0000 0.0000 -574.0000 197.0000 43.0000 412.0000 1.4984 1.6077 3.9960 -8.1833 1.7866 7.4041 1.5220 0.9901
Car 0.0000 0.0000 0.0000 248.0000 181.0000 315.0000 221.0000 1.5007 1.5905 3.8070 -13.2740 1.7840 29.3757 1.3945 0.9881
Car 0.0000 0.0000 0.0000 329.0000 177.0000 396.0000 219.0000 1.4946 1.5774 3.6981 -9.2402 1.6062 27.2388 1.4766 0.9792
Car 0.0000 0.0000 0.0000 580.0000 165.0000 606.0000 189.0000 1.5114 1.5905 3.7056 -1.0340 0.9598 47.6732 1.5539 0.9761
Car 0.0000 0.0000 0.0000 506.0000 175.0000 542.0000 202.0000 1.4988 1.6006 3.8793 -4.9388 1.5799 42.3671 1.5708 0.9754
Car 0.0000 0.0000 0.0000 518.0000 180.0000 563.0000 212.0000 1.4944 1.6057 3.8575 -3.3528 1.8198 36.0199 1.5708 0.9727
