Car 0.0000 0.0000 0.0000 179.0000 185.0000 247.0000 223.0000 1.5123 1.6330 3.9041 -17.4388 2.0299 31.8355 1.3382 0.9996
Car 0.0000 0.0000 0.0000 355.0000 191.0000 389.0000 211.0000 1.5037 1.6283 3.9714 -19.3799 2.9104 59.0791 1.5216 0.9980
Car 0.0000 0.0000 0.0000 -109.0000 191.0000 101.0000 272.0000 1.5019 1.6022 3.8546 -13.4557 1.9277 16.0875 1.5074 0.9968
Car 0.0000 0.0000 0.0000 264.0000 198.0000 311.0000 226.0000 1.4984 1.6095 3.8266 -19.3035 3.0196 43.4140 1.4323 0.9968
Car 0.0000 0.0000 0.0000 304.0000 191.0000 346.0000 215.0000 1.5014 1.6161 3.8944 -19.4623 2.7182 49.5864 1.4925 0.9954
Car 0.0000 0.0000 0.0000 493.0000 192.0000 538.0000 223.0000 1.4970 1.6106 3.8643 -5.0264 2.5166 39.0877 1.5708 0.9893
Car 0.0000 0.0000 0.0000 826.0000 179.0000 848.0000 196.0000 1.4856 1.6059 3.8801 20.7475 1.9174 65.2719 -1.1848 0.9866
Car 0.0000 0.0000 0.0000 769.0000 181.0000 796.0000 201.0000 1.4991 1.6306 4.0768 13.4248 2.0317 55.6826 -1.4313 0.9821
Car 0.0000 0.0000 0.0000 510.0000 184.0000 545.0000 211.0000 1.5010 1.6166 3.9057 -4.9367 2.1394 43.8862 1.5708 0.9768
Car 0.0000 0.0000 0.0000 979.0000 176.0000 1033.0000 202.0000 1.4873 1.6168 3.9788 24.1493 1.6215 43.8455 -1.4074 0.9757
Car 0.0000 0.0000 0.0000 814.0000 181.0000 846.0000 205.0000 1.4985 1.6200 4.0251 14.6326 2.0001 47.7318 -1.3650 0.9722
Car 0.0000 0.0000 0.0000 739.0000 180.0000 757.0000 196.0000 1.4837 1.6023 3.9457 13.7740 2.0938 71.1399 -1.4110 0.9703
Car 0.0000 0.0000 0.0000 344.0000 190.0000 404.0000 223.0000 1.4969 1.6090 3.9560 -11.8365 2.3383 36.5395 1.5708 0.9692
Car 0.0000 0.0000 0.0000 911.0000 176.0000 988.0000 201.0000 1.4731 1.6147 3.9726 21.1521 1.6334 44.7672 0.8441 0.9645
