Car 0.0000 0.0000 0.0000 699.0000 181.0000 808.0000 262.0000 1.5349 1.6047 3.3513 2.9714 1.7046 15.6096 1.5493 0.9999
Car 0.0000 0.0000 0.0000 330.0000 176.0000 468.0000 276.0000 1.5338 1.6103 3.3776 -3.6450 1.5894 12.9406 1.5313 0.9998
Car 0.0000 0.0000 0.0000 69.0000 184.0000 267.0000 281.0000 1.5168 1.6312 3.7747 -8.0297 1.7145 13.4767 1.4852 0.9997
Car 0.0000 0.0000 0.0000 307.0000 179.0000 401.0000 231.0000 1.5266 1.6400 3.8967 -8.2445 1.7022 23.5490 1.5708 0.9995
Car 0.0000 0.0000 0.0000 434.0000 180.0000 511.0000 239.0000 1.5291 1.6254 3.7895 -3.8308 1.6967 20.6714 1.5325 0.9992
Car 0.0000 0.0000 0.0000 587.0000 174.0000 613.0000 200.0000 1.6578 1.6870 4.1094 -0.6106 1.6946 49.4751 1.5398 0.9991
Car 0.0000 0.0000 0.0000 519.0000 177.0000 549.0000 203.0000 1.5046 1.6109 3.7584 -4.5578 1.7028 44.1984 1.5224 0.9989
Car 0.0000 0.0000 0.0000 648.0000 176.0000 682.0000 208.0000 1.5013 1.5960 3.6839 2.8030 1.6350 36.2806 1.5708 0.9984
Car 0.0000 0.0000 0.0000 -6357.0000 211.0000 155.0000 3139.0000 1.5051 1.5986 3.7758 -3.4246 1.7194 2.3548 1.4957 0.9979
Car 0.0000 0.0000 0.0000 487.0000 170.0000 536.0000 206.0000 1.5021 1.5808 3.5781 -4.2830 1.3617 31.9886 1.5708 0.9977
Car 0.0000 0.0000 0.0000 422.0000 173.0000 465.0000 201.0000 1.5050 1.6020 3.8253 -9.3670 1.4718 41.0850 1.5661 0.9894
Car 0.0000 0.0000 0.0000 382.0000 178.0000 443.0000 214.0000 1.4980 1.5879 3.7047 -8.5654 1.6682 31.6257 1.5708 0.9849
Car 0.0000 0.0000 0.0000 576.0000 174.0000 602.0000 194.0000 1.5077 1.5882 3.7107 -1.4902 1.5532 56.3515 1.5708 0.9624
