Car 0.0000 0.0000 0.0000 572.0000 175.0000 631.0000 232.0000 1.5409 1.6098 3.3554 -0.2629 1.6011 21.5916 1.5540 0.9998
Car 0.0000 0.0000 0.0000 -413.0000 193.0000 101.0000 389.0000 1.5188 1.6306 3.8842 -7.6967 1.7668 7.8565 1.5165 0.9995
Car 0.0000 0.0000 0.0000 374.0000 94.0000 515.0000 200.0000 1.9395 1.8480 4.7482 -3.3954 0.4824 15.7255 1.5708 0.9968
Car 0.0000 0.0000 0.0000 -5470.0000 198.0000 92.0000 2265.0000 1.4862 1.6096 3.9344 -4.0539 1.6315 2.5532 1.5314 0.9967
Car 0.0000 0.0000 0.0000 518.0000 159.0000 541.0000 180.0000 1.7681 1.7283 4.2870 -7.1545 0.5020 65.6258 1.5476 0.9961
Car 0.0000 0.0000 0.0000 254.0000 171.0000 339.0000 212.0000 1.5018 1.6122 3.9456 -12.4455 1.4170 28.8933 1.5708 0.9950
Car 0.0000 0.0000 0.0000 554.0000 175.0000 578.0000 195.0000 1.5003 1.5951 3.8043 -3.3212 1.5923 56.4620 1.5708 0.9910
Car 0.0000 0.0000 0.0000 521.0000 178.0000 555.0000 205.0000 1.4993 1.5887 3.7228 -4.1840 1.7591 42.9582 1.5708 0.9898
Car 0.0000 0.0000 0.0000 271.0000 173.0000 375.0000 232.0000 1.5008 1.5922 3.7642 -8.0113 1.4891 20.4375 1.5197 0.9676
Car 0.0000 0.0000 0.0000 426.0000 158.0000 540.0000 224.0000 1.7810 1.7508 4.4546 -3.6930 1.3793 21.8516 -1.3292 0.9654
Car 0.0000 0.0000 0.0000 546.0000 178.0000 572.0000 202.0000 1.5019 1.6018 3.9763 -3.3312 1.7975 48.3621 1.5297 0.9619
