Car 0.0000 0.0000 0.0000 -77.0000 191.0000 342.0000 330.0000 1.4752 1.6502 4.0678 -5.6642 1.7236 8.8264 0.0165 0.9999
Car 0.0000 0.0000 0.0000 705.0000 174.0000 900.0000 292.0000 1.5473 1.6632 3.9577 2.8154 1.5694 11.5384 1.4594 0.9999
Car 0.0000 0.0000 0.0000 673.0000 174.0000 726.0000 218.0000 1.5139 1.6350 3.8905 3.3086 1.5208 26.9419 1.5708 0.9996
Car 0.0000 0.0000 0.0000 -373.0000 184.0000 182.0000 394.0000 1.5452 1.6530 4.0843 -6.3526 1.6646 6.5823 0.2112 0.9995
Car 0.0000 0.0000 0.0000 122.0000 160.0000 377.0000 245.0000 1.5209 1.6629 4.1681 -6.9124 1.2982 14.0156 0.0700 0.9994
Car 0.0000 0.0000 0.0000 65.0000 189.0000 349.0000 293.0000 1.4273 1.5930 3.7666 -6.2362 1.6837 11.2138 0.2241 0.9993
Car 0.0000 0.0000 0.0000 365.0000 180.0000 497.0000 228.0000 1.4727 1.6092 3.8373 -5.7292 1.6780 23.3298 0.1037 0.9990
Car 0.0000 0.0000 0.0000 409.0000 178.0000 511.0000 215.0000 1.5266 1.6183 3.8812 -6.2863 1.7019 30.4614 0.1971 0.9980
Car 0.0000 0.0000 0.0000 669.0000 173.0000 712.0000 210.0000 1.5115 1.6187 3.9561 3.5392 1.4874 31.8934 1.5708 0.9977
Car 0.0000 0.0000 0.0000 505.0000 173.0000 540.0000 203.0000 1.5173 1.5950 3.7705 -4.7235 1.4931 39.1206 1.3813 0.9956
Car 0.0000 0.0000 0.0000 313.0000 178.0000 483.0000 235.0000 1.5132 1.6760 4.2214 -5.8395 1.6366 20.0645 0.0966 0.9922
Car 0.0000 0.0000 0.0000 718.0000 161.0000 768.0000 197.0000 1.7563 1.6986 4.1762 7.1359 1.1450 37.9748 -1.1639 0.9730
Car 0.0000 0.0000 0.0000 438.0000 172.0000 521.0000 203.0000 1.4539 1.5894 3.7662 -6.4052 1.3906 35.8633 0.1016 0.9610
