Car 0.0000 0.0000 0.0000 775.0000 179.0000 960.0000 290.0000 1.5238 1.6108 3.5496 3.9838 1.6121 11.8080 1.5223 0.9999
Car 0.0000 0.0000 0.0000 423.0000 186.0000 511.0000 244.0000 1.5285 1.6722 4.2105 -4.2128 1.9183 21.8537 1.5708 0.9998
Car 0.0000 0.0000 0.0000 552.0000 180.0000 580.0000 204.0000 1.5171 1.6302 3.8001 -2.8613 1.9508 49.0541 1.5708 0.9998
Car 0.0000 0.0000 0.0000 735.0000 176.0000 845.0000 250.0000 1.5242 1.6181 3.7581 4.0595 1.5839 16.8201 1.5708 0.9995
Car 0.0000 0.0000 0.0000 903.0000 185.0000 1480.0000 470.0000 1.5129 1.6135 3.8517 3.9201 1.6295 5.8528 1.5708 0.9993
Car 0.0000 0.0000 0.0000 712.0000 179.0000 782.0000 232.0000 1.5241 1.6123 3.6960 4.2084 1.6831 22.5284 1.5708 0.9989
Car 0.0000 0.0000 0.0000 882.0000 172.0000 910.0000 195.0000 1.4930 1.5852 3.6284 19.3738 1.3831 48.5884 -1.2289 0.9973
Car 0.0000 0.0000 0.0000 693.0000 175.0000 751.0000 218.0000 1.5102 1.6187 3.9440 4.2193 1.5669 27.3931 1.5708 0.9951
Car 0.0000 0.0000 0.0000 343.0000 170.0000 446.0000 206.0000 1.5342 1.6428 4.0671 -9.4318 1.3837 31.7910 0.0713 0.9949
Car 0.0000 0.0000 0.0000 496.0000 180.0000 550.0000 216.0000 1.5036 1.6107 4.0187 -3.8290 1.7919 32.5246 -1.4730 0.9948
Car 0.0000 0.0000 0.0000 474.0000 180.0000 536.0000 222.0000 1.4847 1.5951 3.9251 -3.9080 1.7259 27.5255 1.5708 0.9945
