Car 0.0000 0.0000 0.0000 720.0000 181.0000 959.0000 337.0000 1.5437 1.6549 3.9212 2.5835 1.6403 9.1742 1.5395 0.9998
Car 0.0000 0.0000 0.0000 404.0000 178.0000 520.0000 220.0000 1.5388 1.6522 4.0727 -5.6577 1.7172 27.8729 0.1000 0.9996
Car 0.0000 0.0000 0.0000 -225.0000 175.0000 197.0000 323.0000 1.5190 1.6212 3.8373 -7.2069 1.5601 8.4515 0.1342 0.9995
Car 0.0000 0.0000 0.0000 733.0000 177.0000 855.0000 220.0000 1.4920 1.6450 4.0838 6.7019 1.6374 26.4933 0.0519 0.9990
Car 0.0000 0.0000 0.0000 529.0000 174.0000 557.0000 198.0000 1.5270 1.6615 4.1842 -4.3692 1.5631 48.5507 1.5344 0.9990
Car 0.0000 0.0000 0.0000 358.0000 168.0000 500.0000 219.0000 1.5702 1.6632 4.1264 -5.7899 1.4062 23.3501 0.0913 0.9989
Car 0.0000 0.0000 0.0000 311.0000 171.0000 472.0000 229.0000 1.5785 1.6619 4.1308 -6.2706 1.5210 20.8567 0.1207 0.9985
Car 0.0000 0.0000 0.0000 636.0000 173.0000 659.0000 195.0000 1.5011 1.6130 3.8803 2.8510 1.4709 52.6943 1.5708 0.9983
Car 0.0000 0.0000 0.0000 70.0000 184.0000 397.0000 295.0000 1.4870 1.6530 4.0020 -5.4529 1.6610 10.7038 0.0313 0.9977
Car 0.0000 0.0000 0.0000 680.0000 176.0000 763.0000 207.0000 1.5372 1.6733 4.2112 5.9211 1.6919 38.2656 0.0465 0.9953
Car 0.0000 0.0000 0.0000 -438.0000 186.0000 104.0000 433.0000 1.4994 1.5888 3.7973 -6.2647 1.6190 5.7989 0.3363 0.9947
Car 0.0000 0.0000 0.0000 832.0000 173.0000 1078.0000 257.0000 1.5198 1.6503 4.0706 6.5887 1.5382 14.1890 0.1801 0.9900
Car 0.0000 0.0000 0.0000 158.0000 153.0000 436.0000 248.0000 1.5826 1.7013 4.3535 -5.5949 1.2623 13.1479 0.0571 0.9867
Car 0.0000 0.0000 0.0000 834.0000 175.0000 913.0000 241.0000 1.5118 1.6293 3.8957 6.6565 1.5498 18.5112 -1.2873 0.9853
Car 0.0000 0.0000 0.0000 715.0000 175.0000 832.0000 216.0000 1.5502 1.6833 4.2741 6.4459 1.6205 28.5999 0.0720 0.9615
Car 0.0000 0.0000 0.0000 475.0000 168.0000 512.0000 204.0000 1.6054 1.6349 3.9804 -5.4453 1.3540 34.0001 1.4178 0.9613
