Car 0.0000 0.0000 0.0000 810.0000 179.0000 1057.0000 257.0000 1.4734 1.6853 4.2691 6.4138 1.5977 14.6983 0.0912 0.9999
Car 0.0000 0.0000 0.0000 735.0000 186.0000 940.0000 327.0000 1.5243 1.6074 3.5233 2.8305 1.7083 9.8023 1.5581 0.9999
Car 0.0000 0.0000 0.0000 636.0000 178.0000 669.0000 204.0000 1.5107 1.6466 3.9946 2.5782 1.7541 43.4009 1.5431 0.9997
Car 0.0000 0.0000 0.0000 448.0000 177.0000 531.0000 207.0000 1.5004 1.6458 4.0550 -6.2217 1.6951 37.8079 0.0386 0.9997
Car 0.0000 0.0000 0.0000 -216.0000 205.0000 301.0000 394.0000 1.5350 1.6575 4.1171 -5.5020 1.8837 7.1675 0.1362 0.9997
Car 0.0000 0.0000 0.0000 243.0000 182.0000 446.0000 254.0000 1.6017 1.6793 4.2391 -6.2355 1.8136 17.1369 0.0866 0.9995
Car 0.0000 0.0000 0.0000 -55.0000 177.0000 330.0000 303.0000 1.5182 1.6556 4.1384 -6.1440 1.5812 9.5886 0.0649 0.9995
Car 0.0000 0.0000 0.0000 157.0000 181.0000 383.0000 260.0000 1.4844 1.6171 3.8285 -6.8009 1.6496 14.6159 0.0224 0.9993
Car 0.0000 0.0000 0.0000 348.0000 169.0000 490.0000 215.0000 1.6159 1.7503 4.7448 -6.9431 1.4521 26.5534 0.0502 0.9989
Car 0.0000 0.0000 0.0000 716.0000 183.0000 849.0000 230.0000 1.5449 1.6790 4.2880 5.9340 1.8732 25.1056 0.0948 0.9986
Car 0.0000 0.0000 0.0000 105.0000 183.0000 396.0000 284.0000 1.5085 1.6471 4.0262 -5.8271 1.6853 11.8531 0.1120 0.9975
Car 0.0000 0.0000 0.0000 699.0000 175.0000 804.0000 213.0000 1.5261 1.6551 4.1185 5.9217 1.5876 30.2475 0.0279 0.9972
Car 0.0000 0.0000 0.0000 694.0000 181.0000 801.0000 220.0000 1.4924 1.6281 4.0405 5.4211 1.7863 28.4231 0.1803 0.9965
Car 0.0000 0.0000 0.0000 350.0000 188.0000 475.0000 236.0000 1.5077 1.6040 3.8017 -6.5980 1.9887 24.0959 0.3589 0.9964
Car 0.0000 0.0000 0.0000 524.0000 177.0000 550.0000 199.0000 1.4966 1.5942 3.8289 -5.1653 1.7350 52.4653 1.5515 0.9932
Car 0.0000 0.0000 0.0000 757.0000 175.0000 832.0000 232.0000 1.5110 1.6012 3.7826 5.3111 1.5563 21.0704 -1.4611 0.9925
Car 0.0000 0.0000 0.0000 299.0000 186.0000 461.0000 245.0000 1.4806 1.6012 3.8247 -6.1112 1.8195 19.3742 0.0409 0.9907
Car 0.0000 0.0000 0.0000 -657.0000 206.0000 147.0000 495.0000 1.5413 1.6240 3.9244 -5.6750 1.8096 4.9734 0.0900 0.9712
Car 0.0000 0.0000 0.0000 627.0000 177.0000 651.0000 196.0000 1.5021 1.5946 3.8350 2.5241 1.7365 58.8106 -1.4455 0.9681
