Car 0.0000 0.0000 0.0000 287.0000 192.0000 415.0000 269.0000 1.5462 1.6683 4.0192 -6.0414 2.0247 17.2899 1.5626 0.9999
Car 0.0000 0.0000 0.0000 701.0000 180.0000 826.0000 264.0000 1.5329 1.6394 3.7991 3.0748 1.6671 15.2339 1.5196 0.9997
Car 0.0000 0.0000 0.0000 114.0000 199.0000 326.0000 315.0000 1.5191 1.5951 3.4722 -6.1670 1.9763 11.8083 1.5689 0.9997
Car 0.0000 0.0000 0.0000 399.0000 184.0000 466.0000 231.0000 1.5135 1.6487 4.0346 -6.1860 1.8735 25.5498 1.4931 0.9997
Car 0.0000 0.0000 0.0000 523.0000 180.0000 547.0000 199.0000 1.5002 1.6334 4.0615 -5.8771 1.9669 57.8677 1.5330 0.9990
Car 0.0000 0.0000 0.0000 483.0000 184.0000 524.0000 212.0000 1.5011 1.6213 3.9489 -6.1558 2.1198 41.7945 1.2399 0.9976
Car 0.0000 0.0000 0.0000 860.0000 166.0000 920.0000 185.0000 1.5693 1.6841 4.2725 23.2362 0.9175 59.5873 0.0397 0.9973
Car 0.0000 0.0000 0.0000 638.0000 178.0000 657.0000 196.0000 1.4965 1.5971 3.7750 3.4516 1.8770 64.2854 1.5708 0.9971
Car 0.0000 0.0000 0.0000 453.0000 182.0000 503.0000 218.0000 1.4906 1.6047 3.9679 -5.7927 1.8493 32.2221 1.5513 0.9959
Car 0.0000 0.0000 0.0000 556.0000 179.0000 583.0000 198.0000 1.4906 1.6011 3.8625 -3.1520 1.8623 58.4691 -1.4538 0.9956
Car 0.0000 0.0000 0.0000 483.0000 192.0000 525.0000 224.0000 1.4913 1.6324 4.1489 -5.4319 2.4795 37.6121 1.5502 0.9878
Car 0.0000 0.0000 0.0000 675.0000 175.0000 698.0000 194.0000 1.5097 1.6137 3.9823 6.4836 1.5889 59.4640 -1.3984 0.9806
