Car 0.0000 0.0000 0.0000 264.0000 182.0000 439.0000 295.0000 1.5301 1.6139 3.4593 -3.9989 1.6777 11.6688 1.5675 0.9998
Car 0.0000 0.0000 0.0000 206.0000 181.0000 325.0000 247.0000 1.5342 1.6256 3.6282 -8.9198 1.7288 18.9606 1.5008 0.9997
Car 0.0000 0.0000 0.0000 -991.0000 206.0000 329.0000 892.0000 1.5256 1.6549 4.0923 -3.1688 1.7776 3.8139 1.5708 0.9997
Car 0.0000 0.0000 0.0000 563.0000 179.0000 601.0000 215.0000 1.5240 1.6257 3.6928 -1.2491 1.7607 33.0063 1.5273 0.9997
Car 0.0000 0.0000 0.0000 -50.0000 181.0000 238.0000 293.0000 1.5254 1.6477 4.0884 -8.2459 1.6552 12.0081 -1.4765 0.9993
Car 0.0000 0.0000 0.0000 175.0000 179.0000 273.0000 227.0000 1.5054 1.6087 3.8076 -13.2078 1.6898 24.9233 1.4908 0.9987
Car 0.0000 0.0000 0.0000 438.0000 181.0000 476.0000 209.0000 1.5052 1.6037 3.7323 -8.7037 1.9172 41.4930 1.5060 0.9985
Car 0.0000 0.0000 0.0000 291.0000 181.0000 352.0000 216.0000 1.5085 1.6163 3.8254 -13.2135 1.8291 33.2664 1.4620 0.9985
Car 0.0000 0.0000 0.0000 461.0000 153.0000 527.0000 209.0000 1.9971 1.8242 4.7853 -4.3913 1.2708 28.1544 1.5708 0.9922
Car 0.0000 0.0000 0.0000 -105.0000 183.0000 88.0000 265.0000 1.4925 1.5903 3.7816 -12.9738 1.7072 15.3876 1.3377 0.9816
Car 0.0000 0.0000 0.0000 330.0000 161.0000 410.0000 211.0000 1.6706 1.6816 4.0416 -8.5373 1.2475 25.9588 1.5287 0.9657
