Car 0.0000 0.0000 0.0000 -17.0000 193.0000 348.0000 312.0000 1.4746 1.6806 4.2807 -6.1713 1.7813 10.1889 0.1113 0.9999
Car 0.0000 0.0000 0.0000 189.0000 186.0000 419.0000 264.0000 1.4705 1.6524 4.0863 -6.2368 1.7486 14.9388 0.0086 0.9998
Car 0.0000 0.0000 0.0000 664.0000 180.0000 727.0000 234.0000 1.5266 1.6081 3.4606 2.5911 1.7261 22.4340 1.5708 0.9998
Car 0.0000 0.0000 0.0000 710.0000 183.0000 869.0000 297.0000 1.5358 1.5993 3.4845 2.7002 1.6956 11.6450 1.5441 0.9998
Car 0.0000 0.0000 0.0000 306.0000 185.0000 467.0000 244.0000 1.5208 1.6313 3.9582 -6.1446 1.8528 20.0321 0.0719 0.9990
Car 0.0000 0.0000 0.0000 448.0000 173.0000 527.0000 202.0000 1.5692 1.6640 4.1813 -6.9259 1.5487 41.3792 0.0617 0.9975
Car 0.0000 0.0000 0.0000 335.0000 184.0000 480.0000 238.0000 1.5969 1.6529 4.0650 -6.3272 1.9503 22.7432 0.1235 0.9955
Car 0.0000 0.0000 0.0000 626.0000 179.0000 651.0000 201.0000 1.5111 1.6143 3.9218 2.1713 1.8897 51.5993 1.5708 0.9864
Car 0.0000 0.0000 0.0000 650.0000 182.0000 698.0000 223.0000 1.4941 1.5854 3.7187 2.4952 1.8095 28.4563 1.5708 0.9859
Car 0.0000 0.0000 0.0000 491.0000 177.0000 555.0000 201.0000 1.5757 1.6372 4.0211 -5.8038 1.8170 49.0064 0.1345 0.9815
