Car 0.0000 0.0000 0.0000 666.0000 178.0000 736.0000 232.0000 1.5261 1.6257 3.6303 2.7622 1.6706 22.4449 1.5439 0.9998
Car 0.0000 0.0000 0.0000 587.0000 179.0000 617.0000 207.0000 1.5141 1.6387 3.8791 -0.3984 1.7966 40.6668 1.5574 0.9998
Car 0.0000 0.0000 0.0000 399.0000 180.0000 485.0000 243.0000 1.5373 1.6244 3.6220 -4.4582 1.7035 19.5822 1.5338 0.9997
Car 0.0000 0.0000 0.0000 -104.0000 197.0000 367.0000 464.0000 1.5256 1.6514 4.0502 -3.6732 1.7877 6.4661 1.5385 0.9997
Car 0.0000 0.0000 0.0000 251.0000 178.0000 361.0000 238.0000 1.5210 1.6460 3.9918 -8.5216 1.6547 20.5522 1.5182 0.9996
Car 0.0000 0.0000 0.0000 482.0000 180.0000 527.0000 216.0000 1.5059 1.6255 3.8902 -4.6572 1.7703 32.4355 1.5300 0.9992
Car 0.0000 0.0000 0.0000 355.0000 171.0000 425.0000 212.0000 1.5053 1.6117 3.8228 -8.7463 1.4255 29.0223 1.5708 0.9988
Car 0.0000 0.0000 0.0000 518.0000 179.0000 550.0000 205.0000 1.4984 1.6185 3.9390 -4.4389 1.7926 43.2967 1.5400 0.9987
Car 0.0000 0.0000 0.0000 626.0000 176.0000 651.0000 198.0000 1.5044 1.6206 3.9544 2.1382 1.6503 51.4758 1.5708 0.9977
Car 0.0000 0.0000 0.0000 -258.0000 185.0000 136.0000 340.0000 1.5035 1.5852 3.7055 -7.9851 1.6702 9.0715 1.5477 0.9918
Car 0.0000 0.0000 0.0000 466.0000 179.0000 504.0000 203.0000 1.4998 1.5936 3.8073 -7.9272 1.8319 46.5321 1.5708 0.9823
