Car 0.0000 0.0000 0.0000 677.0000 175.0000 787.0000 252.0000 1.5430 1.6761 4.1711 2.6785 1.5970 16.7150 1.5330 0.9999
Car 0.0000 0.0000 0.0000 157.0000 184.0000 337.0000 245.0000 1.4907 1.6239 3.8937 -9.3487 1.7703 18.6992 0.0761 0.9997
Car 0.0000 0.0000 0.0000 427.0000 182.0000 500.0000 233.0000 1.5102 1.6445 4.0201 -4.6470 1.7686 23.4005 1.5461 0.9997
Car 0.0000 0.0000 0.0000 -660.0000 184.0000 246.0000 587.0000 1.6303 1.6849 4.1948 -4.5044 1.7237 5.0902 1.5618 0.9993
Car 0.0000 0.0000 0.0000 854.0000 186.0000 1677.0000 632.0000 1.5198 1.6309 3.8885 2.9120 1.6184 4.4731 1.5708 0.9992
Car 0.0000 0.0000 0.0000 764.0000 183.0000 992.0000 330.0000 1.5188 1.6055 3.6164 3.1977 1.6595 9.4142 1.5708 0.9992
Car 0.0000 0.0000 0.0000 666.0000 180.0000 731.0000 232.0000 1.5228 1.6056 3.6136 2.7570 1.7144 22.9748 1.5708 0.9988
Car 0.0000 0.0000 0.0000 465.0000 181.0000 529.0000 222.0000 1.5070 1.6104 3.8056 -4.4285 1.8002 28.8771 -1.4715 0.9981
Car 0.0000 0.0000 0.0000 533.0000 176.0000 554.0000 192.0000 1.5125 1.6335 3.9870 -6.3049 1.6837 69.6792 1.3854 0.9950
Car 0.0000 0.0000 0.0000 498.0000 175.0000 540.0000 208.0000 1.4911 1.6007 3.9346 -4.2634 1.5637 34.5206 1.5366 0.9947
Car 0.0000 0.0000 0.0000 649.0000 176.0000 698.0000 213.0000 1.5106 1.6117 3.8662 2.7608 1.6205 31.5245 1.5250 0.9903
Car 0.0000 0.0000 0.0000 618.0000 175.0000 638.0000 192.0000 1.5046 1.5936 3.7663 1.8269 1.6515 66.9969 -1.4584 0.9823
Car 0.0000 0.0000 0.0000 796.0000 216.0000 853.0000 263.0000 1.5008 1.6487 4.1365 8.5004 3.3012 28.7124 -1.4070 0.9663
