Car 0.0000 0.0000 0.0000 704.0000 185.0000 849.0000 284.0000 1.5293 1.6227 3.5667 2.8667 1.7479 13.1893 1.5157 0.9999
Car 0.0000 0.0000 0.0000 257.0000 177.0000 415.0000 249.0000 1.5399 1.6451 4.0179 -6.5354 1.6315 17.6728 -1.3327 0.9997
Car 0.0000 0.0000 0.0000 357.0000 151.0000 486.0000 196.0000 1.5832 1.6893 4.3480 -6.9769 0.7945 26.9434 0.0525 0.9996
Car 0.0000 0.0000 0.0000 0.0000 181.0000 343.0000 296.0000 1.4891 1.6343 3.9819 -6.1732 1.6089 10.3622 0.0375 0.9995
Car 0.0000 0.0000 0.0000 696.0000 181.0000 804.0000 219.0000 1.5195 1.6821 4.2822 5.9793 1.8399 30.8109 0.0031 0.9995
Car 0.0000 0.0000 0.0000 -166.0000 183.0000 254.0000 341.0000 1.5165 1.6197 3.8428 -6.2861 1.6385 8.0960 0.1981 0.9992
Car 0.0000 0.0000 0.0000 141.0000 185.0000 398.0000 276.0000 1.4901 1.6112 3.8216 -5.9645 1.7105 12.8126 0.0635 0.9989
Car 0.0000 0.0000 0.0000 736.0000 181.0000 874.0000 231.0000 1.4768 1.6135 3.9672 6.2336 1.7168 23.2022 0.7315 0.9989
Car 0.0000 0.0000 0.0000 632.0000 167.0000 663.0000 196.0000 1.5254 1.6315 3.9608 2.1170 1.1803 40.1557 1.5708 0.9984
Car 0.0000 0.0000 0.0000 475.0000 172.0000 517.0000 205.0000 1.6081 1.6461 3.9046 -5.8714 1.5324 37.7426 1.5635 0.9976
Car 0.0000 0.0000 0.0000 503.0000 179.0000 535.0000 206.0000 1.5028 1.6116 3.8909 -5.3749 1.8188 42.7875 1.3681 0.9975
Car 0.0000 0.0000 0.0000 -430.0000 199.0000 170.0000 470.0000 1.5373 1.6248 3.9790 -5.7123 1.7606 5.5791 0.3024 0.9975
Car 0.0000 0.0000 0.0000 777.0000 182.0000 944.0000 240.0000 1.5252 1.6616 4.1581 7.0286 1.7795 20.4552 0.0527 0.9967
