Car 0.0000 0.0000 0.0000 910.0000 157.0000 1220.0000 251.0000 1.5671 1.7243 4.4938 8.0708 1.3074 13.1019 0.0382 0.9999
Car 0.0000 0.0000 0.0000 186.0000 195.0000 367.0000 294.0000 1.5175 1.6575 4.0363 -6.1930 1.9829 13.8818 1.5586 0.9999
Car 0.0000 0.0000 0.0000 850.0000 152.0000 1089.0000 228.0000 1.5893 1.7240 4.5233 7.9870 1.1481 16.3335 0.0492 0.9998
Car 0.0000 0.0000 0.0000 675.0000 180.0000 752.0000 240.0000 1.5210 1.6045 3.5136 2.8314 1.7032 20.3396 1.5599 0.9998
Car 0.0000 0.0000 0.0000 391.0000 188.0000 466.0000 237.0000 1.5207 1.6462 4.0138 -6.1800 2.0337 25.0209 1.5545 0.9996
Car 0.0000 0.0000 0.0000 -820.0000 196.0000 254.0000 695.0000 1.5156 1.6073 3.7148 -3.8989 1.6949 4.1962 1.5708 0.9993
Car 0.0000 0.0000 0.0000 344.0000 192.0000 444.0000 252.0000 1.5203 1.6563 4.1656 -6.3220 2.1180 21.5641 1.5708 0.9991
Car 0.0000 0.0000 0.0000 782.0000 172.0000 935.0000 224.0000 1.5312 1.6671 4.1803 7.6704 1.4897 22.4557 0.0464 0.9990
Car 0.0000 0.0000 0.0000 426.0000 172.0000 467.0000 200.0000 1.6499 1.7078 4.3391 -10.2843 1.5588 45.8644 1.5562 0.9892
Car 0.0000 0.0000 0.0000 1173.0000 151.0000 1283.0000 194.0000 1.4657 1.5929 3.8894 22.3554 0.6877 26.0020 -0.4589 0.9843
Car 0.0000 0.0000 0.0000 1095.0000 151.0000 1227.0000 190.0000 1.4905 1.6153 4.0122 22.2673 0.6412 29.1536 0.8212 0.9798
Car 0.0000 0.0000 0.0000 460.0000 183.0000 508.0000 215.0000 1.5006 1.6166 3.8692 -6.2012 1.9447 35.9958 1.5708 0.9650
