Car 0.0000 0.0000 0.0000 27.0000 206.0000 378.0000 363.0000 1.4582 1.6554 4.1244 -5.0096 1.8879 8.7299 0.4535 0.9999
Car 0.0000 0.0000 0.0000 775.0000 171.0000 865.0000 251.0000 1.5056 1.6198 3.8069 4.4935 1.4635 15.4952 -1.2862 0.9994
Car 0.0000 0.0000 0.0000 1050.0000 142.0000 1272.0000 247.0000 1.5103 1.6191 3.9208 9.2366 1.0711 12.5003 -1.3249 0.9993
Car 0.0000 0.0000 0.0000 -26.0000 220.0000 128.0000 358.0000 1.5277 1.6167 3.6823 -8.5268 2.3233 10.9414 0.8906 0.9960
Car 0.0000 0.0000 0.0000 839.0000 173.0000 896.0000 214.0000 1.4838 1.5865 3.8087 10.0783 1.4831 28.3438 -1.3647 0.9959
Car 0.0000 0.0000 0.0000 997.0000 163.0000 1124.0000 230.0000 1.4925 1.6014 3.9048 11.1296 1.2632 18.0715 -1.3068 0.9933
Car 0.0000 0.0000 0.0000 949.0000 158.0000 1008.0000 190.0000 1.5731 1.6462 4.0722 19.3759 0.8149 37.9109 -1.3864 0.9926
Car 0.0000 0.0000 0.0000 953.0000 161.0000 1037.0000 205.0000 1.5905 1.6604 4.0584 15.0279 1.1249 28.2552 -1.4049 0.9878
Car 0.0000 0.0000 0.0000 970.0000 171.0000 1067.0000 222.0000 1.4918 1.6031 3.8964 12.9128 1.4243 22.9569 -1.3490 0.9845
Car 0.0000 0.0000 0.0000 792.0000 168.0000 865.0000 228.0000 1.5095 1.6070 3.9740 6.0136 1.3822 20.1160 -1.3559 0.9798
