Car 0.0000 0.0000 0.0000 271.0000 190.0000 409.0000 271.0000 1.5372 1.6781 4.2510 -5.9952 1.9451 16.5263 1.5437 0.9999
Car 0.0000 0.0000 0.0000 395.0000 187.0000 466.0000 238.0000 1.5224 1.6142 3.6175 -5.8281 1.9637 23.7607 1.5135 0.9997
Car 0.0000 0.0000 0.0000 -803.0000 215.0000 115.0000 592.0000 1.5240 1.6519 4.0101 -5.8530 1.9369 5.3623 1.5154 0.9996
Car 0.0000 0.0000 0.0000 518.0000 181.0000 542.0000 202.0000 1.5137 1.6333 3.8751 -5.8963 2.0344 54.1790 1.5132 0.9996
Car 0.0000 0.0000 0.0000 55.0000 199.0000 307.0000 338.0000 1.5295 1.6227 3.6912 -5.9124 1.9510 10.4338 1.5151 0.9995
Car 0.0000 0.0000 0.0000 694.0000 176.0000 788.0000 243.0000 1.5077 1.6046 3.6861 3.1853 1.5683 18.1927 1.5474 0.9995
Car 0.0000 0.0000 0.0000 671.0000 177.0000 741.0000 228.0000 1.5171 1.6465 4.0807 3.1021 1.6429 23.8929 1.5408 0.9993
Car 0.0000 0.0000 0.0000 975.0000 134.0000 1294.0000 232.0000 1.5666 1.6751 4.2581 9.0099 0.9555 12.6984 0.1100 0.9991
Car 0.0000 0.0000 0.0000 888.0000 168.0000 1061.0000 233.0000 1.4293 1.5816 3.6541 8.8609 1.3154 17.5478 -0.2918 0.9980
Car 0.0000 0.0000 0.0000 961.0000 153.0000 1216.0000 232.0000 1.5079 1.6348 4.0575 9.6680 1.1361 14.8309 0.1200 0.9977
Car 0.0000 0.0000 0.0000 819.0000 165.0000 969.0000 220.0000 1.4468 1.5805 3.7364 7.9753 1.2153 20.2737 -0.2898 0.9975
Car 0.0000 0.0000 0.0000 442.0000 194.0000 508.0000 234.0000 1.4913 1.5954 3.7692 -5.5039 2.3602 29.9611 -1.4468 0.9964
Car 0.0000 0.0000 0.0000 660.0000 181.0000 697.0000 216.0000 1.4948 1.5873 3.7377 3.2004 1.8377 33.5564 1.5708 0.9925
Car 0.0000 0.0000 0.0000 481.0000 183.0000 523.0000 213.0000 1.4982 1.5963 3.8579 -5.7088 1.9963 38.7942 1.5708 0.9891
