Car 0.0000 0.0000 0.0000 292.0000 175.0000 462.0000 289.0000 1.5463 1.6162 3.4160 -3.5622 1.5788 11.5736 1.5708 0.9999
Car 0.0000 0.0000 0.0000 586.0000 179.0000 623.0000 214.0000 1.5233 1.6092 3.5095 -0.2445 1.7429 32.9081 1.5441 0.9997
Car 0.0000 0.0000 0.0000 438.0000 175.0000 486.0000 205.0000 1.5084 1.6244 3.8198 -7.6674 1.5624 37.7941 1.5708 0.9996
Car 0.0000 0.0000 0.0000 468.0000 152.0000 533.0000 205.0000 1.5885 1.6519 3.8684 -3.5437 0.9453 23.9676 1.5510 0.9996
Car 0.0000 0.0000 0.0000 -20.0000 179.0000 237.0000 292.0000 1.5079 1.6389 4.0279 -7.8281 1.5976 11.7229 1.4939 0.9995
Car 0.0000 0.0000 0.0000 241.0000 180.0000 355.0000 247.0000 1.5161 1.5922 3.4692 -7.8376 1.6861 18.3861 1.5052 0.9994
Car 0.0000 0.0000 0.0000 88.0000 188.0000 248.0000 253.0000 1.5012 1.6077 3.8509 -11.4924 1.8908 19.0304 -1.4782 0.9973
Car 0.0000 0.0000 0.0000 491.0000 174.0000 515.0000 194.0000 1.5116 1.6230 3.9605 -8.3347 1.5232 57.0207 1.4980 0.9963
Car 0.0000 0.0000 0.0000 535.0000 168.0000 565.0000 194.0000 1.8620 1.7651 4.6249 -4.5105 1.4712 55.9790 1.5708 0.9911
Car 0.0000 0.0000 0.0000 475.0000 176.0000 500.0000 200.0000 1.4932 1.5778 3.7072 -7.9721 1.6271 47.5904 1.4244 0.9800
Car 0.0000 0.0000 0.0000 228.0000 175.0000 296.0000 219.0000 1.4965 1.5795 3.7329 -12.8206 1.5564 26.7522 1.3081 0.9739
Car 0.0000 0.0000 0.0000 355.0000 179.0000 402.0000 209.0000 1.4958 1.5814 3.7261 -12.0035 1.7459 37.6520 1.4783 0.9607
