Car 0.0000 0.0000 0.0000 715.0000 179.0000 809.0000 251.0000 1.5219 1.6178 3.6744 3.5388 1.6579 17.3262 1.5708 0.9998
Car 0.0000 0.0000 0.0000 332.0000 182.0000 485.0000 237.0000 1.5022 1.6413 3.9952 -5.7879 1.7472 20.9994 0.0212 0.9996
Car 0.0000 0.0000 0.0000 215.0000 188.0000 446.0000 272.0000 1.4853 1.6316 3.9699 -5.4408 1.7966 14.1446 0.1959 0.9996
Car 0.0000 0.0000 0.0000 695.0000 179.0000 770.0000 233.0000 1.5245 1.6352 4.0180 3.7575 1.6920 22.5987 1.5634 0.9990
Car 0.0000 0.0000 0.0000 942.0000 162.0000 2838.0000 1051.0000 1.5171 1.5959 3.5988 2.9801 1.5192 3.0383 1.5708 0.9973
Car 0.0000 0.0000 0.0000 399.0000 182.0000 513.0000 225.0000 1.4986 1.6002 3.7973 -5.6071 1.8199 26.5640 0.0508 0.9959
Car 0.0000 0.0000 0.0000 433.0000 182.0000 539.0000 222.0000 1.5216 1.6059 3.8530 -4.8886 1.8643 28.8079 0.1997 0.9954
Car 0.0000 0.0000 0.0000 566.0000 179.0000 587.0000 198.0000 1.5029 1.6055 3.8759 -2.7005 1.9252 60.6841 1.5599 0.9914
Car 0.0000 0.0000 0.0000 959.0000 175.0000 1111.0000 224.0000 1.5014 1.6261 3.9354 13.8356 1.5699 23.5578 0.0804 0.9876
Car 0.0000 0.0000 0.0000 506.0000 168.0000 570.0000 191.0000 1.5552 1.6581 4.1846 -4.9065 1.1582 50.3049 0.0488 0.9872
Car 0.0000 0.0000 0.0000 465.0000 181.0000 557.0000 215.0000 1.5095 1.6198 3.9208 -4.5326 1.8616 33.5408 0.1041 0.9870
Car 0.0000 0.0000 0.0000 457.0000 183.0000 509.0000 220.0000 1.4879 1.5926 3.7554 -5.3720 1.8883 31.0501 1.5687 0.9807
Car 0.0000 0.0000 0.0000 278.0000 183.0000 377.0000 235.0000 1.5001 1.6105 4.0305 -8.9311 1.7904 23.1355 1.5655 0.9653
