Car 0.0000 0.0000 0.0000 155.0000 152.0000 419.0000 239.0000 1.5925 1.7192 4.5254 -6.3407 1.2169 14.3981 0.0497 0.9998
Car 0.0000 0.0000 0.0000 353.0000 179.0000 481.0000 223.0000 1.5613 1.6894 4.2950 -7.0906 1.7714 26.7942 0.0574 0.9998
Car 0.0000 0.0000 0.0000 632.0000 176.0000 677.0000 213.0000 1.5184 1.6329 3.8637 1.9442 1.6175 31.6388 1.5508 0.9997
Car 0.0000 0.0000 0.0000 749.0000 177.0000 921.0000 244.0000 1.5666 1.6796 4.1762 5.8887 1.6752 19.2703 0.9272 0.9997
Car 0.0000 0.0000 0.0000 -75.0000 185.0000 293.0000 303.0000 1.5086 1.6609 4.1376 -6.9851 1.6884 10.2814 0.0109 0.9996
Car 0.0000 0.0000 0.0000 54.0000 180.0000 344.0000 277.0000 1.5144 1.6601 4.1064 -6.9193 1.6362 12.3015 0.0992 0.9982
Car 0.0000 0.0000 0.0000 612.0000 178.0000 643.0000 206.0000 1.5026 1.6341 4.1219 1.0410 1.7209 40.6458 1.5708 0.9976
Car 0.0000 0.0000 0.0000 296.0000 177.0000 436.0000 228.0000 1.5008 1.5962 3.7489 -7.4137 1.6111 22.0663 0.1609 0.9923
Car 0.0000 0.0000 0.0000 675.0000 135.0000 794.0000 179.0000 1.5405 1.6629 4.2770 4.6903 0.1655 27.2085 0.1745 0.9881
Car 0.0000 0.0000 0.0000 611.0000 177.0000 652.0000 210.0000 1.4956 1.5818 3.6891 1.1475 1.6753 35.1358 -1.4265 0.9751
