Car 0.0000 0.0000 0.0000 719.0000 180.0000 907.0000 312.0000 1.5356 1.6209 3.4758 2.6466 1.6328 10.2438 1.5561 0.9999
Car 0.0000 0.0000 0.0000 -206.0000 192.0000 281.0000 352.0000 1.5366 1.6673 4.1691 -6.1355 1.7688 7.9743 0.0483 0.9998
Car 0.0000 0.0000 0.0000 682.0000 180.0000 791.0000 257.0000 1.5319 1.6381 3.8118 2.7283 1.6715 16.3691 1.5331 0.9997
Car 0.0000 0.0000 0.0000 456.0000 178.0000 543.0000 209.0000 1.5122 1.6518 4.1118 -5.5676 1.7567 36.9391 0.0965 0.9996
Car 0.0000 0.0000 0.0000 49.0000 186.0000 310.0000 319.0000 1.5172 1.6295 3.9536 -5.9430 1.7156 10.5088 1.5123 0.9995
Car 0.0000 0.0000 0.0000 657.0000 177.0000 715.0000 224.0000 1.5294 1.6153 3.6493 2.6627 1.6577 25.7321 1.5531 0.9992
Car 0.0000 0.0000 0.0000 645.0000 179.0000 676.0000 208.0000 1.5007 1.5990 3.7375 2.8046 1.7732 39.4597 1.5708 0.9988
Car 0.0000 0.0000 0.0000 430.0000 165.0000 484.0000 209.0000 1.6936 1.6953 4.0970 -6.3128 1.3791 30.3017 1.4932 0.9983
Car 0.0000 0.0000 0.0000 427.0000 183.0000 483.0000 231.0000 1.5192 1.6279 3.9720 -5.2945 1.8302 25.0530 1.4286 0.9961
Car 0.0000 0.0000 0.0000 145.0000 184.0000 372.0000 275.0000 1.4996 1.5827 3.7157 -6.4615 1.6993 13.2328 0.3398 0.9959
Car 0.0000 0.0000 0.0000 -489.0000 213.0000 93.0000 498.0000 1.5135 1.5991 3.9186 -6.1544 1.8564 5.4719 0.3438 0.9935
Car 0.0000 0.0000 0.0000 542.0000 173.0000 563.0000 191.0000 1.6677 1.6684 4.0592 -5.3614 1.5877 68.8774 1.5658 0.9903
