Car 0.0000 0.0000 0.0000 413.0000 136.0000 516.0000 213.0000 1.5521 1.6450 3.7325 -3.2216 0.8042 16.5874 1.5642 0.9999
Car 0.0000 0.0000 0.0000 269.0000 183.0000 384.0000 246.0000 1.5193 1.6224 3.6673 -7.5480 1.7706 19.5336 1.5708 0.9998
Car 0.0000 0.0000 0.0000 583.0000 178.0000 618.0000 212.0000 1.5937 1.6419 3.5861 -0.4161 1.7852 35.9413 1.5603 0.9997
Car 0.0000 0.0000 0.0000 385.0000 178.0000 441.0000 219.0000 1.5286 1.6270 3.6755 -7.8194 1.7022 28.9046 1.4520 0.9997
Car 0.0000 0.0000 0.0000 -767.0000 206.0000 299.0000 781.0000 1.5139 1.6202 3.8512 -3.3626 1.7792 4.0616 1.5212 0.9995
Car 0.0000 0.0000 0.0000 -31.0000 185.0000 170.0000 262.0000 1.5246 1.6511 4.1039 -12.2977 1.7939 16.7275 1.5542 0.9995
Car 0.0000 0.0000 0.0000 483.0000 177.0000 533.0000 214.0000 1.5140 1.6150 3.7517 -4.4075 1.6650 31.6997 1.5708 0.9993
Car 0.0000 0.0000 0.0000 243.0000 184.0000 327.0000 227.0000 1.4955 1.6270 4.0641 -12.4373 1.8954 27.8348 1.5056 0.9988
Car 0.0000 0.0000 0.0000 447.0000 179.0000 475.0000 197.0000 1.5065 1.6295 4.1454 -12.9880 1.9727 63.5449 1.5682 0.9840
Car 0.0000 0.0000 0.0000 543.0000 178.0000 570.0000 198.0000 1.5005 1.6158 4.0338 -4.2031 1.8632 58.8619 1.5708 0.9814
Car 0.0000 0.0000 0.0000 520.0000 169.0000 554.0000 201.0000 2.0150 1.8146 4.6188 -4.6218 1.7066 47.1498 1.5552 0.9742
Car 0.0000 0.0000 0.0000 430.0000 180.0000 474.0000 210.0000 1.5020 1.5912 3.8264 -8.2207 1.8102 37.9501 1.5410 0.9655
