Car 0.0000 0.0000 0.0000 458.0000 182.0000 502.0000 222.0000 1.5184 1.6466 3.8985 -5.2229 1.8334 29.1782 1.4047 0.9998
Car 0.0000 0.0000 0.0000 61.0000 184.0000 189.0000 238.0000 1.5123 1.6542 4.1301 -15.0831 1.8392 22.6713 1.4499 0.9997
Car 0.0000 0.0000 0.0000 532.0000 180.0000 571.0000 210.0000 1.5046 1.6356 4.1181 -3.0422 1.8332 39.0574 1.5708 0.9981
Car 0.0000 0.0000 0.0000 -918.0000 178.0000 117.0000 557.0000 1.6572 1.6912 4.2856 -5.9873 1.7006 5.3308 1.5588 0.9970
Car 0.0000 0.0000 0.0000 639.0000 180.0000 663.0000 202.0000 1.5012 1.6253 4.0677 3.0084 1.9599 51.6693 1.5708 0.9949
Car 0.0000 0.0000 0.0000 -630338.0000 -71228.0000 1253.0000 453.0000 1.4856 1.6100 4.1201 2.8637 1.5545 2.0220 1.5470 0.9945
Car 0.0000 0.0000 0.0000 -8.0000 189.0000 106.0000 243.0000 1.5093 1.6217 3.9419 -17.9030 2.0392 23.1636 1.2759 0.9943
Car 0.0000 0.0000 0.0000 424.0000 178.0000 450.0000 195.0000 1.6162 1.6864 4.4612 -16.7382 2.0279 70.3993 1.5211 0.9919
Car 0.0000 0.0000 0.0000 419.0000 178.0000 449.0000 199.0000 1.4932 1.5987 3.9420 -13.0957 1.7965 54.2184 1.4885 0.9904
Car 0.0000 0.0000 0.0000 336.0000 182.0000 417.0000 212.0000 1.4590 1.5784 3.6401 -11.6527 1.8841 36.0980 0.2854 0.9903
Car 0.0000 0.0000 0.0000 432.0000 178.0000 476.0000 209.0000 1.5017 1.6318 4.1713 -7.9632 1.7154 37.2574 1.5064 0.9834
Car 0.0000 0.0000 0.0000 400.0000 183.0000 441.0000 208.0000 1.4958 1.6056 3.9438 -12.1926 2.1030 46.7625 1.5708 0.9812
Car 0.0000 0.0000 0.0000 292.0000 186.0000 338.0000 211.0000 1.4985 1.5964 3.8359 -19.0876 2.2857 46.9009 1.5135 0.9772
