Car 0.0000 0.0000 0.0000 187.0000 188.0000 405.0000 262.0000 1.4213 1.6371 3.9283 -6.5737 1.7571 15.3337 0.0141 0.9999
Car 0.0000 0.0000 0.0000 371.0000 182.0000 497.0000 225.0000 1.5294 1.6915 4.3345 -6.5798 1.8452 27.2325 0.0358 0.9997
Car 0.0000 0.0000 0.0000 677.0000 179.0000 747.0000 238.0000 1.5308 1.6269 3.6953 2.8347 1.6795 20.5360 1.5708 0.9997
Car 0.0000 0.0000 0.0000 634.0000 180.0000 665.0000 206.0000 1.5030 1.6086 3.7825 2.4894 1.8487 43.6420 -1.4395 0.9988
Car 0.0000 0.0000 0.0000 648.0000 179.0000 689.0000 216.0000 1.4993 1.5893 3.6178 2.6541 1.7437 31.6482 -1.4430 0.9975
Car 0.0000 0.0000 0.0000 279.0000 187.0000 456.0000 253.0000 1.5232 1.6154 3.8476 -5.9700 1.8716 17.9666 0.0675 0.9950
Car 0.0000 0.0000 0.0000 430.0000 177.0000 521.0000 211.0000 1.5682 1.6403 4.0016 -6.4055 1.7224 34.6164 0.2243 0.9934
Car 0.0000 0.0000 0.0000 321.0000 185.0000 470.0000 242.0000 1.4997 1.5828 3.6319 -5.9216 1.8200 20.0723 0.1529 0.9932
Car 0.0000 0.0000 0.0000 400.0000 178.0000 505.0000 218.0000 1.5603 1.6135 3.8931 -6.4069 1.7564 29.5772 0.0960 0.9779
Car 0.0000 0.0000 0.0000 -328.0000 197.0000 127.0000 378.0000 1.5020 1.5933 3.8417 -7.6908 1.8291 8.3710 1.5386 0.9767
Car 0.0000 0.0000 0.0000 465.0000 181.0000 538.0000 208.0000 1.5365 1.6266 3.9245 -6.3001 1.9579 42.3880 0.3110 0.9696
