Car 0.0000 0.0000 0.0000 359.0000 182.0000 497.0000 279.0000 1.5479 1.6606 4.0143 -3.2902 1.7195 13.7186 1.5628 0.9998
Car 0.0000 0.0000 0.0000 563.0000 179.0000 628.0000 240.0000 1.5404 1.6016 3.3225 -0.3324 1.7038 20.2520 1.5708 0.9997
Car 0.0000 0.0000 0.0000 235.0000 175.0000 353.0000 242.0000 1.5210 1.6011 3.5377 -7.8688 1.5661 18.2344 1.5117 0.9996
Car 0.0000 0.0000 0.0000 334.0000 177.0000 379.0000 209.0000 1.5216 1.6093 3.5385 -12.8388 1.6883 36.7624 1.4069 0.9996
Car 0.0000 0.0000 0.0000 70.0000 188.0000 425.0000 411.0000 1.5239 1.6417 3.9851 -3.1309 1.6902 7.1336 1.5326 0.9995
Car 0.0000 0.0000 0.0000 -351.0000 195.0000 126.0000 384.0000 1.5330 1.6524 4.0131 -7.6725 1.8266 8.2810 1.5007 0.9994
Car 0.0000 0.0000 0.0000 513.0000 170.0000 559.0000 207.0000 1.5081 1.6256 3.9345 -3.1589 1.3834 31.6733 1.5694 0.9988
Car 0.0000 0.0000 0.0000 443.0000 179.0000 531.0000 238.0000 1.5143 1.6504 4.1919 -3.4294 1.6649 20.8596 1.5708 0.9988
Car 0.0000 0.0000 0.0000 536.0000 159.0000 560.0000 179.0000 1.5223 1.5967 3.6068 -4.8353 0.4131 57.5493 1.5708 0.9984
Car 0.0000 0.0000 0.0000 390.0000 170.0000 439.0000 209.0000 1.5032 1.6100 3.8668 -8.1190 1.3659 30.2661 1.4005 0.9981
Car 0.0000 0.0000 0.0000 443.0000 170.0000 485.0000 197.0000 1.5223 1.6475 4.1397 -8.7156 1.3104 43.6297 1.5708 0.9980
Car 0.0000 0.0000 0.0000 223.0000 177.0000 300.0000 221.0000 1.4972 1.5940 3.8579 -12.8590 1.6186 26.8231 1.4043 0.9837
