Car 0.0000 0.0000 0.0000 800.0000 193.0000 1094.0000 289.0000 1.5295 1.7210 4.4675 5.8829 1.9175 12.9759 0.0039 1.0000
Car 0.0000 0.0000 0.0000 197.0000 188.0000 411.0000 273.0000 1.4841 1.6207 3.8686 -6.2880 1.8146 15.1597 -0.9743 0.9999
Car 0.0000 0.0000 0.0000 694.0000 195.0000 798.0000 231.0000 1.5314 1.6974 4.4114 6.1367 2.5106 32.5937 0.0298 0.9998
Car 0.0000 0.0000 0.0000 354.0000 190.0000 506.0000 244.0000 1.5518 1.6750 4.1850 -5.4599 2.0595 22.1102 0.0931 0.9997
Car 0.0000 0.0000 0.0000 770.0000 189.0000 934.0000 250.0000 1.5172 1.6562 4.2462 6.8144 1.9757 20.6365 0.9072 0.9994
Car 0.0000 0.0000 0.0000 956.0000 164.0000 1430.0000 307.0000 1.5323 1.6784 4.2369 6.6848 1.4520 8.6693 0.0552 0.9990
Car 0.0000 0.0000 0.0000 848.0000 196.0000 1801.0000 739.0000 1.5164 1.5945 3.5427 2.7341 1.6863 3.9460 1.5210 0.9989
Car 0.0000 0.0000 0.0000 -225.0000 157.0000 333.0000 351.0000 1.7175 1.7702 4.7922 -5.6614 1.6030 7.5658 0.1206 0.9986
Car 0.0000 0.0000 0.0000 640.0000 196.0000 708.0000 221.0000 1.4992 1.6717 4.2727 4.1524 2.9711 45.9755 0.0967 0.9930
Car 0.0000 0.0000 0.0000 -375.0000 200.0000 70.0000 562.0000 1.4842 1.5915 3.7903 -5.2708 1.7068 4.9462 0.6961 0.9917
Car 0.0000 0.0000 0.0000 273.0000 189.0000 458.0000 259.0000 1.5809 1.6563 4.0731 -6.0151 1.9905 17.8202 0.2179 0.9887
Car 0.0000 0.0000 0.0000 509.0000 193.0000 553.0000 222.0000 1.5076 1.6246 3.9633 -4.4380 2.6598 41.5653 -1.4337 0.9836
