Car 0.0000 0.0000 0.0000 -57.0000 189.0000 319.0000 334.0000 1.4610 1.6261 3.8842 -6.1488 1.6912 9.5346 -0.8266 0.9999
Car 0.0000 0.0000 0.0000 691.0000 185.0000 793.0000 259.0000 1.5224 1.6162 3.5845 3.0192 1.8059 17.1208 1.5343 0.9998
Car 0.0000 0.0000 0.0000 754.0000 182.0000 890.0000 229.0000 1.4920 1.6560 4.1210 7.0921 1.7743 24.3488 0.0603 0.9997
Car 0.0000 0.0000 0.0000 319.0000 179.0000 469.0000 234.0000 1.5312 1.6414 3.9982 -6.4146 1.7155 21.6559 0.0540 0.9991
Car 0.0000 0.0000 0.0000 902.0000 195.0000 2426.0000 960.0000 1.5103 1.6218 3.8810 3.0684 1.6630 3.4919 1.5208 0.9989
Car 0.0000 0.0000 0.0000 -346.0000 179.0000 197.0000 352.0000 1.4971 1.6256 3.9207 -6.6107 1.5705 7.2304 -0.0016 0.9979
Car 0.0000 0.0000 0.0000 380.0000 158.0000 494.0000 197.0000 1.5904 1.6968 4.4032 -7.3159 0.9602 30.8043 0.0712 0.9979
Car 0.0000 0.0000 0.0000 237.0000 181.0000 450.0000 255.0000 1.5810 1.6895 4.3077 -6.0738 1.7692 16.6425 0.0794 0.9968
Car 0.0000 0.0000 0.0000 496.0000 181.0000 531.0000 209.0000 1.5072 1.6013 3.7612 -5.4513 1.9361 41.5970 1.5542 0.9965
Car 0.0000 0.0000 0.0000 86.0000 178.0000 368.0000 277.0000 1.4998 1.6202 3.8271 -6.2217 1.5836 11.9182 0.0508 0.9959
Car 0.0000 0.0000 0.0000 723.0000 179.0000 837.0000 221.0000 1.5068 1.6254 4.0062 6.3270 1.7044 27.0302 0.1179 0.9953
Car 0.0000 0.0000 0.0000 521.0000 173.0000 549.0000 198.0000 1.5109 1.5921 3.6656 -4.7352 1.4904 46.7756 1.5278 0.9913
Car 0.0000 0.0000 0.0000 212.0000 182.0000 425.0000 266.0000 1.5408 1.6173 3.8249 -5.8939 1.7206 14.5819 0.3047 0.9897
