Car 0.0000 0.0000 0.0000 32.0000 195.0000 183.0000 260.0000 1.5388 1.6367 3.8352 -13.9275 2.1843 20.2384 1.5498 0.9998
Car 0.0000 0.0000 0.0000 212.0000 185.0000 252.0000 208.0000 1.5013 1.6043 3.8853 -26.4996 2.3179 50.7624 1.3252 0.9902
Car 0.0000 0.0000 0.0000 375.0000 195.0000 412.0000 217.0000 1.5009 1.6166 3.8697 -15.8816 3.0977 53.2354 1.5556 0.9865
Car 0.0000 0.0000 0.0000 219.0000 187.0000 255.0000 205.0000 1.4972 1.5933 3.8160 -32.5743 2.6282 63.2596 1.4439 0.9862
Car 0.0000 0.0000 0.0000 691.0000 181.0000 715.0000 200.0000 1.4912 1.5975 3.8742 7.9747 2.1134 60.7106 -1.3481 0.9847
Car 0.0000 0.0000 0.0000 942.0000 192.0000 1012.0000 227.0000 1.4890 1.6245 4.0209 17.7773 2.4121 34.9265 -1.4790 0.9806
Car 0.0000 0.0000 0.0000 494.0000 191.0000 536.0000 219.0000 1.4999 1.6064 3.8683 -5.4192 2.5294 41.9039 -1.4814 0.9801
Car 0.0000 0.0000 0.0000 644.0000 165.0000 701.0000 215.0000 2.1413 1.8631 4.8107 2.8320 1.7694 33.2694 1.4959 0.9751
Car 0.0000 0.0000 0.0000 775.0000 168.0000 804.0000 191.0000 1.5064 1.5929 3.7898 12.8409 1.1351 51.2230 -1.4296 0.9691
Car 0.0000 0.0000 0.0000 268.0000 195.0000 309.0000 218.0000 1.5097 1.6309 3.9342 -23.5760 3.1346 53.1670 1.4581 0.9661
