Car 0.0000 0.0000 0.0000 138.0000 186.0000 471.0000 403.0000 1.5265 1.6611 4.0660 -2.6507 1.6692 7.2647 1.5646 0.9998
Car 0.0000 0.0000 0.0000 658.0000 181.0000 735.0000 240.0000 1.5331 1.6560 4.0860 2.4204 1.7354 20.9810 1.5497 0.9998
Car 0.0000 0.0000 0.0000 774.0000 190.0000 1385.0000 556.0000 1.5255 1.6343 3.9099 2.5094 1.6800 5.1412 1.5149 0.9996
Car 0.0000 0.0000 0.0000 530.0000 178.0000 567.0000 212.0000 1.5090 1.6164 3.7983 -2.8515 1.7348 34.5374 1.5221 0.9995
Car 0.0000 0.0000 0.0000 641.0000 179.0000 679.0000 214.0000 1.5208 1.6246 3.7839 2.3643 1.7515 33.4273 1.5708 0.9993
Car 0.0000 0.0000 0.0000 302.0000 184.0000 374.0000 233.0000 1.4728 1.5878 3.7196 -9.1447 1.8382 24.4696 1.4069 0.9972
Car 0.0000 0.0000 0.0000 628.0000 175.0000 663.0000 204.0000 1.4966 1.5983 3.8058 1.9887 1.5837 39.5417 1.5426 0.9968
Car 0.0000 0.0000 0.0000 -4922.0000 247.0000 322.0000 3827.0000 1.4788 1.6058 3.9508 -2.4023 1.9264 2.4323 1.4498 0.9963
Car 0.0000 0.0000 0.0000 623.0000 177.0000 647.0000 200.0000 1.5004 1.5974 3.7785 1.8628 1.7119 49.9538 1.5708 0.9957
Car 0.0000 0.0000 0.0000 178.0000 148.0000 245.0000 187.0000 1.5503 1.6294 3.8500 -16.8295 0.5168 30.6540 1.3049 0.9755
