Car 0.0000 0.0000 0.0000 804.0000 168.0000 956.0000 217.0000 1.5354 1.7139 4.4149 8.9184 1.3816 24.0121 0.0220 0.9999
Car 0.0000 0.0000 0.0000 441.0000 179.0000 479.0000 206.0000 1.5119 1.6544 4.1428 -8.9388 1.8195 43.4781 1.5144 0.9997
Car 0.0000 0.0000 0.0000 -950.0000 186.0000 310.0000 813.0000 1.5118 1.6175 3.9033 -3.1964 1.6050 3.7676 1.5464 0.9990
Car 0.0000 0.0000 0.0000 289.0000 183.0000 347.0000 216.0000 1.5010 1.6180 3.9318 -14.5479 1.9800 36.1583 1.4894 0.9978
Car 0.0000 0.0000 0.0000 506.0000 173.0000 527.0000 192.0000 1.5747 1.6282 3.8693 -8.0603 1.5022 62.7395 1.4027 0.9899
Car 0.0000 0.0000 0.0000 514.0000 177.0000 542.0000 196.0000 1.5284 1.6311 4.0107 -6.5025 1.7576 58.4100 1.5708 0.9884
Car 0.0000 0.0000 0.0000 485.0000 179.0000 520.0000 202.0000 1.4970 1.6166 4.0119 -7.2517 1.8370 49.3225 1.5708 0.9832
Car 0.0000 0.0000 0.0000 -37.0000 189.0000 39.0000 220.0000 1.4957 1.6083 3.9684 -32.2043 2.3413 38.2137 1.3012 0.9824
Car 0.0000 0.0000 0.0000 1164.0000 170.0000 1289.0000 206.0000 1.4849 1.6215 3.8928 26.5575 1.3490 31.0367 0.0326 0.9777
Car 0.0000 0.0000 0.0000 654.0000 181.0000 693.0000 213.0000 1.5005 1.5972 3.8363 3.3553 1.8964 37.0706 -1.3801 0.9627
