Car 0.0000 0.0000 0.0000 22.0000 192.0000 312.0000 289.0000 1.3963 1.5980 3.7103 -6.9912 1.7127 11.5369 0.0581 0.9999
Car 0.0000 0.0000 0.0000 648.0000 181.0000 699.0000 221.0000 1.5177 1.6178 3.6638 2.5966 1.8071 29.7068 1.5318 0.9997
Car 0.0000 0.0000 0.0000 130.0000 179.0000 380.0000 264.0000 1.5441 1.6660 4.1557 -6.9124 1.6721 14.2420 0.0614 0.9989
Car 0.0000 0.0000 0.0000 468.0000 179.0000 513.0000 221.0000 1.7525 1.7193 4.3467 -5.3429 2.0067 32.7615 1.4727 0.9984
Car 0.0000 0.0000 0.0000 338.0000 180.0000 491.0000 235.0000 1.5843 1.6670 4.1807 -5.9065 1.8027 22.0022 0.1363 0.9983
Car 0.0000 0.0000 0.0000 691.0000 114.0000 871.0000 287.0000 2.3187 1.9365 5.3178 2.5958 1.5430 12.3968 1.5708 0.9983
Car 0.0000 0.0000 0.0000 375.0000 176.0000 479.0000 215.0000 1.5164 1.5992 3.7699 -7.3509 1.6140 29.2489 0.1276 0.9978
Car 0.0000 0.0000 0.0000 519.0000 179.0000 554.0000 204.0000 1.5007 1.5969 3.7738 -4.4977 1.8165 45.1230 1.5708 0.9953
Car 0.0000 0.0000 0.0000 675.0000 167.0000 704.0000 191.0000 1.5919 1.6408 3.9493 5.6645 1.1311 50.5968 1.5708 0.9910
Car 0.0000 0.0000 0.0000 -3956.0000 -1354.0000 1447.0000 489.0000 1.5028 1.6084 3.9539 3.0769 1.3914 1.2932 1.5268 0.9851
Car 0.0000 0.0000 0.0000 528.0000 180.0000 557.0000 203.0000 1.4963 1.5929 3.8476 -4.5306 1.9446 49.8430 1.5708 0.9806
