Car 0.0000 0.0000 0.0000 306.0000 185.0000 468.0000 239.0000 1.5053 1.6964 4.3683 -6.6539 1.8792 21.7769 0.0043 0.9999
Car 0.0000 0.0000 0.0000 766.0000 182.0000 1036.0000 269.0000 1.5148 1.7311 4.4883 5.4262 1.6998 13.8563 0.0093 0.9998
Car 0.0000 0.0000 0.0000 152.0000 186.0000 391.0000 271.0000 1.4744 1.6130 3.7884 -6.3120 1.7369 13.6433 0.0512 0.9998
Car 0.0000 0.0000 0.0000 -162.0000 180.0000 290.0000 326.0000 1.5067 1.6529 4.0925 -6.1905 1.6039 8.4164 0.0317 0.9997
Car 0.0000 0.0000 0.0000 646.0000 178.0000 693.0000 219.0000 1.5095 1.6011 3.6526 2.2966 1.6686 28.1572 1.5708 0.9994
Car 0.0000 0.0000 0.0000 552.0000 180.0000 578.0000 202.0000 1.5024 1.6176 3.8975 -3.1615 1.9354 52.4203 1.5708 0.9990
Car 0.0000 0.0000 0.0000 621.0000 175.0000 643.0000 195.0000 1.5036 1.6123 3.8371 1.8180 1.5610 55.9561 1.5708 0.9988
Car 0.0000 0.0000 0.0000 523.0000 179.0000 544.0000 199.0000 1.5524 1.6376 3.8520 -6.2886 2.0062 60.3149 1.4927 0.9980
Car 0.0000 0.0000 0.0000 39.0000 187.0000 341.0000 294.0000 1.5089 1.6073 3.8169 -6.4155 1.7309 11.1936 0.0730 0.9978
Car 0.0000 0.0000 0.0000 -415.0000 203.0000 191.0000 446.0000 1.5421 1.6275 3.9439 -5.8135 1.8126 5.9139 0.2038 0.9968
Car 0.0000 0.0000 0.0000 634.0000 180.0000 667.0000 211.0000 1.4858 1.5948 3.8175 2.1416 1.8012 37.2059 1.5708 0.9930
Car 0.0000 0.0000 0.0000 494.0000 174.0000 523.0000 201.0000 1.6311 1.6501 4.2132 -6.2924 1.6381 44.9232 1.3959 0.9809
Car 0.0000 0.0000 0.0000 467.0000 181.0000 542.0000 209.0000 1.5016 1.6020 3.7963 -5.8025 1.9283 39.9717 0.2299 0.9759
Car 0.0000 0.0000 0.0000 517.0000 185.0000 546.0000 209.0000 1.5060 1.6082 3.9201 -4.9833 2.2164 47.0768 1.5333 0.9751
Car 0.0000 0.0000 0.0000 404.0000 178.0000 507.0000 217.0000 1.5027 1.6019 3.7680 -6.1733 1.6967 29.1721 0.0763 0.9737
