Car 0.0000 0.0000 0.0000 45.0000 185.0000 238.0000 323.0000 1.4817 1.6591 4.1133 -6.3105 1.6469 10.1046 1.1487 1.0000
Car 0.0000 0.0000 0.0000 795.0000 179.0000 1030.0000 256.0000 1.5082 1.6840 4.2717 6.2901 1.6275 15.3219 0.0080 0.9998
Car 0.0000 0.0000 0.0000 853.0000 185.0000 1134.0000 275.0000 1.4351 1.6473 4.0592 6.5644 1.6605 12.7548 0.1363 0.9998
Car 0.0000 0.0000 0.0000 246.0000 155.0000 432.0000 218.0000 1.5403 1.6799 4.2812 -7.0697 1.0879 19.0187 0.0553 0.9998
Car 0.0000 0.0000 0.0000 397.0000 181.0000 508.0000 220.0000 1.4798 1.6449 4.0336 -6.2270 1.7681 28.7987 0.0574 0.9998
Car 0.0000 0.0000 0.0000 722.0000 178.0000 872.0000 230.0000 1.5487 1.6941 4.3266 5.9138 1.6998 23.0541 0.0203 0.9998
Car 0.0000 0.0000 0.0000 487.0000 171.0000 525.0000 204.0000 1.5117 1.6159 3.7171 -4.9704 1.3879 35.0249 1.4842 0.9992
Car 0.0000 0.0000 0.0000 641.0000 166.0000 693.0000 208.0000 1.7137 1.7434 4.6830 2.5228 1.4161 32.3609 1.5288 0.9992
Car 0.0000 0.0000 0.0000 837.0000 181.0000 1374.0000 478.0000 1.5218 1.5875 3.4759 3.1157 1.5835 5.4959 1.5288 0.9991
Car 0.0000 0.0000 0.0000 301.0000 177.0000 446.0000 232.0000 1.4981 1.6082 3.8428 -7.0257 1.5985 21.6416 -0.7792 0.9984
Car 0.0000 0.0000 0.0000 -498.0000 204.0000 159.0000 462.0000 1.4684 1.5656 3.5602 -5.5595 1.7278 5.2967 0.1533 0.9980
Car 0.0000 0.0000 0.0000 -103.0000 183.0000 95.0000 295.0000 1.5416 1.6097 3.9664 -10.1173 1.7038 12.1705 1.1239 0.9755
Car 0.0000 0.0000 0.0000 232.0000 188.0000 378.0000 263.0000 1.5000 1.6011 3.8120 -6.9342 1.8531 16.7775 1.5708 0.9690
