Car 0.0000 0.0000 0.0000 123.0000 185.0000 394.0000 273.0000 1.4840 1.6870 4.2477 -6.4244 1.7259 13.4236 0.0191 0.9999
Car 0.0000 0.0000 0.0000 753.0000 177.0000 962.0000 313.0000 1.5227 1.6077 3.5548 3.1603 1.5846 9.9881 1.5556 0.9998
Car 0.0000 0.0000 0.0000 715.0000 177.0000 841.0000 262.0000 1.5260 1.6405 3.8521 3.3321 1.6048 14.9998 1.5561 0.9996
Car 0.0000 0.0000 0.0000 -324.0000 191.0000 285.0000 405.0000 1.5882 1.6676 4.1669 -5.3895 1.7763 6.4287 0.0789 0.9996
Car 0.0000 0.0000 0.0000 671.0000 185.0000 728.0000 227.0000 1.5133 1.6156 3.7004 3.4926 1.9632 28.3363 1.5278 0.9991
Car 0.0000 0.0000 0.0000 398.0000 182.0000 524.0000 228.0000 1.5692 1.6586 4.1351 -5.3188 1.8804 26.0398 0.0762 0.9991
Car 0.0000 0.0000 0.0000 293.0000 179.0000 463.0000 239.0000 1.4924 1.6271 3.9662 -6.0678 1.6578 19.0299 0.1286 0.9980
Car 0.0000 0.0000 0.0000 470.0000 165.0000 546.0000 192.0000 1.5507 1.6704 4.2283 -5.9420 1.0280 42.6345 0.0396 0.9968
Car 0.0000 0.0000 0.0000 369.0000 181.0000 502.0000 230.0000 1.5287 1.6204 3.9300 -5.6786 1.7822 23.6103 0.2170 0.9968
Car 0.0000 0.0000 0.0000 445.0000 175.0000 538.0000 210.0000 1.5551 1.6310 3.9789 -5.4525 1.6314 33.5463 0.1865 0.9967
Car 0.0000 0.0000 0.0000 335.0000 182.0000 490.0000 239.0000 1.5726 1.6444 4.0815 -5.7490 1.8373 21.2201 0.0890 0.9962
Car 0.0000 0.0000 0.0000 713.0000 173.0000 750.0000 203.0000 1.5001 1.5884 3.7154 6.6656 1.4895 39.3594 1.5708 0.9863
Car 0.0000 0.0000 0.0000 538.0000 173.0000 566.0000 196.0000 1.5843 1.6436 4.0281 -4.1189 1.5603 52.9787 1.5708 0.9626
