Car 0.0000 0.0000 0.0000 389.0000 179.0000 507.0000 262.0000 1.5260 1.5959 3.3684 -3.2545 1.6297 15.0134 1.5708 0.9998
Car 0.0000 0.0000 0.0000 483.0000 175.0000 510.0000 196.0000 1.5065 1.6159 3.8164 -8.6422 1.6292 55.7393 1.5253 0.9991
Car 0.0000 0.0000 0.0000 1000.0000 153.0000 1123.0000 190.0000 1.5096 1.6531 4.1570 19.3100 0.6601 30.8446 0.0342 0.9989
Car 0.0000 0.0000 0.0000 1102.0000 158.0000 1234.0000 196.0000 1.5597 1.6901 4.2966 23.9962 0.9088 31.0220 0.0262 0.9961
Car 0.0000 0.0000 0.0000 503.0000 166.0000 537.0000 190.0000 1.6378 1.6629 3.8023 -6.4180 1.1119 51.7272 1.2289 0.9954
Car 0.0000 0.0000 0.0000 325.0000 173.0000 365.0000 196.0000 1.5156 1.6080 3.8203 -18.5395 1.4819 50.7768 1.5199 0.9889
Car 0.0000 0.0000 0.0000 549.0000 163.0000 571.0000 184.0000 1.5555 1.6392 3.9561 -3.8310 0.7299 56.3931 1.5033 0.9801
Car 0.0000 0.0000 0.0000 371.0000 177.0000 412.0000 199.0000 1.5004 1.6146 4.0148 -15.0935 1.6893 50.2686 1.5708 0.9728
Car 0.0000 0.0000 0.0000 222.0000 162.0000 270.0000 187.0000 1.5419 1.6304 3.9357 -24.1775 0.8205 48.0900 1.4364 0.9685
Car 0.0000 0.0000 0.0000 627.0000 181.0000 672.0000 213.0000 1.5034 1.6103 3.9212 2.1028 1.8893 36.2177 -1.3466 0.9648
