Car 0.0000 0.0000 0.0000 353.0000 184.0000 488.0000 229.0000 1.4954 1.6920 4.3062 -6.6065 1.8774 25.4742 0.0262 1.0000
Car 0.0000 0.0000 0.0000 756.0000 185.0000 939.0000 248.0000 1.4153 1.6231 3.9303 5.6928 1.7151 17.5733 0.0408 0.9999
Car 0.0000 0.0000 0.0000 107.0000 182.0000 376.0000 276.0000 1.4518 1.6165 3.8201 -6.1952 1.6200 12.2691 0.1068 0.9998
Car 0.0000 0.0000 0.0000 -39.0000 189.0000 332.0000 314.0000 1.4526 1.6459 4.0343 -6.0415 1.6887 9.5597 0.1172 0.9995
Car 0.0000 0.0000 0.0000 950.0000 186.0000 1500.0000 348.0000 1.5405 1.7074 4.4436 6.3378 1.6993 7.8687 0.0401 0.9995
Car 0.0000 0.0000 0.0000 -276.0000 196.0000 271.0000 383.0000 1.5664 1.6652 4.1638 -5.8564 1.8200 7.1316 0.0704 0.9994
Car 0.0000 0.0000 0.0000 641.0000 179.0000 683.0000 216.0000 1.5057 1.6223 3.8543 2.2936 1.7566 32.0840 1.5708 0.9993
Car 0.0000 0.0000 0.0000 248.0000 184.0000 432.0000 250.0000 1.5067 1.6140 3.8340 -6.4741 1.7648 17.4561 0.0758 0.9991
Car 0.0000 0.0000 0.0000 1145.0000 172.0000 2023.0000 415.0000 1.4409 1.5994 3.8359 6.6026 1.4575 5.4292 0.2029 0.9988
Car 0.0000 0.0000 0.0000 392.0000 178.0000 508.0000 219.0000 1.5266 1.6598 4.1923 -6.2444 1.7071 28.5062 0.0401 0.9983
Car 0.0000 0.0000 0.0000 555.0000 176.0000 581.0000 197.0000 1.5000 1.5932 3.7089 -3.1515 1.7061 56.0657 1.5708 0.9982
Car 0.0000 0.0000 0.0000 621.0000 176.0000 645.0000 195.0000 1.5020 1.6024 3.7663 2.0697 1.7124 59.7535 -1.4256 0.9979
Car 0.0000 0.0000 0.0000 193.0000 178.0000 389.0000 261.0000 1.4980 1.6090 3.8337 -6.5772 1.6110 14.7711 0.4721 0.9935
Car 0.0000 0.0000 0.0000 476.0000 175.0000 539.0000 198.0000 1.5034 1.6058 3.8322 -6.6809 1.5661 47.5591 0.1377 0.9926
Car 0.0000 0.0000 0.0000 314.0000 163.0000 386.0000 206.0000 1.5702 1.6363 3.8659 -10.1661 1.1959 28.4961 1.5073 0.9905
Car 0.0000 0.0000 0.0000 462.0000 177.0000 506.0000 212.0000 1.5381 1.6373 4.0803 -5.8319 1.6877 33.8890 1.5033 0.9764
Car 0.0000 0.0000 0.0000 625.0000 176.0000 655.0000 204.0000 1.4966 1.5991 3.8263 1.7637 1.6495 41.0808 1.5708 0.9743
Car 0.0000 0.0000 0.0000 510.0000 179.0000 542.0000 205.0000 1.5002 1.5902 3.7468 -5.0785 1.8212 44.5563 1.5609 0.9664
Car 0.0000 0.0000 0.0000 489.0000 178.0000 528.0000 207.0000 1.4885 1.5795 3.7627 -5.4533 1.7274 39.3588 1.5708 0.9651
