Car 0.0000 0.0000 0.0000 573.0000 178.0000 604.0000 204.0000 1.5255 1.6321 3.7431 -1.2812 1.7736 43.8331 1.4802 0.9997
Car 0.0000 0.0000 0.0000 691.0000 173.0000 800.0000 253.0000 1.5247 1.6505 4.0241 2.8439 1.5323 15.9827 1.5708 0.9996
Car 0.0000 0.0000 0.0000 -22.0000 193.0000 89.0000 262.0000 1.5387 1.6111 3.4766 -14.9413 2.0710 18.8281 1.1031 0.9996
Car 0.0000 0.0000 0.0000 547.0000 176.0000 570.0000 197.0000 1.5024 1.6320 4.0047 -3.7171 1.6868 54.1007 1.5293 0.9993
Car 0.0000 0.0000 0.0000 425.0000 181.0000 484.0000 224.0000 1.4991 1.6327 4.0651 -5.8617 1.7953 27.6064 1.5046 0.9992
Car 0.0000 0.0000 0.0000 600.0000 170.0000 646.0000 207.0000 1.5141 1.5975 3.5429 0.5692 1.3710 31.8375 1.4746 0.9991
Car 0.0000 0.0000 0.0000 643.0000 165.0000 704.0000 213.0000 1.5247 1.6274 3.8680 2.1596 1.2670 25.1752 1.5244 0.9991
Car 0.0000 0.0000 0.0000 721.0000 164.0000 939.0000 308.0000 1.6846 1.6905 4.1498 2.9281 1.5917 10.6445 1.5021 0.9990
Car 0.0000 0.0000 0.0000 458.0000 180.0000 490.0000 203.0000 1.4934 1.5958 3.8639 -9.1326 1.9125 48.9118 1.5195 0.9950
Car 0.0000 0.0000 0.0000 578.0000 157.0000 605.0000 182.0000 1.5472 1.6501 4.0873 -1.1663 0.4882 47.7699 1.5136 0.9891
Car 0.0000 0.0000 0.0000 423.0000 177.0000 447.0000 196.0000 1.5247 1.6270 4.1314 -14.7207 1.7942 61.2624 1.4231 0.9859
Car 0.0000 0.0000 0.0000 636.0000 171.0000 664.0000 196.0000 1.5015 1.5949 3.8267 2.5924 1.3201 44.5884 -1.4714 0.9842
Car 0.0000 0.0000 0.0000 534.0000 174.0000 554.0000 191.0000 1.5551 1.6307 4.0766 -6.1898 1.6127 69.6140 1.5449 0.9801
Car 0.0000 0.0000 0.0000 500.0000 178.0000 529.0000 202.0000 1.4998 1.6319 4.1080 -6.3203 1.7982 48.6433 1.5192 0.9748
Car 0.0000 0.0000 0.0000 546.0000 166.0000 569.0000 186.0000 1.5335 1.6581 4.2398 -4.2117 0.9353 58.8174 1.4480 0.9640
