Car 0.0000 0.0000 0.0000 156.0000 197.0000 362.0000 306.0000 1.5146 1.6328 3.8559 -5.9207 1.9800 12.6532 1.5708 0.9998
Car 0.0000 0.0000 0.0000 758.0000 181.0000 1013.0000 351.0000 1.5203 1.6060 3.5165 2.8548 1.6202 8.3333 1.5708 0.9997
Car 0.0000 0.0000 0.0000 648.0000 174.0000 681.0000 204.0000 1.5166 1.6268 3.7708 2.9807 1.5331 39.0367 1.5708 0.9997
Car 0.0000 0.0000 0.0000 220.0000 196.0000 275.0000 225.0000 1.5254 1.6534 3.9227 -21.0764 2.8418 42.1223 1.4607 0.9996
Car 0.0000 0.0000 0.0000 267.0000 192.0000 324.0000 221.0000 1.5164 1.6414 3.8784 -18.3075 2.6374 42.2033 1.5639 0.9995
Car 0.0000 0.0000 0.0000 183.0000 195.0000 234.0000 223.0000 1.5261 1.6491 3.8999 -23.8395 2.8141 43.0072 1.3351 0.9987
Car 0.0000 0.0000 0.0000 536.0000 186.0000 561.0000 203.0000 1.4990 1.6110 3.8491 -5.4559 2.5948 65.5593 -1.4758 0.9980
Car 0.0000 0.0000 0.0000 807.0000 167.0000 829.0000 185.0000 1.5019 1.5914 3.7228 18.5901 0.9545 63.9205 -1.3626 0.9958
Car 0.0000 0.0000 0.0000 1031.0000 214.0000 4900.0000 2198.0000 1.4987 1.5793 3.6644 3.3952 1.7381 2.4988 1.4950 0.9946
Car 0.0000 0.0000 0.0000 486.0000 176.0000 523.0000 201.0000 1.4944 1.5933 3.8277 -6.7056 1.6662 46.7682 1.5708 0.9861
Car 0.0000 0.0000 0.0000 527.0000 183.0000 553.0000 202.0000 1.5013 1.6030 3.8692 -5.7693 2.2744 60.8503 1.5708 0.9773
