Car 0.0000 0.0000 0.0000 718.0000 181.0000 925.0000 319.0000 1.5223 1.6097 3.5373 2.6438 1.6383 9.9318 1.5088 0.9997
Car 0.0000 0.0000 0.0000 600.0000 181.0000 658.0000 231.0000 1.5279 1.6173 3.5493 0.6006 1.7911 24.5689 1.5045 0.9997
Car 0.0000 0.0000 0.0000 645.0000 180.0000 699.0000 212.0000 1.5012 1.6011 3.7067 3.2170 1.8425 36.2967 -1.1555 0.9978
Car 0.0000 0.0000 0.0000 529.0000 180.0000 608.0000 210.0000 1.5372 1.6622 4.2396 -2.2047 1.8944 40.0260 -0.7274 0.9950
Car 0.0000 0.0000 0.0000 887.0000 176.0000 922.0000 197.0000 1.4969 1.6330 4.0806 21.5713 1.6326 52.3574 -0.9997 0.9944
Car 0.0000 0.0000 0.0000 705.0000 179.0000 769.0000 208.0000 1.4955 1.6271 3.9412 7.0411 1.7657 39.2806 -0.8648 0.9935
Car 0.0000 0.0000 0.0000 164.0000 173.0000 222.0000 207.0000 1.6234 1.6236 3.7276 -21.3253 1.6041 37.0452 1.3343 0.9932
Car 0.0000 0.0000 0.0000 892.0000 178.0000 944.0000 209.0000 1.5266 1.6279 4.0218 16.5242 1.7685 38.6368 -1.4041 0.9916
Car 0.0000 0.0000 0.0000 926.0000 173.0000 988.0000 197.0000 1.4750 1.6100 3.9626 22.8401 1.4561 47.1922 -0.4843 0.9878
Car 0.0000 0.0000 0.0000 764.0000 180.0000 825.0000 207.0000 1.4856 1.6277 4.0104 10.9404 1.8281 42.2420 -0.7804 0.9875
Car 0.0000 0.0000 0.0000 808.0000 174.0000 854.0000 199.0000 1.5011 1.6229 3.9420 13.9725 1.5261 45.1171 -0.9679 0.9863
Car 0.0000 0.0000 0.0000 937.0000 180.0000 975.0000 207.0000 1.4981 1.6230 3.9398 20.5333 1.8659 42.6605 -1.2274 0.9841
