Car 0.0000 0.0000 0.0000 43.0000 193.0000 169.0000 244.0000 1.5164 1.6831 4.3409 -17.2028 2.2233 24.8545 1.4662 0.9999
Car 0.0000 0.0000 0.0000 502.0000 187.0000 541.0000 215.0000 1.4947 1.6136 3.9654 -5.0301 2.2604 41.7880 1.5708 0.9953
Car 0.0000 0.0000 0.0000 333.0000 193.0000 372.0000 215.0000 1.5071 1.6505 4.1406 -19.5366 3.0233 55.0208 1.5239 0.9949
Car 0.0000 0.0000 0.0000 517.0000 184.0000 551.0000 207.0000 1.4941 1.6197 4.0746 -4.9951 2.1636 48.5239 1.5708 0.9943
Car 0.0000 0.0000 0.0000 373.0000 192.0000 409.0000 215.0000 1.4999 1.6216 3.9326 -15.9458 2.8963 52.9257 1.5346 0.9934
Car 0.0000 0.0000 0.0000 239.0000 195.0000 291.0000 225.0000 1.5026 1.6300 3.9863 -19.5739 2.7732 41.1263 1.3976 0.9929
Car 0.0000 0.0000 0.0000 908.0000 166.0000 953.0000 192.0000 1.6511 1.6653 4.2254 22.1532 1.1757 49.6721 -1.4463 0.9919
Car 0.0000 0.0000 0.0000 129.0000 194.0000 228.0000 237.0000 1.4947 1.6179 4.0107 -16.9190 2.3243 28.5031 1.5397 0.9901
Car 0.0000 0.0000 0.0000 27.0000 205.0000 98.0000 232.0000 1.5031 1.6432 3.9340 -34.4576 3.5125 45.5227 1.5377 0.9893
Car 0.0000 0.0000 0.0000 922.0000 178.0000 953.0000 199.0000 1.4880 1.6145 3.9395 24.8845 1.8359 54.4029 -1.0292 0.9881
Car 0.0000 0.0000 0.0000 482.0000 186.0000 524.0000 218.0000 1.5040 1.6371 4.0847 -5.3796 2.1222 36.8203 1.5465 0.9858
Car 0.0000 0.0000 0.0000 1125.0000 178.0000 1172.0000 207.0000 1.4846 1.6020 3.8139 29.3649 1.7131 39.2471 -1.0473 0.9845
Car 0.0000 0.0000 0.0000 281.0000 193.0000 330.0000 218.0000 1.4984 1.6298 4.0306 -19.6191 2.7648 46.7722 1.5231 0.9842
Car 0.0000 0.0000 0.0000 787.0000 181.0000 809.0000 200.0000 1.4955 1.6208 3.9580 16.0391 2.1095 61.0085 -1.3625 0.9827
Car 0.0000 0.0000 0.0000 751.0000 183.0000 773.0000 202.0000 1.4942 1.6258 4.0380 12.7027 2.2501 59.8092 -1.3841 0.9825
Car 0.0000 0.0000 0.0000 687.0000 183.0000 709.0000 201.0000 1.4921 1.6150 3.9563 7.5873 2.2342 61.0710 -1.3936 0.9809
Car 0.0000 0.0000 0.0000 1065.0000 174.0000 1108.0000 194.0000 1.4857 1.5937 3.8470 38.4936 1.5331 58.0155 -1.3493 0.9798
Car 0.0000 0.0000 0.0000 220.0000 195.0000 262.0000 222.0000 1.5012 1.6418 4.0361 -22.7217 2.8457 44.6073 1.2762 0.9798
Car 0.0000 0.0000 0.0000 912.0000 179.0000 962.0000 206.0000 1.4927 1.6082 3.8736 19.2492 1.8136 42.3440 -1.4253 0.9796
Car 0.0000 0.0000 0.0000 60.0000 200.0000 114.0000 223.0000 1.5080 1.6461 3.9848 -38.4642 3.5004 53.1764 1.4090 0.9768
