Car 0.0000 0.0000 0.0000 291.0000 191.0000 452.0000 300.0000 1.5254 1.6231 3.6101 -3.9535 1.8673 12.4744 1.5609 0.9998
Car 0.0000 0.0000 0.0000 649.0000 179.0000 706.0000 223.0000 1.5394 1.6339 3.6754 2.5233 1.7375 27.3191 1.5248 0.9998
Car 0.0000 0.0000 0.0000 -463.0000 200.0000 318.0000 617.0000 1.5140 1.6495 4.1928 -3.6210 1.7657 4.9942 1.5051 0.9995
Car 0.0000 0.0000 0.0000 813.0000 169.0000 994.0000 228.0000 1.5570 1.6936 4.3595 8.1166 1.4398 20.1667 0.0347 0.9995
Car 0.0000 0.0000 0.0000 738.0000 173.0000 852.0000 213.0000 1.5582 1.6797 4.2524 7.5472 1.5361 29.5522 0.0239 0.9993
Car 0.0000 0.0000 0.0000 412.0000 190.0000 474.0000 233.0000 1.5025 1.6140 3.8593 -6.4408 2.1520 28.2750 1.5442 0.9991
Car 0.0000 0.0000 0.0000 429.0000 181.0000 484.0000 219.0000 1.5019 1.6132 3.8439 -6.6139 1.8413 31.5912 1.5685 0.9990
Car 0.0000 0.0000 0.0000 774.0000 160.0000 924.0000 212.0000 1.5773 1.6912 4.3131 7.7247 1.1753 23.4636 0.0413 0.9988
Car 0.0000 0.0000 0.0000 950.0000 161.0000 987.0000 188.0000 1.4785 1.5952 3.8723 20.9711 0.7611 42.0720 -1.1904 0.9945
Car 0.0000 0.0000 0.0000 1047.0000 143.0000 1167.0000 191.0000 1.8500 1.7517 4.4715 20.8436 0.6745 30.3908 1.5051 0.9784
Car 0.0000 0.0000 0.0000 450.0000 173.0000 479.0000 195.0000 1.5422 1.6117 3.8459 -10.6489 1.4980 53.4222 1.4964 0.9767
Car 0.0000 0.0000 0.0000 -983.0000 145.0000 20.0000 468.0000 1.5161 1.6330 4.0744 -6.9141 1.3974 5.4864 1.4924 0.9604
