Car 0.0000 0.0000 0.0000 671.0000 183.0000 814.0000 284.0000 1.5451 1.6325 3.5520 2.2023 1.7151 12.9704 1.4894 0.9999
Car 0.0000 0.0000 0.0000 301.0000 182.0000 415.0000 261.0000 1.5410 1.6234 3.5609 -5.4849 1.7259 16.0445 1.4655 0.9997
Car 0.0000 0.0000 0.0000 540.0000 180.0000 583.0000 220.0000 1.5205 1.6067 3.5395 -1.9127 1.7702 29.5953 1.5502 0.9996
Car 0.0000 0.0000 0.0000 -170.0000 192.0000 279.0000 420.0000 1.5251 1.6451 3.9838 -4.9171 1.7525 7.1458 1.4863 0.9995
Car 0.0000 0.0000 0.0000 582.0000 180.0000 604.0000 201.0000 1.5070 1.6291 3.9471 -1.2268 1.9952 55.8242 1.5393 0.9992
Car 0.0000 0.0000 0.0000 176.0000 182.0000 302.0000 246.0000 1.5089 1.6283 3.9451 -9.8380 1.7419 19.4330 1.4882 0.9992
Car 0.0000 0.0000 0.0000 465.0000 178.0000 508.0000 205.0000 1.4985 1.6107 3.8514 -7.2256 1.7663 42.8496 1.5708 0.9991
Car 0.0000 0.0000 0.0000 390.0000 182.0000 463.0000 236.0000 1.5196 1.6027 3.5693 -5.5904 1.7749 22.3329 1.4973 0.9990
Car 0.0000 0.0000 0.0000 415.0000 180.0000 450.0000 201.0000 1.4983 1.5884 3.7027 -12.8812 1.9133 52.7389 1.5708 0.9979
Car 0.0000 0.0000 0.0000 525.0000 180.0000 562.0000 210.0000 1.4937 1.6113 3.9808 -3.4875 1.8549 38.9298 1.5708 0.9963
Car 0.0000 0.0000 0.0000 426.0000 179.0000 483.0000 218.0000 1.4950 1.5873 3.7524 -6.3990 1.7136 30.0955 1.5565 0.9942
Car 0.0000 0.0000 0.0000 -347.0000 109.0000 77.0000 262.0000 1.5882 1.6514 4.0522 -9.3532 0.9217 9.5881 1.5005 0.9937
Car 0.0000 0.0000 0.0000 367.0000 178.0000 415.0000 209.0000 1.5964 1.6523 4.1017 -11.8372 1.8129 39.2793 1.4973 0.9921
Car 0.0000 0.0000 0.0000 634.0000 180.0000 668.0000 206.0000 1.4951 1.5912 3.8188 2.5614 1.8428 43.2726 -1.3947 0.9611
