Car 0.0000 0.0000 0.0000 194.0000 157.0000 428.0000 235.0000 1.5923 1.7203 4.5050 -6.5228 1.2715 15.9685 0.0504 0.9998
Car 0.0000 0.0000 0.0000 4.0000 191.0000 325.0000 294.0000 1.5005 1.6759 4.2331 -7.1370 1.8154 11.7852 0.0084 0.9997
Car 0.0000 0.0000 0.0000 632.0000 176.0000 673.0000 211.0000 1.5081 1.6013 3.6390 1.9173 1.5974 32.9596 1.5581 0.9992
Car 0.0000 0.0000 0.0000 611.0000 178.0000 641.0000 206.0000 1.5049 1.6226 3.9172 1.0342 1.7757 42.2256 1.5708 0.9992
Car 0.0000 0.0000 0.0000 760.0000 177.0000 900.0000 237.0000 1.5103 1.6074 3.6498 6.1282 1.6240 20.4275 1.0390 0.9990
Car 0.0000 0.0000 0.0000 371.0000 178.0000 486.0000 220.0000 1.5950 1.6516 4.0820 -7.1332 1.7777 28.5579 0.1295 0.9984
Car 0.0000 0.0000 0.0000 453.0000 179.0000 504.0000 211.0000 1.4803 1.5969 3.9913 -6.5107 1.7629 36.3039 1.5708 0.9932
Car 0.0000 0.0000 0.0000 488.0000 180.0000 529.0000 204.0000 1.4934 1.5949 3.8206 -6.4714 1.8765 46.7559 -1.4135 0.9926
Car 0.0000 0.0000 0.0000 131.0000 189.0000 375.0000 275.0000 1.4842 1.6335 3.8537 -6.7078 1.7954 13.7532 0.0128 0.9924
Car 0.0000 0.0000 0.0000 316.0000 180.0000 447.0000 229.0000 1.5150 1.5959 3.7874 -7.4296 1.7435 23.5569 0.2255 0.9876
Car 0.0000 0.0000 0.0000 473.0000 183.0000 515.0000 211.0000 1.4976 1.5985 3.8766 -6.5798 2.0559 41.6271 1.5708 0.9834
Car 0.0000 0.0000 0.0000 478.0000 164.0000 508.0000 192.0000 1.8955 1.7619 4.3498 -8.3155 1.2551 52.0003 1.5087 0.9781
Car 0.0000 0.0000 0.0000 739.0000 133.0000 783.0000 175.0000 1.5479 1.6236 3.8153 6.1146 0.0154 29.2561 -1.3809 0.9667
