Car 0.0000 0.0000 0.0000 -45.0000 201.0000 198.0000 305.0000 1.5321 1.6567 4.0319 -9.7281 2.1042 13.5451 1.5498 0.9997
Car 0.0000 0.0000 0.0000 597.0000 179.0000 627.0000 203.0000 1.5019 1.6404 4.1044 0.1766 1.8172 46.4435 1.5034 0.9992
Car 0.0000 0.0000 0.0000 389.0000 184.0000 445.0000 217.0000 1.5158 1.6368 4.0837 -9.5458 2.0297 36.0220 1.5708 0.9992
Car 0.0000 0.0000 0.0000 84.0000 193.0000 135.0000 217.0000 1.5049 1.6151 3.9182 -34.3171 2.8721 49.5888 1.3085 0.9938
Car 0.0000 0.0000 0.0000 439.0000 189.0000 465.0000 206.0000 1.4995 1.6116 3.9160 -14.3017 2.8623 65.7383 1.5396 0.9937
Car 0.0000 0.0000 0.0000 48.0000 182.0000 191.0000 232.0000 1.5101 1.5963 3.7302 -16.5788 1.8102 24.5229 -1.0484 0.9894
Car 0.0000 0.0000 0.0000 196.0000 195.0000 237.0000 216.0000 1.4941 1.6134 3.9356 -30.2518 3.1608 55.5994 1.3928 0.9877
Car 0.0000 0.0000 0.0000 385.0000 178.0000 419.0000 199.0000 1.5027 1.6148 4.0219 -15.4883 1.7842 54.0990 1.5158 0.9867
Car 0.0000 0.0000 0.0000 865.0000 166.0000 896.0000 187.0000 1.5609 1.6199 3.8987 21.5248 0.9953 57.0715 -1.3741 0.9814
Car 0.0000 0.0000 0.0000 198.0000 171.0000 246.0000 194.0000 1.5119 1.5984 3.8522 -26.1413 1.3308 48.7310 1.4318 0.9736
Car 0.0000 0.0000 0.0000 7.0000 189.0000 61.0000 214.0000 1.5010 1.5956 3.7536 -37.2515 2.4768 46.7332 1.2328 0.9681
