Car 0.0000 0.0000 0.0000 563.0000 179.0000 622.0000 235.0000 1.5364 1.6061 3.3185 -0.5861 1.7107 21.8124 1.4946 0.9998
Car 0.0000 0.0000 0.0000 307.0000 182.0000 370.0000 217.0000 1.5158 1.6274 3.7829 -12.6063 1.8926 33.7979 1.5426 0.9997
Car 0.0000 0.0000 0.0000 176.0000 179.0000 445.0000 355.0000 1.6113 1.7043 4.4194 -3.3239 1.6841 8.9253 1.5150 0.9997
Car 0.0000 0.0000 0.0000 397.0000 185.0000 508.0000 265.0000 1.5239 1.6529 4.0213 -3.3764 1.7924 16.1197 1.5571 0.9996
Car 0.0000 0.0000 0.0000 148.0000 175.0000 299.0000 259.0000 1.5312 1.6119 3.6120 -7.9617 1.5762 15.1734 1.4502 0.9995
Car 0.0000 0.0000 0.0000 360.0000 180.0000 427.0000 224.0000 1.5091 1.6200 3.7945 -7.9596 1.7283 26.8363 1.5012 0.9994
Car 0.0000 0.0000 0.0000 479.0000 176.0000 506.0000 197.0000 1.5027 1.6137 3.8964 -8.7801 1.6854 54.7365 1.5151 0.9972
Car 0.0000 0.0000 0.0000 444.0000 184.0000 554.0000 226.0000 1.4663 1.5988 3.7614 -4.0855 1.8807 26.8359 0.1043 0.9962
Car 0.0000 0.0000 0.0000 538.0000 177.0000 565.0000 199.0000 1.5467 1.6245 4.0544 -4.2450 1.7984 53.6060 1.5708 0.9959
Car 0.0000 0.0000 0.0000 414.0000 175.0000 448.0000 197.0000 1.4947 1.5902 3.7686 -12.7616 1.5947 51.7995 1.5539 0.9948
Car 0.0000 0.0000 0.0000 575.0000 176.0000 600.0000 195.0000 1.4915 1.5973 3.8856 -1.6710 1.6406 58.7476 -1.4775 0.9871
