Car 0.0000 0.0000 0.0000 718.0000 180.0000 810.0000 247.0000 1.5267 1.6139 3.5149 3.8657 1.7030 18.5952 1.5708 0.9998
Car 0.0000 0.0000 0.0000 445.0000 184.0000 540.0000 249.0000 1.5130 1.6523 4.1078 -2.9764 1.7890 19.0527 1.5708 0.9998
Car 0.0000 0.0000 0.0000 223.0000 187.0000 450.0000 334.0000 1.5402 1.6515 3.8755 -3.4233 1.7404 9.7422 1.5544 0.9997
Car 0.0000 0.0000 0.0000 541.0000 182.0000 567.0000 205.0000 1.5124 1.6514 4.1096 -3.8687 2.0843 51.1024 1.5435 0.9997
Car 0.0000 0.0000 0.0000 494.0000 182.0000 556.0000 232.0000 1.5127 1.6248 3.9205 -2.7549 1.8025 24.2405 1.5708 0.9990
Car 0.0000 0.0000 0.0000 699.0000 175.0000 760.0000 224.0000 1.5118 1.5872 3.5199 3.9809 1.5655 24.4167 1.5708 0.9988
Car 0.0000 0.0000 0.0000 -259.0000 203.0000 348.0000 530.0000 1.5119 1.6089 3.7957 -3.5953 1.8041 5.5187 1.5708 0.9969
Car 0.0000 0.0000 0.0000 497.0000 165.0000 519.0000 186.0000 1.6769 1.6879 4.1883 -8.2945 0.9913 59.2059 1.4021 0.9898
Car 0.0000 0.0000 0.0000 556.0000 179.0000 581.0000 198.0000 1.4924 1.6069 3.9964 -3.2512 1.8842 58.6427 1.5708 0.9885
Car 0.0000 0.0000 0.0000 684.0000 169.0000 710.0000 189.0000 1.5218 1.6368 4.0786 7.0732 1.1694 57.9730 1.5708 0.9789
Car 0.0000 0.0000 0.0000 596.0000 176.0000 618.0000 195.0000 1.5078 1.6249 4.0553 -0.1833 1.6796 58.2681 1.5382 0.9770
Car 0.0000 0.0000 0.0000 633.0000 176.0000 654.0000 194.0000 1.4999 1.6052 3.9459 3.0466 1.6746 63.2684 1.5483 0.9666
