Car 0.0000 0.0000 0.0000 362.0000 177.0000 491.0000 220.0000 1.5268 1.7028 4.3715 -6.8212 1.6811 27.1134 0.0339 0.9999
Car 0.0000 0.0000 0.0000 148.0000 149.0000 385.0000 226.0000 1.5351 1.7032 4.3914 -7.4161 1.0601 15.7575 0.0444 0.9999
Car 0.0000 0.0000 0.0000 -163.0000 184.0000 261.0000 323.0000 1.4744 1.6346 3.9129 -6.6086 1.6262 8.7071 0.0309 0.9999
Car 0.0000 0.0000 0.0000 1034.0000 176.0000 1709.0000 371.0000 1.4688 1.6413 4.0357 6.2350 1.5083 6.3316 0.0571 0.9998
Car 0.0000 0.0000 0.0000 629.0000 181.0000 677.0000 217.0000 1.5201 1.6367 3.8346 1.9317 1.8310 32.7411 1.4923 0.9997
Car 0.0000 0.0000 0.0000 786.0000 182.0000 1025.0000 264.0000 1.5184 1.6348 4.1524 5.8519 1.7093 14.5824 -0.0139 0.9997
Car 0.0000 0.0000 0.0000 116.0000 186.0000 371.0000 273.0000 1.4766 1.6303 3.9755 -6.7807 1.7355 13.5633 0.0010 0.9993
Car 0.0000 0.0000 0.0000 402.0000 182.0000 506.0000 221.0000 1.5220 1.6165 3.8724 -6.3781 1.8793 29.6014 0.2652 0.9993
Car 0.0000 0.0000 0.0000 739.0000 173.0000 894.0000 234.0000 1.5024 1.6537 4.1085 5.5343 1.4921 19.7959 1.0560 0.9992
Car 0.0000 0.0000 0.0000 888.0000 178.0000 1070.0000 285.0000 1.4965 1.6259 4.0495 6.3412 1.5764 12.1706 -0.8030 0.9985
Car 0.0000 0.0000 0.0000 884.0000 186.0000 1261.0000 309.0000 1.4594 1.6181 3.9224 5.9165 1.6509 9.6430 0.0924 0.9981
Car 0.0000 0.0000 0.0000 -494.0000 175.0000 139.0000 385.0000 1.5405 1.6307 3.9624 -6.6040 1.5789 6.2564 0.0763 0.9978
Car 0.0000 0.0000 0.0000 384.0000 168.0000 432.0000 196.0000 1.5424 1.6295 3.9476 -11.6782 1.2179 42.0029 1.5708 0.9962
Car 0.0000 0.0000 0.0000 454.0000 170.0000 532.0000 199.0000 1.5293 1.6487 4.0893 -6.5433 1.3508 40.7501 0.0868 0.9933
Car 0.0000 0.0000 0.0000 606.0000 179.0000 635.0000 203.0000 1.5120 1.6203 4.0002 0.7540 1.8575 48.0162 1.5088 0.9603
