Car 0.0000 0.0000 0.0000 75.0000 184.0000 354.0000 274.0000 1.5059 1.6785 4.2324 -7.1693 1.7116 13.2883 0.0189 0.9997
Car 0.0000 0.0000 0.0000 233.0000 164.0000 449.0000 235.0000 1.5901 1.7353 4.6163 -6.4584 1.3923 17.5482 0.0481 0.9997
Car 0.0000 0.0000 0.0000 735.0000 177.0000 877.0000 234.0000 1.5801 1.6749 4.0890 5.9367 1.6848 22.2080 0.9740 0.9996
Car 0.0000 0.0000 0.0000 384.0000 178.0000 492.0000 218.0000 1.5325 1.6412 4.0159 -7.0178 1.7376 29.7032 0.0544 0.9995
Car 0.0000 0.0000 0.0000 -518.0000 192.0000 106.0000 407.0000 1.4866 1.5971 3.7224 -6.6380 1.6671 6.0456 0.0974 0.9994
Car 0.0000 0.0000 0.0000 634.0000 176.0000 670.0000 209.0000 1.4982 1.5898 3.6555 2.0797 1.6015 34.4111 -1.4793 0.9986
Car 0.0000 0.0000 0.0000 610.0000 178.0000 638.0000 204.0000 1.4990 1.6027 3.8128 0.8894 1.7309 43.6754 1.5688 0.9983
Car 0.0000 0.0000 0.0000 478.0000 175.0000 519.0000 205.0000 1.4957 1.5974 3.8781 -5.7771 1.5486 37.8412 1.5563 0.9929
Car 0.0000 0.0000 0.0000 191.0000 188.0000 394.0000 267.0000 1.5119 1.6264 3.8642 -6.7568 1.8350 15.3425 0.3250 0.9815
Car 0.0000 0.0000 0.0000 335.0000 184.0000 455.0000 228.0000 1.4940 1.5911 3.7303 -7.5312 1.8529 25.3986 0.1497 0.9745
Car 0.0000 0.0000 0.0000 725.0000 135.0000 767.0000 175.0000 1.5553 1.6276 3.7886 5.8649 0.0140 31.0962 -1.4190 0.9713
