Car 0.0000 0.0000 0.0000 270.0000 192.0000 457.0000 323.0000 1.5402 1.6350 3.6740 -3.4714 1.8522 10.7675 1.5367 0.9997
Car 0.0000 0.0000 0.0000 459.0000 167.0000 538.0000 233.0000 1.7728 1.7648 4.6496 -3.2853 1.6153 22.0964 1.5542 0.9997
Car 0.0000 0.0000 0.0000 729.0000 176.0000 858.0000 272.0000 1.5200 1.6048 3.5275 3.2130 1.5785 13.2770 1.5708 0.9997
Car 0.0000 0.0000 0.0000 537.0000 179.0000 565.0000 205.0000 1.5138 1.6308 3.8475 -3.4734 1.8081 43.5762 1.5127 0.9996
Car 0.0000 0.0000 0.0000 668.0000 178.0000 722.0000 224.0000 1.5278 1.6192 3.6511 3.0080 1.6716 25.8159 1.5708 0.9995
Car 0.0000 0.0000 0.0000 823.0000 184.0000 1150.0000 367.0000 1.5043 1.6067 3.7605 3.7050 1.6317 7.9479 1.5708 0.9994
Car 0.0000 0.0000 0.0000 -529.0000 197.0000 324.0000 692.0000 1.5299 1.6214 3.6944 -3.1560 1.7171 4.2782 1.4894 0.9994
Car 0.0000 0.0000 0.0000 985.0000 189.0000 2888.0000 1005.0000 1.5112 1.6317 3.9768 3.6570 1.6195 3.4082 1.5361 0.9993
Car 0.0000 0.0000 0.0000 684.0000 181.0000 778.0000 240.0000 1.4947 1.6048 3.9169 3.3173 1.6938 20.3564 1.4653 0.9980
Car 0.0000 0.0000 0.0000 644.0000 177.0000 673.0000 204.0000 1.4936 1.5963 3.7841 2.9742 1.7033 42.5124 -1.4826 0.9966
Car 0.0000 0.0000 0.0000 644.0000 175.0000 687.0000 205.0000 1.5008 1.6028 3.8535 2.9540 1.5583 38.1538 1.4683 0.9964
