Car 0.0000 0.0000 0.0000 -2.0000 190.0000 362.0000 391.0000 1.5404 1.6723 4.1443 -4.2236 1.7546 7.8879 1.5251 0.9999
Car 0.0000 0.0000 0.0000 345.0000 175.0000 455.0000 247.0000 1.5247 1.6396 3.9434 -4.8998 1.5620 17.2928 1.5236 0.9997
Car 0.0000 0.0000 0.0000 452.0000 179.0000 512.0000 224.0000 1.5207 1.6180 3.6885 -4.6238 1.7201 26.5474 1.5518 0.9996
Car 0.0000 0.0000 0.0000 578.0000 171.0000 616.0000 203.0000 1.5107 1.6294 3.9080 -0.5731 1.3982 36.5921 1.5708 0.9995
Car 0.0000 0.0000 0.0000 304.0000 178.0000 385.0000 227.0000 1.5058 1.6314 3.9360 -8.8607 1.6475 24.3450 1.4748 0.9994
Car 0.0000 0.0000 0.0000 440.0000 174.0000 479.0000 199.0000 1.5061 1.6162 3.8915 -9.4283 1.5285 45.7083 1.5708 0.9980
Car 0.0000 0.0000 0.0000 205.0000 175.0000 302.0000 222.0000 1.5163 1.6334 4.0410 -12.3851 1.5649 25.3400 1.5047 0.9958
Car 0.0000 0.0000 0.0000 68.0000 186.0000 267.0000 277.0000 1.4999 1.5895 3.6901 -8.3810 1.7557 14.0184 1.5708 0.9927
Car 0.0000 0.0000 0.0000 508.0000 163.0000 547.0000 203.0000 2.1859 1.8507 4.8436 -4.8593 1.6044 42.4702 1.3762 0.9917
Car 0.0000 0.0000 0.0000 -198.0000 193.0000 76.0000 294.0000 1.5177 1.6044 3.7909 -12.1643 1.9220 13.3951 1.5629 0.9888
Car 0.0000 0.0000 0.0000 28.0000 179.0000 122.0000 219.0000 1.5159 1.5868 3.7315 -21.7452 1.7304 29.4675 1.4048 0.9844
Car 0.0000 0.0000 0.0000 482.0000 158.0000 507.0000 182.0000 1.9936 1.8189 4.6606 -9.6054 0.6957 60.8391 1.4754 0.9723
Car 0.0000 0.0000 0.0000 567.0000 175.0000 585.0000 191.0000 1.5102 1.6091 3.8528 -3.0573 1.5777 67.7216 1.5450 0.9614
