Car 0.0000 0.0000 0.0000 38.0000 203.0000 314.0000 344.0000 1.5342 1.6568 3.9022 -5.9988 2.0320 10.5236 1.5708 0.9999
Car 0.0000 0.0000 0.0000 446.0000 189.0000 501.0000 226.0000 1.5083 1.6472 4.0084 -6.2188 2.2570 33.3642 1.5708 0.9997
Car 0.0000 0.0000 0.0000 198.0000 196.0000 261.0000 227.0000 1.5271 1.6758 4.1288 -20.9627 2.7986 39.9285 1.4593 0.9996
Car 0.0000 0.0000 0.0000 246.0000 194.0000 304.0000 225.0000 1.5199 1.6503 3.9333 -18.4800 2.6738 40.0369 1.4931 0.9996
Car 0.0000 0.0000 0.0000 815.0000 180.0000 1212.0000 429.0000 1.5098 1.5956 3.5474 2.9421 1.5723 6.2007 1.5708 0.9995
Car 0.0000 0.0000 0.0000 648.0000 174.0000 687.0000 206.0000 1.5166 1.6239 3.7952 2.9583 1.5365 36.8186 1.5634 0.9993
Car 0.0000 0.0000 0.0000 111.0000 200.0000 173.0000 231.0000 1.5200 1.6389 3.9025 -26.3417 3.0574 40.7482 1.3744 0.9935
Car 0.0000 0.0000 0.0000 478.0000 187.0000 522.0000 218.0000 1.5139 1.6152 3.8811 -5.8031 2.2649 38.7405 1.5708 0.9918
Car 0.0000 0.0000 0.0000 396.0000 188.0000 444.0000 233.0000 1.4965 1.6067 3.9629 -7.1373 2.0367 26.9697 1.2995 0.9910
Car 0.0000 0.0000 0.0000 156.0000 197.0000 223.0000 228.0000 1.5235 1.6733 4.1833 -23.6867 2.8868 40.8092 1.4702 0.9742
