Car 0.0000 0.0000 0.0000 578.0000 176.0000 613.0000 209.0000 1.5465 1.6225 3.5602 -0.6444 1.6411 35.6837 1.5659 0.9998
Car 0.0000 0.0000 0.0000 420.0000 179.0000 499.0000 232.0000 1.5284 1.6473 3.8562 -4.6100 1.6853 22.6449 1.5708 0.9997
Car 0.0000 0.0000 0.0000 264.0000 179.0000 421.0000 277.0000 1.5240 1.6187 3.6561 -4.6791 1.6175 13.0851 1.5309 0.9997
Car 0.0000 0.0000 0.0000 -74.0000 185.0000 206.0000 304.0000 1.5238 1.6491 4.0060 -8.4228 1.7340 11.6261 1.5207 0.9996
Car 0.0000 0.0000 0.0000 130.0000 181.0000 248.0000 238.0000 1.5162 1.6256 3.8250 -12.3224 1.7224 21.3407 1.4487 0.9994
Car 0.0000 0.0000 0.0000 -1823.0000 208.0000 166.0000 1053.0000 1.5109 1.6358 4.0279 -4.1906 1.7650 3.4830 1.5283 0.9994
Car 0.0000 0.0000 0.0000 239.0000 180.0000 328.0000 240.0000 1.4968 1.6103 3.9812 -9.0919 1.6906 20.3551 1.3262 0.9967
Car 0.0000 0.0000 0.0000 412.0000 178.0000 443.0000 199.0000 1.5091 1.6253 3.9198 -13.4445 1.8200 53.5731 1.4674 0.9958
Car 0.0000 0.0000 0.0000 430.0000 176.0000 473.0000 203.0000 1.5011 1.6210 3.9897 -8.9840 1.6141 41.3861 1.5708 0.9955
Car 0.0000 0.0000 0.0000 498.0000 163.0000 541.0000 204.0000 2.0718 1.8388 4.7135 -4.7251 1.5221 38.5208 1.5400 0.9798
Car 0.0000 0.0000 0.0000 396.0000 169.0000 503.0000 209.0000 1.5311 1.6241 3.9424 -6.4706 1.3632 29.3946 0.0969 0.9738
