Car 0.0000 0.0000 0.0000 648.0000 174.0000 739.0000 242.0000 1.5450 1.6637 4.0008 2.0211 1.5603 18.4293 1.5250 0.9999
Car 0.0000 0.0000 0.0000 203.0000 185.0000 428.0000 263.0000 1.5132 1.6538 4.0857 -6.1286 1.7692 15.2320 0.0391 0.9998
Car 0.0000 0.0000 0.0000 637.0000 176.0000 674.0000 211.0000 1.5041 1.6233 3.8832 2.1147 1.6242 33.7042 1.5708 0.9996
Car 0.0000 0.0000 0.0000 74.0000 169.0000 358.0000 263.0000 1.5384 1.6720 4.2014 -6.8819 1.4825 12.7812 0.0887 0.9995
Car 0.0000 0.0000 0.0000 278.0000 173.0000 435.0000 229.0000 1.5109 1.6302 3.9257 -7.1804 1.5201 20.5898 0.0856 0.9992
Car 0.0000 0.0000 0.0000 1109.0000 149.0000 2068.0000 424.0000 1.4370 1.5917 3.7882 5.8807 1.3353 4.9059 0.1886 0.9989
Car 0.0000 0.0000 0.0000 631.0000 157.0000 665.0000 187.0000 1.5191 1.6176 3.8814 2.0680 0.6740 38.8334 1.5708 0.9969
Car 0.0000 0.0000 0.0000 671.0000 171.0000 691.0000 190.0000 1.5541 1.6340 4.0473 6.0813 1.2993 60.5070 -1.4663 0.9734
Car 0.0000 0.0000 0.0000 469.0000 170.0000 504.0000 200.0000 1.5207 1.6179 4.0229 -6.4660 1.3337 38.1893 1.4494 0.9722
Car 0.0000 0.0000 0.0000 490.0000 166.0000 522.0000 198.0000 1.9370 1.7730 4.5809 -6.5646 1.4736 45.6759 1.3927 0.9605
