Car 0.0000 0.0000 0.0000 663.0000 178.0000 748.0000 242.0000 1.5447 1.6383 3.7222 2.4640 1.6722 19.4048 1.5351 0.9998
Car 0.0000 0.0000 0.0000 89.0000 191.0000 375.0000 288.0000 1.4421 1.6178 3.8824 -6.1011 1.7465 11.8515 0.0295 0.9998
Car 0.0000 0.0000 0.0000 742.0000 182.0000 981.0000 344.0000 1.5285 1.5970 3.3732 2.6955 1.6342 8.5893 1.5535 0.9998
Car 0.0000 0.0000 0.0000 -276.0000 200.0000 226.0000 392.0000 1.5566 1.6581 4.0969 -6.2858 1.8562 7.2356 0.1980 0.9995
Car 0.0000 0.0000 0.0000 373.0000 183.0000 484.0000 223.0000 1.5383 1.6466 4.0068 -7.2609 1.9157 29.0363 0.1006 0.9990
Car 0.0000 0.0000 0.0000 253.0000 191.0000 443.0000 259.0000 1.4861 1.6190 3.9206 -6.1412 1.9144 17.0722 0.0990 0.9989
Car 0.0000 0.0000 0.0000 631.0000 179.0000 657.0000 203.0000 1.4988 1.6067 3.8138 2.4127 1.8609 48.5490 1.5708 0.9985
Car 0.0000 0.0000 0.0000 296.0000 187.0000 463.0000 247.0000 1.5702 1.6476 4.0505 -6.2826 1.9444 19.8637 0.0986 0.9985
Car 0.0000 0.0000 0.0000 652.0000 180.0000 712.0000 227.0000 1.4986 1.5996 3.8297 2.4846 1.7263 25.4556 1.5455 0.9958
Car 0.0000 0.0000 0.0000 181.0000 185.0000 409.0000 265.0000 1.5024 1.6230 3.9410 -6.2945 1.7475 14.5966 0.0646 0.9795
Car 0.0000 0.0000 0.0000 645.0000 176.0000 683.0000 210.0000 1.5141 1.5836 3.5709 2.5893 1.6478 34.6852 1.5708 0.9652
