Car 0.0000 0.0000 0.0000 835.0000 170.0000 1121.0000 261.0000 1.4756 1.6676 4.1584 6.2803 1.4355 12.6903 0.0618 0.9999
Car 0.0000 0.0000 0.0000 82.0000 181.0000 348.0000 273.0000 1.4659 1.6181 3.8164 -6.8412 1.6194 12.6830 0.0357 0.9999
Car 0.0000 0.0000 0.0000 -8.0000 178.0000 363.0000 298.0000 1.5226 1.6867 4.2794 -5.9480 1.6006 10.1384 0.0578 0.9997
Car 0.0000 0.0000 0.0000 762.0000 190.0000 1059.0000 381.0000 1.5155 1.6014 3.5701 2.8536 1.7253 7.7734 1.5410 0.9997
Car 0.0000 0.0000 0.0000 435.0000 171.0000 525.0000 202.0000 1.5088 1.6551 4.1360 -6.3891 1.3731 35.9610 0.0625 0.9997
Car 0.0000 0.0000 0.0000 331.0000 163.0000 477.0000 212.0000 1.5615 1.7009 4.4279 -6.9118 1.2179 24.4746 0.0394 0.9997
Car 0.0000 0.0000 0.0000 637.0000 177.0000 669.0000 205.0000 1.5073 1.6298 3.8950 2.5078 1.7188 41.5139 1.5708 0.9996
Car 0.0000 0.0000 0.0000 193.0000 178.0000 411.0000 256.0000 1.5291 1.6227 3.8873 -6.3760 1.6310 15.0739 0.0888 0.9993
Car 0.0000 0.0000 0.0000 -237.0000 162.0000 277.0000 329.0000 1.5796 1.6801 4.2779 -6.1386 1.4907 7.7559 0.0486 0.9991
Car 0.0000 0.0000 0.0000 264.0000 180.0000 441.0000 244.0000 1.4701 1.5919 3.7482 -6.2072 1.6353 17.5874 0.0473 0.9988
Car 0.0000 0.0000 0.0000 701.0000 181.0000 820.0000 224.0000 1.4702 1.6142 3.9079 5.4484 1.7354 26.0839 0.4912 0.9985
Car 0.0000 0.0000 0.0000 773.0000 175.0000 848.0000 237.0000 1.4925 1.6203 4.0707 5.3036 1.5454 19.4609 -1.3758 0.9979
Car 0.0000 0.0000 0.0000 719.0000 181.0000 852.0000 231.0000 1.4855 1.6229 4.0254 5.7599 1.7386 23.5265 -0.3868 0.9964
Car 0.0000 0.0000 0.0000 704.0000 173.0000 815.0000 215.0000 1.5271 1.6407 4.0218 5.7982 1.5284 28.1777 0.0544 0.9886
Car 0.0000 0.0000 0.0000 519.0000 168.0000 548.0000 192.0000 1.6227 1.6624 4.1749 -5.2375 1.2305 50.6396 1.5548 0.9881
Car 0.0000 0.0000 0.0000 625.0000 172.0000 647.0000 192.0000 1.5093 1.6148 3.9552 2.1802 1.3477 56.9692 1.5708 0.9850
Car 0.0000 0.0000 0.0000 329.0000 178.0000 463.0000 229.0000 1.4995 1.5821 3.6840 -6.6301 1.6457 22.5018 0.1834 0.9829
Car 0.0000 0.0000 0.0000 843.0000 172.0000 968.0000 254.0000 1.5190 1.6221 4.0117 6.1332 1.5050 15.4107 -1.3982 0.9664
Car 0.0000 0.0000 0.0000 -345.0000 185.0000 176.0000 480.0000 1.5502 1.6342 4.0583 -5.4082 1.6555 5.4795 0.4728 0.9657
Car 0.0000 0.0000 0.0000 436.0000 165.0000 468.0000 189.0000 1.6110 1.6522 4.0698 -11.0079 1.0126 50.8420 1.4988 0.9647
