Car 0.0000 0.0000 0.0000 541.0000 182.0000 561.0000 201.0000 1.5213 1.6392 3.8605 -4.9229 2.1990 61.4323 1.4879 0.9997
Car 0.0000 0.0000 0.0000 262.0000 189.0000 436.0000 295.0000 1.5334 1.6593 4.0782 -4.4591 1.8381 12.9179 1.5628 0.9997
Car 0.0000 0.0000 0.0000 440.0000 182.0000 513.0000 228.0000 1.5848 1.6782 4.1340 -4.8933 1.8945 27.1049 1.5708 0.9997
Car 0.0000 0.0000 0.0000 662.0000 178.0000 725.0000 229.0000 1.5420 1.6044 3.4288 2.6620 1.6720 23.4698 1.5613 0.9996
Car 0.0000 0.0000 0.0000 758.0000 175.0000 1028.0000 359.0000 1.5429 1.5993 3.3615 2.7037 1.5724 7.7540 1.5708 0.9995
Car 0.0000 0.0000 0.0000 -1187.0000 208.0000 203.0000 848.0000 1.5128 1.6286 3.9529 -4.1017 1.7865 3.9175 1.5124 0.9993
Car 0.0000 0.0000 0.0000 503.0000 181.0000 542.0000 208.0000 1.5026 1.6217 3.9452 -5.0655 1.9519 42.6500 1.5708 0.9990
Car 0.0000 0.0000 0.0000 746.0000 193.0000 769.0000 214.0000 1.5049 1.6423 4.0598 11.4129 2.9822 54.9932 -1.3460 0.9948
Car 0.0000 0.0000 0.0000 635.0000 178.0000 657.0000 195.0000 1.4999 1.6211 4.0065 3.3525 1.8287 63.8319 -1.4474 0.9935
Car 0.0000 0.0000 0.0000 378.0000 157.0000 474.0000 191.0000 1.6934 1.7393 4.5869 -9.6486 0.8656 38.1121 0.0802 0.9746
