Car 0.0000 0.0000 0.0000 226.0000 188.0000 418.0000 299.0000 1.5108 1.6655 4.2150 -4.6989 1.7932 12.4060 1.5592 0.9998
Car 0.0000 0.0000 0.0000 753.0000 181.0000 901.0000 280.0000 1.5103 1.6076 3.6635 3.7129 1.6435 12.9934 1.5708 0.9997
Car 0.0000 0.0000 0.0000 370.0000 185.0000 479.0000 255.0000 1.5257 1.6381 3.8859 -4.5088 1.8110 18.0050 1.5708 0.9996
Car 0.0000 0.0000 0.0000 850.0000 184.0000 1222.0000 395.0000 1.5289 1.6372 3.8312 3.7585 1.6498 7.2501 1.5708 0.9995
Car 0.0000 0.0000 0.0000 714.0000 177.0000 818.0000 247.0000 1.5313 1.6339 3.8305 3.7238 1.6257 17.8198 1.5409 0.9995
Car 0.0000 0.0000 0.0000 434.0000 182.0000 509.0000 235.0000 1.5044 1.6435 4.1989 -4.3386 1.7944 23.2062 1.5603 0.9993
Car 0.0000 0.0000 0.0000 517.0000 183.0000 558.0000 213.0000 1.4934 1.6151 3.9265 -3.8236 2.0256 39.2174 1.5708 0.9979
Car 0.0000 0.0000 0.0000 695.0000 176.0000 738.0000 217.0000 1.4988 1.5869 3.5938 4.1990 1.5875 28.5366 -1.4466 0.9975
Car 0.0000 0.0000 0.0000 705.0000 181.0000 763.0000 232.0000 1.4970 1.5769 3.5902 3.9138 1.7194 23.0624 -1.4698 0.9968
Car 0.0000 0.0000 0.0000 -16484.0000 -5668.0000 1381.0000 4828.0000 1.6293 1.6840 4.3511 3.4134 0.9569 2.0039 1.5708 0.9871
Car 0.0000 0.0000 0.0000 1055.0000 145.0000 1201.0000 202.0000 1.5327 1.5990 3.7480 15.1418 0.7585 21.2981 1.5708 0.9707
