Car 0.0000 0.0000 0.0000 438.0000 183.0000 531.0000 252.0000 1.5407 1.6661 4.0643 -3.0861 1.7870 18.4671 1.5690 0.9999
Car 0.0000 0.0000 0.0000 713.0000 184.0000 880.0000 298.0000 1.5059 1.6461 4.0972 2.8010 1.6875 11.7986 1.5684 0.9998
Car 0.0000 0.0000 0.0000 678.0000 177.0000 763.0000 243.0000 1.5288 1.6183 3.7509 2.7874 1.6260 18.8146 1.5693 0.9993
Car 0.0000 0.0000 0.0000 642.0000 175.0000 665.0000 194.0000 1.4995 1.6082 3.8493 3.6690 1.5850 58.2394 -1.4349 0.9986
Car 0.0000 0.0000 0.0000 528.0000 180.0000 577.0000 214.0000 1.4948 1.6018 3.8096 -2.5827 1.7656 33.6392 -1.4531 0.9984
Car 0.0000 0.0000 0.0000 648.0000 174.0000 684.0000 205.0000 1.5070 1.6215 4.0140 2.9660 1.5418 38.1500 1.5708 0.9972
Car 0.0000 0.0000 0.0000 736.0000 125.0000 801.0000 168.0000 1.5788 1.6430 3.9197 6.3936 -0.2729 29.2137 1.5408 0.9955
Car 0.0000 0.0000 0.0000 666.0000 180.0000 719.0000 229.0000 1.5024 1.5859 3.6328 2.6902 1.7038 23.8836 1.5708 0.9930
Car 0.0000 0.0000 0.0000 491.0000 170.0000 552.0000 217.0000 1.5085 1.5937 3.7323 -3.0435 1.4122 25.5110 1.5708 0.9903
Car 0.0000 0.0000 0.0000 557.0000 176.0000 600.0000 204.0000 1.4868 1.5818 3.7797 -1.6738 1.6133 40.8044 -1.3873 0.9854
Car 0.0000 0.0000 0.0000 595.0000 167.0000 627.0000 196.0000 1.5563 1.6364 4.0728 0.0738 1.2153 40.7780 1.5216 0.9647
