Car 0.0000 0.0000 0.0000 583.0000 177.0000 663.0000 254.0000 1.5481 1.6032 3.3236 0.2523 1.6364 16.3424 1.5688 0.9998
Car 0.0000 0.0000 0.0000 400.0000 178.0000 493.0000 239.0000 1.5229 1.6515 4.0388 -4.4541 1.6516 20.1917 1.5708 0.9997
Car 0.0000 0.0000 0.0000 161.0000 182.0000 285.0000 260.0000 1.5302 1.6044 3.4446 -8.5167 1.7118 16.1182 1.3439 0.9997
Car 0.0000 0.0000 0.0000 217.0000 189.0000 409.0000 303.0000 1.5295 1.6485 4.0741 -4.7416 1.8135 12.1008 1.5395 0.9996
Car 0.0000 0.0000 0.0000 368.0000 177.0000 436.0000 216.0000 1.5009 1.6189 3.8934 -8.3592 1.6187 29.2786 1.5708 0.9993
Car 0.0000 0.0000 0.0000 -65.0000 189.0000 132.0000 267.0000 1.5037 1.6300 4.0288 -13.0058 1.8902 16.5690 1.4755 0.9991
Car 0.0000 0.0000 0.0000 480.0000 178.0000 537.0000 220.0000 1.5587 1.6868 4.4083 -4.0273 1.7466 29.4724 1.5708 0.9989
Car 0.0000 0.0000 0.0000 293.0000 176.0000 388.0000 209.0000 1.5428 1.6311 3.9692 -12.8549 1.6492 34.6049 0.0607 0.9953
Car 0.0000 0.0000 0.0000 68.0000 186.0000 189.0000 236.0000 1.5259 1.6316 3.9923 -16.2616 1.9544 24.5941 1.5147 0.9898
Car 0.0000 0.0000 0.0000 250.0000 179.0000 330.0000 220.0000 1.4976 1.5973 3.8798 -12.5157 1.7015 28.4647 1.5215 0.9881
