Car 0.0000 0.0000 0.0000 562.0000 180.0000 623.0000 240.0000 1.5555 1.6006 3.0851 -0.5152 1.7413 20.5786 1.5384 0.9999
Car 0.0000 0.0000 0.0000 323.0000 185.0000 479.0000 297.0000 1.5260 1.6077 3.4816 -3.2708 1.7253 11.8484 1.5560 0.9997
Car 0.0000 0.0000 0.0000 -265.0000 189.0000 373.0000 544.0000 1.5358 1.6547 4.0170 -3.2314 1.6846 5.2845 1.5504 0.9997
Car 0.0000 0.0000 0.0000 323.0000 180.0000 376.0000 213.0000 1.5175 1.6342 3.7714 -12.8394 1.8214 35.8237 1.4655 0.9996
Car 0.0000 0.0000 0.0000 207.0000 184.0000 343.0000 257.0000 1.5285 1.5976 3.3644 -7.7464 1.7738 16.9642 1.5708 0.9994
Car 0.0000 0.0000 0.0000 500.0000 177.0000 551.0000 216.0000 1.5031 1.6158 3.9230 -3.4527 1.6628 30.4334 1.5708 0.9987
Car 0.0000 0.0000 0.0000 376.0000 173.0000 438.0000 213.0000 1.4970 1.6054 3.9105 -8.1114 1.4676 29.1629 1.5211 0.9952
Car 0.0000 0.0000 0.0000 532.0000 158.0000 556.0000 179.0000 1.5539 1.6533 4.0571 -5.1407 0.3641 56.7979 1.4127 0.9901
Car 0.0000 0.0000 0.0000 435.0000 181.0000 504.0000 245.0000 1.5033 1.6196 3.9643 -3.7495 1.7043 19.1929 1.3711 0.9888
Car 0.0000 0.0000 0.0000 198.0000 174.0000 276.0000 210.0000 1.5590 1.6117 3.8463 -17.0983 1.5794 33.2686 1.5683 0.9637
