Car 0.0000 0.0000 0.0000 -108.0000 194.0000 252.0000 361.0000 1.5219 1.6506 4.0764 -6.2943 1.8177 9.0565 1.5191 0.9998
Car 0.0000 0.0000 0.0000 492.0000 180.0000 539.0000 217.0000 1.5099 1.6447 4.0075 -4.0346 1.7692 31.4148 1.5420 0.9997
Car 0.0000 0.0000 0.0000 622.0000 175.0000 654.0000 199.0000 1.5134 1.6410 3.9228 1.9093 1.5849 48.0318 1.4724 0.9996
Car 0.0000 0.0000 0.0000 211.0000 190.0000 368.0000 276.0000 1.5249 1.6562 4.1475 -6.6365 1.9001 15.3998 1.5295 0.9996
Car 0.0000 0.0000 0.0000 526.0000 179.0000 558.0000 206.0000 1.4957 1.6073 3.8914 -3.9961 1.8353 43.6103 1.5612 0.9980
Car 0.0000 0.0000 0.0000 1092.0000 152.0000 1229.0000 202.0000 1.4944 1.6095 3.9404 18.0721 0.8448 23.8623 1.5708 0.9971
Car 0.0000 0.0000 0.0000 470.0000 185.0000 511.0000 213.0000 1.5012 1.6287 4.0885 -6.7002 2.1280 41.1701 1.5708 0.9963
Car 0.0000 0.0000 0.0000 709.0000 169.0000 785.0000 197.0000 1.5322 1.6517 4.0986 7.8249 1.2982 41.1161 0.1110 0.9912
Car 0.0000 0.0000 0.0000 382.0000 181.0000 454.0000 228.0000 1.5204 1.6454 4.1443 -6.8054 1.7827 25.9274 1.5269 0.9828
Car 0.0000 0.0000 0.0000 623.0000 177.0000 698.0000 204.0000 1.5406 1.6569 4.2060 3.0153 1.7344 41.9415 0.1658 0.9719
