Car 0.0000 0.0000 0.0000 201.0000 178.0000 406.0000 255.0000 1.5090 1.6321 3.9307 -6.5471 1.6169 15.7705 -0.2636 0.9999
Car 0.0000 0.0000 0.0000 716.0000 183.0000 892.0000 300.0000 1.5216 1.6117 3.5759 2.8328 1.6806 11.3649 1.5144 0.9998
Car 0.0000 0.0000 0.0000 330.0000 152.0000 471.0000 200.0000 1.5804 1.6953 4.3715 -7.1781 0.8590 24.9660 0.0425 0.9997
Car 0.0000 0.0000 0.0000 -141.0000 185.0000 312.0000 332.0000 1.5150 1.6657 4.1802 -5.9842 1.6758 8.4834 0.0352 0.9997
Car 0.0000 0.0000 0.0000 -469.0000 172.0000 154.0000 403.0000 1.5785 1.6692 4.1182 -6.3793 1.5961 6.1145 0.1832 0.9996
Car 0.0000 0.0000 0.0000 417.0000 172.0000 510.0000 205.0000 1.5331 1.6528 4.1113 -6.9587 1.4518 34.6225 0.0837 0.9994
Car 0.0000 0.0000 0.0000 503.0000 172.0000 534.0000 200.0000 1.5125 1.5987 3.5997 -5.1687 1.4014 40.8428 1.4154 0.9989
Car 0.0000 0.0000 0.0000 787.0000 179.0000 966.0000 242.0000 1.4923 1.6326 4.0003 6.7368 1.6526 18.4852 0.0317 0.9989
Car 0.0000 0.0000 0.0000 748.0000 176.0000 903.0000 230.0000 1.5166 1.6473 4.0872 6.2504 1.5871 21.1660 0.0564 0.9981
Car 0.0000 0.0000 0.0000 637.0000 163.0000 679.0000 207.0000 2.1614 1.8594 4.8302 2.5208 1.6381 37.9722 1.5667 0.9974
Car 0.0000 0.0000 0.0000 78.0000 187.0000 341.0000 307.0000 1.5016 1.5841 3.7594 -6.0115 1.7165 10.7036 0.4685 0.9973
Car 0.0000 0.0000 0.0000 699.0000 181.0000 812.0000 222.0000 1.5231 1.6509 4.1505 5.8099 1.8119 28.9218 0.6868 0.9966
Car 0.0000 0.0000 0.0000 320.0000 177.0000 464.0000 228.0000 1.5334 1.6344 4.0625 -6.8729 1.6524 22.8498 0.1692 0.9730
