Car 0.0000 0.0000 0.0000 902.0000 186.0000 1442.0000 366.0000 1.5259 1.6833 4.2759 5.5069 1.6750 7.8289 0.4333 0.9998
Car 0.0000 0.0000 0.0000 627.0000 180.0000 689.0000 226.0000 1.5206 1.6361 3.7921 1.6859 1.7515 26.0394 1.4858 0.9998
Car 0.0000 0.0000 0.0000 824.0000 174.0000 1165.0000 293.0000 1.5131 1.6587 4.1420 5.3921 1.5481 10.6700 0.3692 0.9997
Car 0.0000 0.0000 0.0000 779.0000 170.0000 1059.0000 261.0000 1.5155 1.6979 4.3501 5.4465 1.4690 13.1060 0.0171 0.9996
Car 0.0000 0.0000 0.0000 -220.0000 140.0000 243.0000 289.0000 1.6294 1.7149 4.4607 -7.2118 1.2860 8.9011 0.0622 0.9995
Car 0.0000 0.0000 0.0000 -523.0000 134.0000 164.0000 346.0000 1.6798 1.7438 4.6939 -7.0495 1.3957 6.7026 0.0551 0.9995
Car 0.0000 0.0000 0.0000 612.0000 180.0000 643.0000 208.0000 1.5083 1.6321 3.9781 1.0183 1.8678 41.4054 1.5672 0.9993
Car 0.0000 0.0000 0.0000 277.0000 177.0000 447.0000 235.0000 1.5530 1.6725 4.2178 -6.9501 1.6510 20.4167 0.0577 0.9988
Car 0.0000 0.0000 0.0000 408.0000 171.0000 503.0000 205.0000 1.5316 1.6421 4.0302 -7.1487 1.4134 33.7612 0.0997 0.9895
Car 0.0000 0.0000 0.0000 325.0000 184.0000 467.0000 236.0000 1.5515 1.6367 3.9652 -6.6931 1.8920 22.7674 0.0837 0.9877
