Car 0.0000 0.0000 0.0000 236.0000 197.0000 399.0000 286.0000 1.5269 1.6568 4.0603 -5.9984 2.0812 15.2738 1.5708 0.9997
Car 0.0000 0.0000 0.0000 381.0000 182.0000 455.0000 234.0000 1.5094 1.6451 4.0414 -6.1141 1.7957 23.4058 1.4863 0.9997
Car 0.0000 0.0000 0.0000 716.0000 177.0000 864.0000 278.0000 1.5411 1.6087 3.4836 3.0431 1.6166 12.9408 1.5190 0.9997
Car 0.0000 0.0000 0.0000 -13.0000 200.0000 278.0000 347.0000 1.5154 1.6027 3.6066 -6.1619 1.9221 9.7865 1.5666 0.9995
Car 0.0000 0.0000 0.0000 552.0000 179.0000 584.0000 200.0000 1.5125 1.6678 4.3675 -3.0717 1.9053 54.8515 -1.4429 0.9989
Car 0.0000 0.0000 0.0000 523.0000 179.0000 552.0000 200.0000 1.5131 1.6528 4.2105 -5.5298 1.9172 56.0979 1.5708 0.9985
Car 0.0000 0.0000 0.0000 476.0000 186.0000 520.0000 215.0000 1.5109 1.6130 3.7696 -6.1156 2.1617 39.4911 1.2127 0.9966
Car 0.0000 0.0000 0.0000 638.0000 178.0000 660.0000 196.0000 1.5005 1.6076 3.8589 3.4979 1.8330 62.2433 1.5561 0.9963
Car 0.0000 0.0000 0.0000 429.0000 187.0000 489.0000 227.0000 1.4931 1.5895 3.8008 -6.1326 2.0769 29.7844 1.5708 0.9888
Car 0.0000 0.0000 0.0000 949.0000 171.0000 1030.0000 201.0000 1.4875 1.5910 3.8882 19.6044 1.3450 37.0456 -0.4224 0.9822
Car 0.0000 0.0000 0.0000 366.0000 177.0000 405.0000 213.0000 1.5773 1.6302 4.0460 -10.4754 1.7227 33.7887 1.2840 0.9690
