Car 0.0000 0.0000 0.0000 650.0000 145.0000 747.0000 216.0000 1.8697 1.8298 4.8900 2.5193 1.1162 21.6596 1.4673 0.9999
Car 0.0000 0.0000 0.0000 339.0000 177.0000 480.0000 226.0000 1.5430 1.6652 4.1252 -6.5224 1.6576 23.6895 0.1158 0.9998
Car 0.0000 0.0000 0.0000 721.0000 181.0000 891.0000 300.0000 1.5823 1.6462 3.9694 2.9288 1.7009 11.6860 1.5693 0.9994
Car 0.0000 0.0000 0.0000 299.0000 172.0000 448.0000 225.0000 1.4837 1.6160 3.8639 -6.8936 1.4459 21.2090 0.0539 0.9990
Car 0.0000 0.0000 0.0000 469.0000 172.0000 547.0000 199.0000 1.5639 1.7051 4.4258 -6.0273 1.4504 43.4219 0.0314 0.9990
Car 0.0000 0.0000 0.0000 637.0000 177.0000 673.0000 205.0000 1.4912 1.6075 3.9034 2.5844 1.6437 39.5517 -1.4165 0.9988
Car 0.0000 0.0000 0.0000 -413.0000 171.0000 228.0000 402.0000 1.6037 1.6374 3.9811 -5.6138 1.6102 5.9864 0.0948 0.9984
Car 0.0000 0.0000 0.0000 477.0000 180.0000 526.0000 215.0000 1.4991 1.5952 3.7483 -4.7970 1.7561 32.5623 1.5708 0.9972
Car 0.0000 0.0000 0.0000 -168.0000 181.0000 211.0000 356.0000 1.5127 1.5971 3.7841 -6.3012 1.6097 8.2919 1.4594 0.9930
Car 0.0000 0.0000 0.0000 790.0000 -161.0000 1751.0000 639.0000 2.6640 1.9997 5.3173 2.8337 1.5716 5.0784 1.5708 0.9709
Car 0.0000 0.0000 0.0000 756.0000 166.0000 858.0000 203.0000 1.5562 1.6714 4.2119 8.7941 1.2364 32.2486 0.1207 0.9680
Car 0.0000 0.0000 0.0000 459.0000 182.0000 541.0000 211.0000 1.6328 1.6821 4.3009 -6.2228 2.0889 41.3031 0.2823 0.9624
