Car 0.0000 0.0000 0.0000 36.0000 192.0000 326.0000 294.0000 1.4426 1.5844 3.6450 -6.6049 1.7579 11.2676 0.0689 0.9997
Car 0.0000 0.0000 0.0000 415.0000 158.0000 527.0000 197.0000 1.5952 1.7098 4.4654 -5.8863 0.9604 31.0347 0.0421 0.9997
Car 0.0000 0.0000 0.0000 -108.0000 197.0000 292.0000 334.0000 1.4624 1.6030 3.7948 -6.1750 1.7771 8.8097 0.0335 0.9996
Car 0.0000 0.0000 0.0000 671.0000 178.0000 708.0000 212.0000 1.5094 1.6244 3.9021 3.7804 1.7180 34.3626 1.5708 0.9988
Car 0.0000 0.0000 0.0000 421.0000 185.0000 529.0000 225.0000 1.5137 1.6350 3.9672 -5.3409 1.9911 28.8582 0.0529 0.9982
Car 0.0000 0.0000 0.0000 336.0000 185.0000 465.0000 250.0000 1.4651 1.5960 3.7401 -5.3129 1.7758 18.7451 -1.3447 0.9981
Car 0.0000 0.0000 0.0000 379.0000 179.0000 511.0000 228.0000 1.5289 1.6228 3.9351 -5.4278 1.7227 23.9718 0.1204 0.9938
Car 0.0000 0.0000 0.0000 344.0000 178.0000 499.0000 234.0000 1.5537 1.6461 4.0680 -5.4996 1.6895 21.2120 0.1729 0.9917
Car 0.0000 0.0000 0.0000 519.0000 171.0000 554.0000 195.0000 1.5454 1.6134 3.8638 -4.8845 1.3634 49.2950 -1.4696 0.9766
Car 0.0000 0.0000 0.0000 562.0000 179.0000 584.0000 196.0000 1.5035 1.5935 3.7912 -3.1043 1.9124 64.1049 1.5708 0.9740
Car 0.0000 0.0000 0.0000 234.0000 192.0000 385.0000 269.0000 1.5015 1.5707 3.4211 -6.7382 1.9510 16.5022 -1.3800 0.9707
Car 0.0000 0.0000 0.0000 772.0000 172.0000 872.0000 206.0000 1.5723 1.7236 4.4484 10.4743 1.5186 35.6597 0.0767 0.9667
