Car 0.0000 0.0000 0.0000 578.0000 181.0000 611.0000 211.0000 1.5082 1.6362 3.9878 -0.8407 1.9195 39.7148 1.5091 0.9996
Car 0.0000 0.0000 0.0000 70.0000 182.0000 276.0000 272.0000 1.5057 1.6614 4.3437 -8.5024 1.6820 14.4897 1.5293 0.9995
Car 0.0000 0.0000 0.0000 301.0000 183.0000 448.0000 280.0000 1.5086 1.6186 3.8071 -4.2093 1.6917 13.4257 1.5319 0.9994
Car 0.0000 0.0000 0.0000 283.0000 182.0000 378.0000 236.0000 1.5060 1.6164 3.8463 -8.5466 1.7677 22.3793 1.5230 0.9993
Car 0.0000 0.0000 0.0000 439.0000 178.0000 512.0000 226.0000 1.5109 1.6147 3.7964 -4.5320 1.6486 24.7678 1.5708 0.9992
Car 0.0000 0.0000 0.0000 390.0000 180.0000 450.0000 215.0000 1.5070 1.6289 3.9745 -8.6433 1.7857 33.2255 1.5708 0.9985
Car 0.0000 0.0000 0.0000 268.0000 178.0000 348.0000 218.0000 1.5046 1.6182 3.8753 -12.3764 1.6924 29.8488 1.5708 0.9982
Car 0.0000 0.0000 0.0000 519.0000 180.0000 552.0000 206.0000 1.5095 1.6132 3.8591 -4.4792 1.8724 44.1887 1.5701 0.9959
Car 0.0000 0.0000 0.0000 51.0000 182.0000 203.0000 244.0000 1.5069 1.6210 4.0122 -13.0739 1.7440 19.7972 1.5245 0.9952
Car 0.0000 0.0000 0.0000 370.0000 182.0000 413.0000 209.0000 1.5130 1.6175 3.8347 -12.8511 1.9726 42.7687 1.5134 0.9943
Car 0.0000 0.0000 0.0000 487.0000 180.0000 513.0000 197.0000 1.4968 1.5958 3.7999 -9.5599 2.0167 63.6405 1.5708 0.9933
Car 0.0000 0.0000 0.0000 486.0000 180.0000 533.0000 213.0000 1.4923 1.5818 3.7790 -4.8286 1.7963 34.6094 1.2648 0.9908
Car 0.0000 0.0000 0.0000 -401.0000 192.0000 90.0000 370.0000 1.4982 1.5909 3.7548 -8.1798 1.7442 8.2445 1.5708 0.9878
Car 0.0000 0.0000 0.0000 432.0000 179.0000 470.0000 207.0000 1.5039 1.5967 3.8143 -9.0900 1.8248 41.7460 1.5099 0.9803
