Car 0.0000 0.0000 0.0000 22.0000 179.0000 302.0000 268.0000 1.4936 1.6553 4.0861 -8.0760 1.6034 13.2402 -0.0431 0.9998
Car 0.0000 0.0000 0.0000 767.0000 168.0000 1016.0000 279.0000 1.5355 1.6675 4.1925 4.4842 1.4771 12.2663 1.2672 0.9997
Car 0.0000 0.0000 0.0000 469.0000 165.0000 493.0000 185.0000 1.6242 1.6867 4.0666 -10.9988 0.8807 61.7104 1.3095 0.9996
Car 0.0000 0.0000 0.0000 660.0000 170.0000 801.0000 222.0000 1.5644 1.6850 4.2471 3.8010 1.4679 23.1753 0.0214 0.9996
Car 0.0000 0.0000 0.0000 -449.0000 173.0000 140.0000 352.0000 1.5900 1.6932 4.3576 -7.5271 1.6108 7.3261 0.0472 0.9995
Car 0.0000 0.0000 0.0000 289.0000 168.0000 428.0000 217.0000 1.5336 1.6401 4.0044 -8.2407 1.3771 23.7649 0.0690 0.9979
Car 0.0000 0.0000 0.0000 135.0000 169.0000 354.0000 247.0000 1.6192 1.6566 4.1117 -8.0418 1.5361 16.0023 0.1112 0.9932
Car 0.0000 0.0000 0.0000 229.0000 174.0000 395.0000 238.0000 1.5707 1.6449 4.0018 -7.8974 1.6012 19.0768 0.3470 0.9929
Car 0.0000 0.0000 0.0000 373.0000 143.0000 436.0000 191.0000 1.8359 1.7563 4.5226 -8.5235 0.6682 30.3306 1.4713 0.9833
Car 0.0000 0.0000 0.0000 650.0000 155.0000 778.0000 203.0000 1.5714 1.6442 4.2065 3.6570 0.9820 25.5655 0.6576 0.9799
