Car 0.0000 0.0000 0.0000 689.0000 179.0000 914.0000 261.0000 1.4862 1.6546 4.1229 3.8513 1.6134 14.6821 -0.2430 0.9999
Car 0.0000 0.0000 0.0000 99.0000 184.0000 327.0000 260.0000 1.4702 1.6261 3.9286 -8.2845 1.7096 15.2450 -0.0023 0.9999
Car 0.0000 0.0000 0.0000 639.0000 177.0000 759.0000 222.0000 1.4797 1.6395 4.0162 3.0574 1.6001 25.1458 0.0338 0.9996
Car 0.0000 0.0000 0.0000 -169.0000 180.0000 243.0000 310.0000 1.6072 1.7005 4.4010 -7.6682 1.7089 9.8412 0.0553 0.9993
Car 0.0000 0.0000 0.0000 456.0000 176.0000 482.0000 194.0000 1.5456 1.6542 4.0223 -12.3555 1.7366 63.7048 1.2188 0.9993
Car 0.0000 0.0000 0.0000 307.0000 181.0000 427.0000 225.0000 1.5041 1.6013 3.8080 -8.6778 1.7745 25.8605 0.2381 0.9982
Car 0.0000 0.0000 0.0000 -422.0000 176.0000 159.0000 360.0000 1.6378 1.7044 4.4233 -7.3794 1.6851 7.3982 0.0625 0.9981
Car 0.0000 0.0000 0.0000 233.0000 187.0000 398.0000 245.0000 1.5369 1.6390 4.0283 -8.3393 1.9497 20.5728 0.0616 0.9936
Car 0.0000 0.0000 0.0000 895.0000 171.0000 932.0000 196.0000 1.4991 1.6150 3.8748 19.3359 1.3221 45.5635 -1.0400 0.9880
Car 0.0000 0.0000 0.0000 629.0000 170.0000 677.0000 211.0000 1.5033 1.5684 3.4889 1.7884 1.3677 28.4233 -1.4243 0.9858
Car 0.0000 0.0000 0.0000 397.0000 159.0000 441.0000 188.0000 1.5334 1.6198 3.9337 -10.7191 0.7360 40.8454 1.5341 0.9831
Car 0.0000 0.0000 0.0000 342.0000 179.0000 444.0000 216.0000 1.5319 1.6032 3.8601 -9.2681 1.7504 30.9585 0.0804 0.9804
Car 0.0000 0.0000 0.0000 358.0000 170.0000 431.0000 203.0000 1.4737 1.5855 3.7146 -9.9822 1.2984 33.3694 0.7523 0.9777
