Car 0.0000 0.0000 0.0000 389.0000 153.0000 518.0000 197.0000 1.5769 1.7065 4.4489 -5.8322 0.8412 27.2245 0.0497 0.9998
Car 0.0000 0.0000 0.0000 -272.0000 199.0000 199.0000 362.0000 1.4717 1.5879 3.6342 -6.6285 1.7780 7.5874 0.0493 0.9994
Car 0.0000 0.0000 0.0000 390.0000 184.0000 514.0000 230.0000 1.4847 1.6154 3.8795 -5.3878 1.8655 24.8700 0.0484 0.9993
Car 0.0000 0.0000 0.0000 236.0000 188.0000 452.0000 266.0000 1.5053 1.6235 3.9004 -5.4829 1.8251 15.0759 0.0638 0.9992
Car 0.0000 0.0000 0.0000 327.0000 180.0000 482.0000 237.0000 1.4964 1.6221 3.9006 -5.7405 1.6963 20.3518 0.0669 0.9989
Car 0.0000 0.0000 0.0000 667.0000 178.0000 714.0000 217.0000 1.5152 1.6189 3.8146 3.4047 1.7113 30.6185 1.5708 0.9988
Car 0.0000 0.0000 0.0000 504.0000 172.0000 539.0000 200.0000 1.6859 1.6774 4.0311 -5.4804 1.5691 45.7090 1.5708 0.9914
Car 0.0000 0.0000 0.0000 -671.0000 194.0000 94.0000 451.0000 1.4665 1.5848 3.7289 -6.1121 1.6463 5.1330 0.0734 0.9890
Car 0.0000 0.0000 0.0000 551.0000 180.0000 573.0000 198.0000 1.5011 1.6099 3.9807 -3.9206 1.9856 60.5848 1.5617 0.9850
Car 0.0000 0.0000 0.0000 506.0000 174.0000 553.0000 208.0000 1.7756 1.7309 4.5517 -4.3786 1.8095 40.5226 -1.4772 0.9838
Car 0.0000 0.0000 0.0000 155.0000 184.0000 404.0000 281.0000 1.5437 1.6083 3.9156 -5.8472 1.7456 13.1457 -0.3078 0.9808
Car 0.0000 0.0000 0.0000 635.0000 166.0000 697.0000 192.0000 1.5057 1.6023 3.8140 3.5864 1.0649 44.9911 0.1222 0.9787
Car 0.0000 0.0000 0.0000 301.0000 183.0000 475.0000 247.0000 1.4769 1.5908 3.7427 -5.3734 1.7081 17.5815 0.1568 0.9738
