Car 0.0000 0.0000 0.0000 512.0000 177.0000 573.0000 226.0000 1.5083 1.6070 3.6847 -2.1918 1.6194 24.3086 1.5708 0.9995
Car 0.0000 0.0000 0.0000 654.0000 177.0000 680.0000 201.0000 1.5143 1.6250 3.8879 3.7814 1.7027 46.6680 1.5708 0.9991
Car 0.0000 0.0000 0.0000 443.0000 176.0000 551.0000 256.0000 1.5170 1.6159 3.8236 -2.3147 1.5685 15.5889 1.5708 0.9991
Car 0.0000 0.0000 0.0000 672.0000 171.0000 715.0000 211.0000 1.4992 1.6007 3.7435 3.4206 1.4032 29.1913 -1.4490 0.9985
Car 0.0000 0.0000 0.0000 703.0000 179.0000 802.0000 253.0000 1.5103 1.6126 3.8545 3.1955 1.6418 16.8222 1.5708 0.9973
Car 0.0000 0.0000 0.0000 675.0000 168.0000 696.0000 185.0000 1.5304 1.6304 4.0334 7.2312 1.0255 67.6357 1.5708 0.9951
Car 0.0000 0.0000 0.0000 66.0000 163.0000 211.0000 224.0000 1.5076 1.5765 3.6243 -12.6799 1.2459 19.6275 1.5671 0.9929
Car 0.0000 0.0000 0.0000 724.0000 104.0000 970.0000 308.0000 2.2612 1.8998 5.0169 3.0386 1.5036 10.5658 1.5681 0.9834
Car 0.0000 0.0000 0.0000 579.0000 162.0000 599.0000 181.0000 1.5528 1.6330 3.9703 -1.7585 0.5733 63.6961 1.5148 0.9720
Car 0.0000 0.0000 0.0000 730.0000 171.0000 754.0000 187.0000 1.5559 1.6722 4.2965 13.3783 1.2479 72.4318 1.5708 0.9614
Car 0.0000 0.0000 0.0000 333.0000 175.0000 366.0000 191.0000 1.5562 1.6728 4.2993 -26.0169 1.6701 72.4357 1.5708 0.9609
Car 0.0000 0.0000 0.0000 276.0000 176.0000 312.0000 192.0000 1.5562 1.6728 4.2993 -31.6447 1.7304 72.4368 1.5708 0.9609
Car 0.0000 0.0000 0.0000 317.0000 175.0000 350.0000 191.0000 1.5562 1.6728 4.2993 -27.6248 1.6874 72.4360 1.5708 0.9609
Car 0.0000 0.0000 0.0000 916.0000 169.0000 951.0000 185.0000 1.5562 1.6728 4.2993 32.6731 1.0413 72.4242 1.5708 0.9609
Car 0.0000 0.0000 0.0000 300.0000 175.0000 335.0000 191.0000 1.5562 1.6728 4.2993 -29.2328 1.7046 72.4363 1.5708 0.9609
Car 0.0000 0.0000 0.0000 350.0000 175.0000 381.0000 191.0000 1.5562 1.6728 4.2993 -24.4090 1.6529 72.4354 1.5708 0.9609
Car 0.0000 0.0000 0.0000 366.0000 175.0000 397.0000 191.0000 1.5562 1.6728 4.2993 -22.8010 1.6357 72.4350 1.5708 0.9609
Car 0.0000 0.0000 0.0000 383.0000 174.0000 412.0000 191.0000 1.5562 1.6728 4.2993 -21.1931 1.6184 72.4347 1.5708 0.9609
Car 0.0000 0.0000 0.0000 399.0000 174.0000 428.0000 190.0000 1.5562 1.6728 4.2993 -19.5851 1.6012 72.4344 1.5708 0.9609
Car 0.0000 0.0000 0.0000 415.0000 174.0000 443.0000 190.0000 1.5562 1.6728 4.2993 -17.9772 1.5840 72.4341 1.5708 0.9609
