Car 0.0000 0.0000 0.0000 295.0000 178.0000 395.0000 235.0000 1.5164 1.6581 4.1456 -7.7580 1.6504 21.5194 1.5167 0.9997
Car 0.0000 0.0000 0.0000 632.0000 160.0000 654.0000 178.0000 1.6305 1.7248 4.1394 3.3716 0.3330 70.8990 1.5179 0.9978
Car 0.0000 0.0000 0.0000 498.0000 175.0000 524.0000 195.0000 1.4967 1.5918 3.7729 -7.5754 1.6025 56.0847 1.5570 0.9965
Car 0.0000 0.0000 0.0000 -15.0000 204.0000 102.0000 249.0000 1.5132 1.6138 3.6168 -22.1240 2.7552 28.2795 1.5708 0.9918
Car 0.0000 0.0000 0.0000 257.0000 190.0000 304.0000 212.0000 1.4961 1.6191 3.9331 -23.8537 2.6793 52.3940 1.5653 0.9807
Car 0.0000 0.0000 0.0000 447.0000 181.0000 473.0000 197.0000 1.4923 1.6082 3.9393 -14.1137 2.1228 68.4710 1.5666 0.9788
Car 0.0000 0.0000 0.0000 59.0000 174.0000 110.0000 196.0000 1.5182 1.5946 3.6946 -37.1915 1.5298 51.1408 1.3377 0.9748
Car 0.0000 0.0000 0.0000 317.0000 166.0000 390.0000 207.0000 1.5098 1.5893 3.7572 -9.9948 1.2373 28.3916 1.5569 0.9701
Car 0.0000 0.0000 0.0000 415.0000 175.0000 446.0000 195.0000 1.5003 1.5911 3.8438 -13.9648 1.6207 56.5837 1.5260 0.9690
Car 0.0000 0.0000 0.0000 456.0000 174.0000 485.0000 194.0000 1.5117 1.6185 3.9822 -10.6222 1.5215 55.5166 1.5372 0.9673
Car 0.0000 0.0000 0.0000 572.0000 172.0000 591.0000 189.0000 1.5561 1.6726 4.2985 -2.7015 1.4203 72.4321 1.5708 0.9611
Car 0.0000 0.0000 0.0000 555.0000 173.0000 575.0000 189.0000 1.5563 1.6729 4.3002 -4.3097 1.4376 72.4299 1.5708 0.9610
Car 0.0000 0.0000 0.0000 838.0000 169.0000 869.0000 186.0000 1.5562 1.6728 4.2993 24.6334 1.1275 72.4257 1.5708 0.9609
Car 0.0000 0.0000 0.0000 854.0000 169.0000 886.0000 185.0000 1.5562 1.6728 4.2993 26.2414 1.1102 72.4254 1.5708 0.9609
Car 0.0000 0.0000 0.0000 869.0000 169.0000 902.0000 185.0000 1.5562 1.6728 4.2993 27.8493 1.0930 72.4251 1.5708 0.9609
Car 0.0000 0.0000 0.0000 374.0000 175.0000 405.0000 191.0000 1.5562 1.6728 4.2993 -21.9970 1.6271 72.4349 1.5708 0.9609
Car 0.0000 0.0000 0.0000 924.0000 168.0000 960.0000 185.0000 1.5562 1.6728 4.2993 33.4771 1.0327 72.4240 1.5708 0.9609
Car 0.0000 0.0000 0.0000 885.0000 169.0000 919.0000 185.0000 1.5562 1.6728 4.2993 29.4573 1.0758 72.4248 1.5708 0.9609
Car 0.0000 0.0000 0.0000 358.0000 175.0000 389.0000 191.0000 1.5562 1.6728 4.2993 -23.6050 1.6443 72.4352 1.5708 0.9609
Car 0.0000 0.0000 0.0000 900.0000 169.0000 935.0000 185.0000 1.5562 1.6728 4.2993 31.0652 1.0586 72.4245 1.5708 0.9609
