Car 0.0000 0.0000 0.0000 150.0000 180.0000 460.0000 388.0000 1.5138 1.6476 3.9461 -2.6903 1.5806 7.2898 1.5190 0.9997
Car 0.0000 0.0000 0.0000 716.0000 181.0000 921.0000 316.0000 1.5279 1.6216 3.7178 2.6704 1.6418 10.1760 1.5167 0.9995
Car 0.0000 0.0000 0.0000 665.0000 168.0000 717.0000 214.0000 1.5198 1.6308 3.8483 2.8652 1.3370 25.9195 1.5708 0.9995
Car 0.0000 0.0000 0.0000 366.0000 182.0000 516.0000 290.0000 1.5077 1.6348 4.1209 -2.7047 1.6610 12.3481 1.5642 0.9995
Car 0.0000 0.0000 0.0000 548.0000 173.0000 581.0000 202.0000 1.5102 1.6297 3.8922 -2.3884 1.4842 39.6728 1.5580 0.9995
Car 0.0000 0.0000 0.0000 773.0000 181.0000 1387.0000 562.0000 1.5070 1.6072 3.8063 2.2778 1.5678 4.7907 1.5708 0.9988
Car 0.0000 0.0000 0.0000 416.0000 180.0000 528.0000 252.0000 1.5005 1.6085 3.8466 -3.1131 1.6455 16.9436 -1.4834 0.9974
Car 0.0000 0.0000 0.0000 564.0000 175.0000 587.0000 196.0000 1.4962 1.6164 3.9723 -2.4397 1.5712 53.5382 1.5363 0.9960
Car 0.0000 0.0000 0.0000 649.0000 174.0000 682.0000 204.0000 1.4950 1.5947 3.7975 2.9806 1.5036 38.2971 1.5708 0.9959
Car 0.0000 0.0000 0.0000 425.0000 162.0000 525.0000 203.0000 1.8299 1.7632 4.4615 -6.3449 1.2880 34.3356 -0.7850 0.9929
Car 0.0000 0.0000 0.0000 630.0000 174.0000 660.0000 200.0000 1.4907 1.5881 3.7793 2.2954 1.5213 44.4837 -1.4489 0.9925
Car 0.0000 0.0000 0.0000 500.0000 166.0000 522.0000 185.0000 1.7875 1.7338 4.3841 -9.1224 1.0398 67.6103 1.5258 0.9899
Car 0.0000 0.0000 0.0000 630.0000 175.0000 654.0000 195.0000 1.4945 1.5985 3.8681 2.5867 1.5660 55.1723 -1.4748 0.9838
Car 0.0000 0.0000 0.0000 470.0000 178.0000 519.0000 219.0000 1.4980 1.6035 3.9594 -4.5705 1.6888 29.0069 1.5011 0.9714
