Car 0.0000 0.0000 0.0000 277.0000 194.0000 405.0000 270.0000 1.5214 1.6356 3.8012 -6.2755 2.0493 17.2249 1.5683 0.9999
Car 0.0000 0.0000 0.0000 369.0000 194.0000 457.0000 250.0000 1.5315 1.6459 3.9462 -6.1132 2.2074 22.7924 1.5708 0.9997
Car 0.0000 0.0000 0.0000 679.0000 180.0000 758.0000 239.0000 1.5205 1.6188 3.6245 3.0212 1.6934 20.5854 1.5495 0.9996
Car 0.0000 0.0000 0.0000 529.0000 187.0000 552.0000 205.0000 1.5094 1.6495 4.0710 -5.9273 2.6534 63.3492 1.5701 0.9996
Car 0.0000 0.0000 0.0000 437.0000 184.0000 492.0000 222.0000 1.5018 1.6350 4.0695 -6.1148 1.9312 30.7960 1.5430 0.9993
Car 0.0000 0.0000 0.0000 565.0000 181.0000 583.0000 198.0000 1.5267 1.6305 3.8318 -3.2680 2.2204 67.9262 1.5203 0.9988
Car 0.0000 0.0000 0.0000 1142.0000 144.0000 1268.0000 190.0000 1.7550 1.7042 4.2110 24.6034 0.6096 29.9315 1.5708 0.9973
Car 0.0000 0.0000 0.0000 626.0000 177.0000 644.0000 193.0000 1.5369 1.6552 4.2248 2.5909 1.8231 70.2575 1.5708 0.9968
Car 0.0000 0.0000 0.0000 506.0000 187.0000 533.0000 212.0000 1.5047 1.6186 3.8817 -5.8355 2.4036 47.2823 1.4876 0.9955
Car 0.0000 0.0000 0.0000 819.0000 165.0000 848.0000 183.0000 1.6225 1.6603 4.0840 20.6425 0.8458 66.1405 -1.4736 0.9886
Car 0.0000 0.0000 0.0000 498.0000 191.0000 535.0000 218.0000 1.5002 1.5989 3.8019 -5.4433 2.5223 42.7521 1.5708 0.9845
Car 0.0000 0.0000 0.0000 714.0000 178.0000 733.0000 196.0000 1.4960 1.5910 3.8057 10.2148 1.8597 64.0353 -1.3974 0.9799
