Car 0.0000 0.0000 0.0000 689.0000 183.0000 811.0000 269.0000 1.5313 1.6209 3.5395 2.7575 1.7420 14.9771 1.5098 0.9999
Car 0.0000 0.0000 0.0000 422.0000 172.0000 518.0000 205.0000 1.5483 1.6962 4.3756 -6.8532 1.4825 35.7451 0.0337 0.9998
Car 0.0000 0.0000 0.0000 334.0000 186.0000 483.0000 240.0000 1.5239 1.6429 4.0260 -6.0066 1.9179 21.7293 0.0509 0.9994
Car 0.0000 0.0000 0.0000 607.0000 177.0000 642.0000 199.0000 1.5190 1.6458 3.9898 1.1172 1.7529 52.8460 1.3530 0.9992
Car 0.0000 0.0000 0.0000 215.0000 172.0000 411.0000 270.0000 1.5779 1.6531 4.0733 -5.4349 1.5727 13.7593 -1.4434 0.9966
Car 0.0000 0.0000 0.0000 500.0000 180.0000 530.0000 203.0000 1.5035 1.6023 3.8055 -6.3390 1.8893 49.0820 1.5464 0.9944
Car 0.0000 0.0000 0.0000 374.0000 174.0000 477.0000 212.0000 1.6019 1.6499 4.0930 -8.0393 1.6393 31.6881 0.0977 0.9871
Car 0.0000 0.0000 0.0000 279.0000 148.0000 367.0000 207.0000 2.1122 1.8003 4.3710 -11.0720 1.2022 28.1517 1.5393 0.9859
Car 0.0000 0.0000 0.0000 388.0000 184.0000 502.0000 226.0000 1.4993 1.6105 3.8448 -6.1170 1.8866 26.9377 0.1775 0.9803
Car 0.0000 0.0000 0.0000 321.0000 178.0000 430.0000 240.0000 1.5020 1.5866 3.6425 -6.2254 1.6258 19.4947 1.5708 0.9789
