Car 0.0000 0.0000 0.0000 766.0000 186.0000 1034.0000 348.0000 1.5323 1.6610 4.0773 3.2546 1.7075 9.0827 1.5554 0.9998
Car 0.0000 0.0000 0.0000 -15.0000 194.0000 305.0000 350.0000 1.5345 1.6384 3.8391 -5.6945 1.8382 9.4031 1.5708 0.9998
Car 0.0000 0.0000 0.0000 254.0000 193.0000 403.0000 280.0000 1.5313 1.6408 3.8322 -5.7677 1.9752 15.2267 1.5708 0.9997
Car 0.0000 0.0000 0.0000 701.0000 182.0000 786.0000 246.0000 1.5155 1.6055 3.6302 3.4178 1.7294 18.9841 1.5708 0.9996
Car 0.0000 0.0000 0.0000 396.0000 188.0000 474.0000 240.0000 1.5097 1.6514 4.1432 -5.7425 2.0181 24.1324 1.5642 0.9996
Car 0.0000 0.0000 0.0000 922.0000 183.0000 2299.0000 824.0000 1.5033 1.6108 3.8671 3.1823 1.5692 3.6525 1.5708 0.9989
Car 0.0000 0.0000 0.0000 656.0000 179.0000 693.0000 214.0000 1.5121 1.5906 3.5117 2.9839 1.7493 33.1716 1.5708 0.9988
Car 0.0000 0.0000 0.0000 677.0000 181.0000 747.0000 230.0000 1.5177 1.6136 3.7598 3.4308 1.7840 24.6629 1.5010 0.9985
Car 0.0000 0.0000 0.0000 993.0000 98.0000 1340.0000 266.0000 2.1615 1.8557 4.8701 8.4972 1.2053 11.7542 1.5692 0.9880
Car 0.0000 0.0000 0.0000 771.0000 170.0000 866.0000 204.0000 1.5191 1.6503 4.1169 9.9364 1.3706 34.3689 0.1326 0.9763
Car 0.0000 0.0000 0.0000 517.0000 179.0000 548.0000 204.0000 1.4961 1.5828 3.7115 -4.6856 1.7967 44.5801 1.5465 0.9639
