Car 0.0000 0.0000 0.0000 364.0000 191.0000 456.0000 250.0000 1.5287 1.6635 4.0065 -5.8455 2.0678 21.5478 1.5670 0.9999
Car 0.0000 0.0000 0.0000 210.0000 198.0000 374.0000 296.0000 1.5305 1.6506 3.8902 -5.9813 2.0492 14.0131 1.5182 0.9998
Car 0.0000 0.0000 0.0000 698.0000 177.0000 821.0000 256.0000 1.5163 1.6407 3.8358 3.1469 1.5965 15.9397 1.4964 0.9997
Car 0.0000 0.0000 0.0000 683.0000 180.0000 761.0000 237.0000 1.5280 1.6442 4.0175 3.2424 1.7165 21.5252 1.5609 0.9996
Car 0.0000 0.0000 0.0000 -171.0000 201.0000 245.0000 392.0000 1.5182 1.6389 3.9703 -6.0221 1.9018 8.2390 1.5618 0.9995
Car 0.0000 0.0000 0.0000 1068.0000 142.0000 1497.0000 265.0000 1.5289 1.6638 4.1785 9.0436 1.1622 10.0486 0.1251 0.9992
Car 0.0000 0.0000 0.0000 928.0000 154.0000 1184.0000 235.0000 1.5267 1.6698 4.1938 9.0156 1.1727 14.8251 0.0265 0.9992
Car 0.0000 0.0000 0.0000 1033.0000 146.0000 1349.0000 241.0000 1.4709 1.6083 3.8878 9.6837 1.0686 12.3298 0.2099 0.9987
Car 0.0000 0.0000 0.0000 437.0000 197.0000 494.0000 242.0000 1.5048 1.6028 3.6947 -5.4598 2.4323 27.6714 1.5228 0.9983
Car 0.0000 0.0000 0.0000 842.0000 163.0000 1045.0000 230.0000 1.5339 1.6704 4.2386 8.1068 1.3139 17.8420 0.1316 0.9968
Car 0.0000 0.0000 0.0000 664.0000 178.0000 708.0000 215.0000 1.5109 1.5996 3.7452 3.3009 1.7111 31.5379 1.5708 0.9902
Car 0.0000 0.0000 0.0000 641.0000 175.0000 672.0000 200.0000 1.5118 1.6165 3.9420 3.0674 1.5953 45.9481 -1.4140 0.9829
Car 0.0000 0.0000 0.0000 515.0000 182.0000 543.0000 205.0000 1.5100 1.5922 3.7031 -5.6802 2.1220 51.7335 1.5708 0.9812
