Car 0.0000 0.0000 0.0000 742.0000 180.0000 927.0000 304.0000 1.5341 1.6201 3.6447 3.1283 1.6336 10.8372 1.5684 0.9997
Car 0.0000 0.0000 0.0000 448.0000 179.0000 526.0000 238.0000 1.5205 1.6149 3.5876 -3.4066 1.6745 20.5904 1.5687 0.9997
Car 0.0000 0.0000 0.0000 702.0000 176.0000 795.0000 249.0000 1.5392 1.6013 3.4107 3.1671 1.6123 17.0693 1.5708 0.9996
Car 0.0000 0.0000 0.0000 -881697.0000 -15945.0000 293.0000 382210.0000 1.9552 1.8610 4.9015 -2.9686 1.5732 2.5270 1.4767 0.9994
Car 0.0000 0.0000 0.0000 617.0000 177.0000 638.0000 196.0000 1.5128 1.6305 3.9191 1.5828 1.7803 60.0968 1.5708 0.9994
Car 0.0000 0.0000 0.0000 486.0000 148.0000 549.0000 206.0000 2.1761 1.9193 5.1706 -3.9148 1.2196 30.0070 1.3124 0.9994
Car 0.0000 0.0000 0.0000 642.0000 177.0000 677.0000 210.0000 1.5034 1.6098 3.7407 2.4837 1.6410 34.9643 1.5708 0.9991
Car 0.0000 0.0000 0.0000 666.0000 181.0000 735.0000 236.0000 1.5205 1.6032 3.6890 2.6688 1.7311 21.8525 1.5681 0.9971
Car 0.0000 0.0000 0.0000 735.0000 148.0000 797.0000 190.0000 1.5623 1.6245 3.9717 6.3282 0.6057 29.4854 1.5647 0.9712
Car 0.0000 0.0000 0.0000 552.0000 185.0000 602.0000 216.0000 1.4869 1.6291 4.0770 -1.5832 2.0663 37.2319 -1.3637 0.9669
