Car 0.0000 0.0000 0.0000 312.0000 183.0000 441.0000 265.0000 1.5377 1.6437 3.7691 -4.9127 1.7392 15.6457 1.5531 0.9999
Car 0.0000 0.0000 0.0000 572.0000 179.0000 605.0000 208.0000 1.5183 1.6185 3.6266 -1.1164 1.8363 40.7113 1.5708 0.9997
Car 0.0000 0.0000 0.0000 -175.0000 188.0000 171.0000 334.0000 1.5220 1.6331 3.8389 -7.9102 1.7503 9.8116 1.5050 0.9996
Car 0.0000 0.0000 0.0000 404.0000 195.0000 439.0000 217.0000 1.5140 1.6493 3.9402 -14.3088 3.1698 55.1332 1.5654 0.9996
Car 0.0000 0.0000 0.0000 465.0000 174.0000 523.0000 222.0000 1.7628 1.7763 4.8919 -4.5599 1.7895 29.0674 1.5264 0.9996
Car 0.0000 0.0000 0.0000 175.0000 185.0000 305.0000 258.0000 1.5282 1.5954 3.4764 -8.7986 1.8228 17.4130 1.4861 0.9994
Car 0.0000 0.0000 0.0000 240.0000 180.0000 316.0000 226.0000 1.5049 1.6052 3.8328 -11.6612 1.7150 25.5339 1.3751 0.9980
Car 0.0000 0.0000 0.0000 400.0000 179.0000 455.0000 214.0000 1.4967 1.6001 3.8095 -8.2269 1.7184 32.9469 1.5603 0.9965
Car 0.0000 0.0000 0.0000 340.0000 181.0000 386.0000 210.0000 1.4976 1.5946 3.7690 -13.2461 1.8608 38.9761 1.4610 0.9962
Car 0.0000 0.0000 0.0000 503.0000 179.0000 539.0000 207.0000 1.4851 1.6070 4.0199 -4.9257 1.7844 40.7457 1.5533 0.9954
Car 0.0000 0.0000 0.0000 430.0000 179.0000 469.0000 207.0000 1.4936 1.5853 3.7914 -8.7460 1.7574 39.6832 1.4848 0.9872
