Car 0.0000 0.0000 0.0000 665.0000 170.0000 783.0000 254.0000 1.5890 1.6781 4.0293 2.3272 1.5310 15.7605 1.5035 0.9997
Car 0.0000 0.0000 0.0000 503.0000 181.0000 556.0000 222.0000 1.5120 1.6247 3.7916 -3.1782 1.8104 29.2409 1.5708 0.9996
Car 0.0000 0.0000 0.0000 637.0000 178.0000 692.0000 220.0000 1.5159 1.6057 3.5775 2.0790 1.6841 28.0820 1.5003 0.9995
Car 0.0000 0.0000 0.0000 168.0000 181.0000 348.0000 242.0000 1.5184 1.6441 4.0266 -9.3378 1.7347 19.2474 0.0546 0.9995
Car 0.0000 0.0000 0.0000 -19.0000 183.0000 391.0000 426.0000 1.5114 1.6154 3.7192 -3.3158 1.6087 6.4661 1.5306 0.9995
Car 0.0000 0.0000 0.0000 532.0000 179.0000 568.0000 206.0000 1.4963 1.6028 3.8732 -3.4877 1.8221 43.1512 1.5708 0.9973
Car 0.0000 0.0000 0.0000 -2265.0000 198.0000 357.0000 1709.0000 1.4973 1.6176 4.0338 -2.7224 1.6538 2.8454 -1.4777 0.9964
Car 0.0000 0.0000 0.0000 620.0000 177.0000 657.0000 211.0000 1.5012 1.6007 3.8301 1.4425 1.6596 34.0653 -1.4828 0.9928
Car 0.0000 0.0000 0.0000 618.0000 174.0000 647.0000 199.0000 1.4990 1.5891 3.7419 1.4331 1.5104 44.7800 1.5539 0.9907
Car 0.0000 0.0000 0.0000 526.0000 166.0000 561.0000 200.0000 1.5098 1.5756 3.6350 -3.1701 1.1791 34.6441 1.4822 0.9776
