Car 0.0000 0.0000 0.0000 245.0000 185.0000 454.0000 253.0000 1.4880 1.7016 4.3593 -6.0831 1.7832 17.1300 0.0122 1.0000
Car 0.0000 0.0000 0.0000 25.0000 185.0000 393.0000 309.0000 1.5591 1.6957 4.3341 -5.5280 1.7384 10.1542 0.0922 0.9999
Car 0.0000 0.0000 0.0000 730.0000 185.0000 873.0000 283.0000 1.5586 1.6413 3.6717 3.4310 1.7879 13.6168 1.5478 0.9998
Car 0.0000 0.0000 0.0000 707.0000 179.0000 803.0000 246.0000 1.5309 1.6383 3.9085 3.6487 1.6751 18.7436 1.5567 0.9995
Car 0.0000 0.0000 0.0000 356.0000 183.0000 495.0000 234.0000 1.5240 1.6264 3.9557 -5.8303 1.8329 22.9099 0.2365 0.9987
Car 0.0000 0.0000 0.0000 -211.0000 177.0000 277.0000 377.0000 1.5665 1.6474 4.0521 -5.5559 1.6203 6.9736 0.2734 0.9982
Car 0.0000 0.0000 0.0000 674.0000 182.0000 720.0000 218.0000 1.4978 1.6145 3.9438 3.9011 1.8547 32.3439 1.5708 0.9981
Car 0.0000 0.0000 0.0000 415.0000 181.0000 526.0000 222.0000 1.4986 1.6038 3.8184 -5.2738 1.7723 27.4858 0.2056 0.9975
Car 0.0000 0.0000 0.0000 440.0000 184.0000 544.0000 223.0000 1.5281 1.6161 3.8935 -4.8169 1.9636 29.7969 0.1530 0.9952
Car 0.0000 0.0000 0.0000 371.0000 180.0000 499.0000 227.0000 1.5131 1.6329 3.9868 -5.9355 1.7529 24.7406 0.0561 0.9940
Car 0.0000 0.0000 0.0000 802.0000 126.0000 882.0000 186.0000 1.7723 1.7128 4.2429 7.5187 0.3742 23.6495 -1.4424 0.9932
Car 0.0000 0.0000 0.0000 654.0000 170.0000 685.0000 199.0000 2.2446 1.8720 4.9418 4.9469 1.9324 58.9996 1.5252 0.9904
Car 0.0000 0.0000 0.0000 486.0000 171.0000 555.0000 196.0000 1.5344 1.6554 4.1569 -5.6896 1.3717 46.5528 0.0548 0.9880
Car 0.0000 0.0000 0.0000 570.0000 178.0000 591.0000 197.0000 1.5094 1.6138 3.9015 -2.4452 1.8896 62.0486 1.4731 0.9846
Car 0.0000 0.0000 0.0000 769.0000 161.0000 829.0000 202.0000 1.5136 1.6105 3.8458 7.4240 1.0485 28.5126 1.5708 0.9644
Car 0.0000 0.0000 0.0000 216.0000 175.0000 337.0000 237.0000 1.5124 1.5941 3.7285 -8.9577 1.5622 19.6814 1.5708 0.9604
