Car 0.0000 0.0000 0.0000 576.0000 176.0000 610.0000 208.0000 1.5301 1.6197 3.5936 -0.8283 1.6283 35.9465 1.5331 0.9997
Car 0.0000 0.0000 0.0000 296.0000 178.0000 438.0000 265.0000 1.5320 1.6226 3.6449 -4.7263 1.6156 14.4898 1.5708 0.9997
Car 0.0000 0.0000 0.0000 -1.0000 185.0000 241.0000 288.0000 1.5267 1.6499 4.0259 -8.5895 1.7594 13.0622 1.5708 0.9996
Car 0.0000 0.0000 0.0000 432.0000 176.0000 504.0000 226.0000 1.5233 1.6591 4.1069 -4.6296 1.6060 24.0595 1.5549 0.9996
Car 0.0000 0.0000 0.0000 -555.0000 201.0000 250.0000 588.0000 1.5219 1.6123 3.6990 -4.2207 1.7667 4.9135 1.5604 0.9991
Car 0.0000 0.0000 0.0000 262.0000 174.0000 346.0000 230.0000 1.5010 1.6057 3.7764 -9.0877 1.5299 21.6682 1.3685 0.9984
Car 0.0000 0.0000 0.0000 161.0000 179.0000 264.0000 232.0000 1.4943 1.6181 3.9984 -12.3825 1.6598 22.6999 1.3985 0.9979
Car 0.0000 0.0000 0.0000 422.0000 175.0000 457.0000 195.0000 1.5027 1.6117 3.8913 -12.8706 1.5816 54.8939 1.5708 0.9977
Car 0.0000 0.0000 0.0000 503.0000 168.0000 546.0000 202.0000 1.7973 1.7693 4.8399 -4.6369 1.5067 40.3104 1.5708 0.9956
Car 0.0000 0.0000 0.0000 436.0000 170.0000 481.0000 198.0000 1.5800 1.6408 4.1031 -8.8906 1.3697 42.9577 1.5708 0.9914
Car 0.0000 0.0000 0.0000 375.0000 179.0000 422.0000 216.0000 1.4979 1.5956 3.8601 -9.2057 1.7399 31.7013 1.3839 0.9755
Car 0.0000 0.0000 0.0000 475.0000 164.0000 505.0000 188.0000 1.8297 1.7489 4.4144 -9.4978 1.0640 57.8003 1.5494 0.9725
Car 0.0000 0.0000 0.0000 470.0000 178.0000 517.0000 214.0000 1.4961 1.5895 3.7973 -5.1041 1.6702 32.0691 1.5337 0.9718
