Car 0.0000 0.0000 0.0000 347.0000 183.0000 493.0000 292.0000 1.5503 1.6141 3.4138 -3.0690 1.7180 12.2062 1.5537 0.9998
Car 0.0000 0.0000 0.0000 637.0000 187.0000 680.0000 228.0000 1.5183 1.6327 3.9431 2.0410 2.0764 29.4705 -1.4834 0.9996
Car 0.0000 0.0000 0.0000 541.0000 180.0000 572.0000 204.0000 1.5134 1.6222 3.7693 -3.4312 1.9000 47.6224 1.5708 0.9995
Car 0.0000 0.0000 0.0000 503.0000 181.0000 531.0000 207.0000 1.5081 1.6200 3.8609 -5.7048 1.9796 44.8869 1.4486 0.9988
Car 0.0000 0.0000 0.0000 -600.0000 193.0000 341.0000 678.0000 1.4825 1.5981 3.9568 -3.1947 1.6458 4.3169 1.5690 0.9967
Car 0.0000 0.0000 0.0000 627.0000 176.0000 653.0000 200.0000 1.5002 1.5959 3.7821 2.1136 1.6741 47.3375 1.5708 0.9894
Car 0.0000 0.0000 0.0000 712.0000 188.0000 796.0000 237.0000 1.6686 1.7058 4.3023 5.4064 2.2330 27.5079 1.4105 0.9863
Car 0.0000 0.0000 0.0000 673.0000 172.0000 713.0000 203.0000 1.7081 1.6861 4.2090 4.8474 1.6076 41.9760 1.5471 0.9827
Car 0.0000 0.0000 0.0000 137.0000 157.0000 362.0000 235.0000 1.5389 1.6321 3.9780 -7.5622 1.2281 15.2902 0.0632 0.9751
Car 0.0000 0.0000 0.0000 556.0000 178.0000 578.0000 198.0000 1.5000 1.6136 4.0078 -3.1994 1.8076 56.2424 1.5329 0.9743
