Car 0.0000 0.0000 0.0000 -68.0000 191.0000 353.0000 325.0000 1.4836 1.6821 4.2475 -5.6948 1.7276 9.0542 0.0344 0.9999
Car 0.0000 0.0000 0.0000 371.0000 178.0000 497.0000 221.0000 1.5423 1.6931 4.3384 -6.6110 1.7312 27.3929 0.0229 0.9998
Car 0.0000 0.0000 0.0000 634.0000 183.0000 676.0000 218.0000 1.5163 1.6450 3.9513 2.1062 1.9608 33.9397 1.5437 0.9997
Car 0.0000 0.0000 0.0000 733.0000 183.0000 907.0000 243.0000 1.4903 1.6740 4.2198 5.6057 1.7728 19.5308 0.0251 0.9997
Car 0.0000 0.0000 0.0000 219.0000 181.0000 372.0000 272.0000 1.4912 1.6369 3.9770 -6.2374 1.6520 14.0124 0.8662 0.9995
Car 0.0000 0.0000 0.0000 1031.0000 182.0000 1339.0000 360.0000 1.4707 1.6143 3.9182 6.3851 1.5789 7.8932 -0.6197 0.9994
Car 0.0000 0.0000 0.0000 618.0000 179.0000 638.0000 197.0000 1.5148 1.6327 3.9600 1.6557 1.9281 61.6279 1.5708 0.9992
Car 0.0000 0.0000 0.0000 555.0000 179.0000 579.0000 198.0000 1.5157 1.6462 4.0894 -3.3305 1.9150 58.1996 1.5708 0.9990
Car 0.0000 0.0000 0.0000 403.0000 175.0000 509.0000 214.0000 1.5467 1.6455 4.0661 -6.4487 1.6293 30.5195 0.0730 0.9962
Car 0.0000 0.0000 0.0000 504.0000 175.0000 533.0000 197.0000 1.5152 1.6286 4.0945 -6.3597 1.5828 50.4281 1.3425 0.9947
Car 0.0000 0.0000 0.0000 284.0000 181.0000 450.0000 240.0000 1.4846 1.6164 3.8752 -6.4367 1.6983 19.2820 0.0784 0.9894
Car 0.0000 0.0000 0.0000 533.0000 179.0000 554.0000 196.0000 1.5081 1.6047 3.8152 -5.9472 1.9703 66.0609 1.5479 0.9876
Car 0.0000 0.0000 0.0000 540.0000 184.0000 569.0000 206.0000 1.4982 1.6222 4.0039 -3.8894 2.2331 52.5077 1.5708 0.9823
Car 0.0000 0.0000 0.0000 669.0000 182.0000 691.0000 201.0000 1.4982 1.6191 4.0424 5.7598 2.1504 58.3016 1.5708 0.9770
Car 0.0000 0.0000 0.0000 436.0000 170.0000 488.0000 206.0000 1.6617 1.6805 4.3719 -7.2450 1.5147 35.8998 1.5692 0.9764
Car 0.0000 0.0000 0.0000 236.0000 180.0000 423.0000 249.0000 1.5210 1.6026 3.7950 -6.5552 1.6868 16.9651 0.1489 0.9719
Car 0.0000 0.0000 0.0000 89.0000 182.0000 381.0000 286.0000 1.4753 1.6316 3.9562 -5.8847 1.6235 11.4119 0.1980 0.9672
