Car 0.0000 0.0000 0.0000 613.0000 179.0000 694.0000 248.0000 1.5343 1.6057 3.3489 0.9913 1.6793 17.9840 1.5132 0.9998
Car 0.0000 0.0000 0.0000 -79.0000 191.0000 347.0000 407.0000 1.5173 1.6629 4.3290 -4.3942 1.7459 7.5513 1.5583 0.9997
Car 0.0000 0.0000 0.0000 342.0000 166.0000 477.0000 260.0000 1.7110 1.7025 4.1342 -4.0882 1.5888 15.3257 1.5708 0.9992
Car 0.0000 0.0000 0.0000 671.0000 180.0000 704.0000 207.0000 1.4989 1.6166 3.9076 4.6225 1.8757 42.7739 1.5708 0.9991
Car 0.0000 0.0000 0.0000 184.0000 148.0000 302.0000 209.0000 1.8275 1.7507 4.5709 -12.0934 1.0606 24.0954 1.5352 0.9969
Car 0.0000 0.0000 0.0000 -35.0000 179.0000 158.0000 255.0000 1.5034 1.6129 3.9121 -12.3119 1.6274 16.4741 1.5127 0.9959
Car 0.0000 0.0000 0.0000 500.0000 178.0000 560.0000 228.0000 1.4950 1.5828 3.7022 -2.5339 1.6480 23.5802 1.5579 0.9947
Car 0.0000 0.0000 0.0000 447.0000 181.0000 521.0000 231.0000 1.4999 1.6067 3.8841 -4.0334 1.7338 23.6693 1.5708 0.9913
Car 0.0000 0.0000 0.0000 527.0000 163.0000 555.0000 193.0000 2.0124 1.8047 4.7276 -4.7526 1.2649 50.9869 1.5213 0.9836
Car 0.0000 0.0000 0.0000 747.0000 180.0000 768.0000 197.0000 1.4970 1.6043 3.8709 13.4155 2.0445 64.8874 -1.4145 0.9823
Car 0.0000 0.0000 0.0000 92.0000 190.0000 266.0000 275.0000 1.4889 1.6056 4.0494 -9.0290 1.8817 15.4828 1.4874 0.9752
Car 0.0000 0.0000 0.0000 695.0000 177.0000 714.0000 193.0000 1.4895 1.5962 3.9817 9.4627 1.8188 71.0995 -1.4807 0.9700
Car 0.0000 0.0000 0.0000 70.0000 184.0000 188.0000 232.0000 1.5192 1.6249 3.9175 -16.6285 1.8858 25.1300 1.5329 0.9689
