Car 0.0000 0.0000 0.0000 82.0000 143.0000 369.0000 233.0000 1.5719 1.7361 4.5910 -7.2287 1.0437 13.7749 0.0477 0.9999
Car 0.0000 0.0000 0.0000 345.0000 180.0000 477.0000 225.0000 1.4937 1.6654 4.1517 -6.8630 1.7265 25.1479 0.0297 0.9999
Car 0.0000 0.0000 0.0000 759.0000 180.0000 951.0000 259.0000 1.4802 1.6349 4.0179 5.3332 1.6345 15.5919 -0.4988 0.9999
Car 0.0000 0.0000 0.0000 -429.0000 175.0000 179.0000 365.0000 1.5862 1.6889 4.2849 -6.8178 1.6214 6.9390 0.0475 0.9998
Car 0.0000 0.0000 0.0000 19.0000 188.0000 336.0000 292.0000 1.4977 1.6532 4.1130 -6.8020 1.7520 11.5887 -0.0018 0.9997
Car 0.0000 0.0000 0.0000 804.0000 185.0000 1091.0000 279.0000 1.5001 1.6753 4.2237 5.7416 1.7216 12.6451 0.0313 0.9997
Car 0.0000 0.0000 0.0000 630.0000 181.0000 683.0000 220.0000 1.5120 1.6387 3.9512 1.9404 1.8350 30.8510 1.4776 0.9996
Car 0.0000 0.0000 0.0000 384.0000 179.0000 500.0000 221.0000 1.5375 1.6475 4.0708 -6.4322 1.7497 27.8591 0.1117 0.9994
Car 0.0000 0.0000 0.0000 742.0000 176.0000 932.0000 242.0000 1.5118 1.6648 4.1756 5.5000 1.5805 17.7990 0.0106 0.9990
Car 0.0000 0.0000 0.0000 897.0000 180.0000 1267.0000 300.0000 1.4766 1.6281 3.9858 6.3019 1.5883 10.0856 0.1726 0.9975
Car 0.0000 0.0000 0.0000 450.0000 167.0000 488.0000 196.0000 1.5080 1.6007 3.7714 -7.6737 1.1540 39.8145 1.5023 0.9967
Car 0.0000 0.0000 0.0000 425.0000 170.0000 471.0000 204.0000 1.5058 1.6055 3.9438 -7.5280 1.3515 33.9886 1.4845 0.9882
Car 0.0000 0.0000 0.0000 1009.0000 176.0000 1596.0000 352.0000 1.5015 1.6352 4.0341 6.4537 1.5447 7.1756 0.1149 0.9879
