Car 0.0000 0.0000 0.0000 389.0000 182.0000 488.0000 250.0000 1.5455 1.6709 4.0769 -4.3371 1.7737 18.7732 1.5488 0.9999
Car 0.0000 0.0000 0.0000 699.0000 183.0000 835.0000 279.0000 1.5288 1.5981 3.3992 2.7377 1.7013 13.3400 1.5160 0.9998
Car 0.0000 0.0000 0.0000 799.0000 191.0000 1173.0000 427.0000 1.5234 1.5899 3.3961 2.9638 1.7174 6.5697 1.5615 0.9997
Car 0.0000 0.0000 0.0000 655.0000 178.0000 745.0000 247.0000 1.5345 1.6244 3.6931 2.1334 1.6438 17.9769 1.5302 0.9996
Car 0.0000 0.0000 0.0000 640.0000 177.0000 701.0000 228.0000 1.5228 1.6298 3.9326 1.9258 1.6406 23.7821 1.5623 0.9992
Car 0.0000 0.0000 0.0000 -3362.0000 206.0000 218.0000 1822.0000 1.5169 1.6197 3.8615 -3.3698 1.7174 2.6736 1.5708 0.9990
Car 0.0000 0.0000 0.0000 1087.0000 -312.0000 25452.0000 8913.0000 1.5067 1.5935 3.7132 3.2681 1.4422 2.0058 1.5708 0.9977
Car 0.0000 0.0000 0.0000 623.0000 174.0000 662.0000 207.0000 1.5171 1.6050 3.7906 1.6082 1.5611 35.6591 1.5340 0.9967
Car 0.0000 0.0000 0.0000 612.0000 175.0000 638.0000 194.0000 1.5010 1.5862 3.6712 1.3546 1.5563 57.0949 -1.4121 0.9892
Car 0.0000 0.0000 0.0000 573.0000 179.0000 590.0000 195.0000 1.5382 1.6384 3.8786 -2.6584 2.0125 71.5262 1.5573 0.9842
Car 0.0000 0.0000 0.0000 744.0000 169.0000 823.0000 198.0000 1.5435 1.6545 4.1340 9.7947 1.2986 40.6182 0.1416 0.9708
