Car 0.0000 0.0000 0.0000 780.0000 182.0000 1197.0000 415.0000 1.5382 1.6570 4.0079 3.0454 1.6351 6.9179 1.4991 0.9997
Car 0.0000 0.0000 0.0000 134.0000 187.0000 431.0000 374.0000 1.5139 1.6480 4.0539 -3.3089 1.6943 8.1324 1.5299 0.9996
Car 0.0000 0.0000 0.0000 449.0000 162.0000 517.0000 211.0000 1.5158 1.6246 3.7564 -4.2102 1.1578 24.4048 1.5708 0.9996
Car 0.0000 0.0000 0.0000 730.0000 176.0000 888.0000 282.0000 1.5205 1.5873 3.4298 3.1619 1.5706 12.1731 1.5319 0.9994
Car 0.0000 0.0000 0.0000 672.0000 176.0000 766.0000 241.0000 1.5185 1.5968 3.5687 2.7405 1.5800 18.8584 1.4755 0.9993
Car 0.0000 0.0000 0.0000 -2510.0000 -55.0000 265.0000 1366.0000 1.6120 1.6495 3.8148 -2.9628 1.3566 2.7931 1.4671 0.9993
Car 0.0000 0.0000 0.0000 653.0000 176.0000 711.0000 227.0000 1.5174 1.6215 3.8973 2.2891 1.5871 23.5328 1.5708 0.9986
Car 0.0000 0.0000 0.0000 605.0000 166.0000 626.0000 186.0000 1.6321 1.6827 4.2038 0.6598 0.9840 62.8167 1.5708 0.9961
Car 0.0000 0.0000 0.0000 634.0000 169.0000 675.0000 208.0000 1.5180 1.5987 3.6153 1.8187 1.3346 29.7876 1.5708 0.9944
Car 0.0000 0.0000 0.0000 502.0000 167.0000 538.0000 196.0000 1.5249 1.6272 4.0788 -4.9248 1.1563 40.3173 1.5281 0.9678
Car 0.0000 0.0000 0.0000 -2398.0000 -771.0000 1560.0000 508.0000 1.5018 1.6089 3.9003 3.0848 1.3017 0.9410 1.5296 0.9644
