Car 0.0000 0.0000 0.0000 750.0000 178.0000 884.0000 265.0000 1.5421 1.6275 3.5939 4.0791 1.6411 14.7912 1.5450 0.9998
Car 0.0000 0.0000 0.0000 824.0000 186.0000 1092.0000 346.0000 1.5319 1.6183 3.6476 3.9410 1.7047 8.9118 1.5708 0.9998
Car 0.0000 0.0000 0.0000 452.0000 183.0000 525.0000 231.0000 1.5106 1.6245 3.8692 -4.1029 1.8414 24.9658 1.5708 0.9994
Car 0.0000 0.0000 0.0000 721.0000 180.0000 810.0000 242.0000 1.5278 1.6384 3.9330 4.2086 1.7025 19.9594 1.5708 0.9994
Car 0.0000 0.0000 0.0000 561.0000 181.0000 588.0000 204.0000 1.5095 1.6223 3.8539 -2.4440 2.0563 51.9953 1.5708 0.9994
Car 0.0000 0.0000 0.0000 1020.0000 183.0000 2712.0000 909.0000 1.5200 1.6068 3.6429 3.6880 1.5830 3.3813 1.5708 0.9991
Car 0.0000 0.0000 0.0000 702.0000 178.0000 766.0000 225.0000 1.5118 1.6009 3.6277 4.3138 1.6674 25.3903 1.5708 0.9989
Car 0.0000 0.0000 0.0000 378.0000 172.0000 468.0000 204.0000 1.5030 1.6186 3.9235 -9.0216 1.4157 35.0237 0.0934 0.9878
Car 0.0000 0.0000 0.0000 687.0000 176.0000 732.0000 214.0000 1.4938 1.5875 3.7585 4.1971 1.6109 30.4830 1.5708 0.9827
Car 0.0000 0.0000 0.0000 1065.0000 166.0000 1201.0000 206.0000 1.5268 1.6382 4.1592 21.0051 1.2343 29.0594 0.3941 0.9693
Car 0.0000 0.0000 0.0000 910.0000 181.0000 942.0000 205.0000 1.4978 1.5936 3.7910 20.2363 1.9345 45.9752 -1.2163 0.9607
