Car 0.0000 0.0000 0.0000 -12.0000 192.0000 253.0000 333.0000 1.5262 1.6252 3.6462 -6.5536 1.8167 10.1042 1.4366 0.9998
Car 0.0000 0.0000 0.0000 263.0000 186.0000 376.0000 251.0000 1.5157 1.6549 4.0787 -7.6009 1.8484 19.2386 1.4919 0.9996
Car 0.0000 0.0000 0.0000 682.0000 182.0000 741.0000 235.0000 1.5124 1.5948 3.5243 3.1408 1.7791 22.7668 1.5708 0.9995
Car 0.0000 0.0000 0.0000 461.0000 182.0000 487.0000 201.0000 1.5043 1.6203 3.9071 -11.4317 2.1939 61.3746 1.5221 0.9992
Car 0.0000 0.0000 0.0000 245.0000 189.0000 299.0000 221.0000 1.5152 1.6291 3.8054 -17.5199 2.3233 37.5525 1.3859 0.9992
Car 0.0000 0.0000 0.0000 769.0000 182.0000 794.0000 205.0000 1.5096 1.6343 4.0438 12.1344 2.1195 50.7687 -1.3534 0.9991
Car 0.0000 0.0000 0.0000 256.0000 187.0000 335.0000 228.0000 1.5006 1.6117 3.8837 -12.6689 2.0578 29.3163 1.5462 0.9978
Car 0.0000 0.0000 0.0000 400.0000 170.0000 456.0000 209.0000 1.5621 1.6578 4.2566 -7.8868 1.4245 31.6064 1.4975 0.9955
Car 0.0000 0.0000 0.0000 676.0000 182.0000 704.0000 206.0000 1.4903 1.6065 3.9073 5.4289 2.0313 47.9786 -1.3955 0.9948
Car 0.0000 0.0000 0.0000 339.0000 192.0000 389.0000 222.0000 1.5052 1.6210 3.9645 -13.8812 2.5927 40.9351 1.5313 0.9887
