Car 0.0000 0.0000 0.0000 435.0000 179.0000 526.0000 252.0000 1.5154 1.6257 3.7413 -2.9682 1.6454 17.1165 1.5264 0.9997
Car 0.0000 0.0000 0.0000 -705.0000 200.0000 345.0000 783.0000 1.5229 1.6632 4.2727 -3.1053 1.7443 4.2314 1.5108 0.9997
Car 0.0000 0.0000 0.0000 724.0000 183.0000 972.0000 331.0000 1.5362 1.6328 3.7709 2.8360 1.6655 9.5625 1.4458 0.9996
Car 0.0000 0.0000 0.0000 669.0000 182.0000 753.0000 247.0000 1.5295 1.6370 3.8833 2.6213 1.7717 19.4458 1.5558 0.9995
Car 0.0000 0.0000 0.0000 643.0000 175.0000 676.0000 205.0000 1.5158 1.5958 3.4876 2.6071 1.5729 37.7522 1.5708 0.9995
Car 0.0000 0.0000 0.0000 513.0000 182.0000 566.0000 224.0000 1.4993 1.6327 4.0427 -2.6420 1.8219 28.0283 1.5708 0.9994
Car 0.0000 0.0000 0.0000 677.0000 177.0000 808.0000 263.0000 1.5128 1.6325 3.9129 2.5632 1.5917 14.8868 1.4779 0.9994
Car 0.0000 0.0000 0.0000 812.0000 193.0000 1512.0000 609.0000 1.5242 1.6050 3.6052 2.6395 1.6858 4.6080 1.5339 0.9993
Car 0.0000 0.0000 0.0000 555.0000 176.0000 583.0000 197.0000 1.5072 1.6133 3.7733 -2.9714 1.6540 54.6046 1.5708 0.9990
Car 0.0000 0.0000 0.0000 -952.0000 26.0000 86.0000 385.0000 1.5188 1.6226 4.0288 -5.9445 0.9000 5.0896 1.5148 0.9783
Car 0.0000 0.0000 0.0000 540.0000 170.0000 561.0000 188.0000 1.6891 1.7050 4.2887 -5.6666 1.3706 70.6179 1.5698 0.9742
