Car 0.0000 0.0000 0.0000 563.0000 181.0000 583.0000 200.0000 1.5281 1.6458 3.7639 -3.0762 2.1332 61.9235 1.5271 0.9999
Car 0.0000 0.0000 0.0000 495.0000 185.0000 550.0000 236.0000 1.5275 1.6235 3.6101 -2.8659 1.9345 24.2773 1.5134 0.9998
Car 0.0000 0.0000 0.0000 321.0000 189.0000 480.0000 312.0000 1.5337 1.6444 3.9314 -3.1200 1.8097 11.4093 1.4963 0.9997
Car 0.0000 0.0000 0.0000 710.0000 178.0000 881.0000 293.0000 1.5240 1.6188 3.5646 2.7308 1.6042 11.4612 1.5230 0.9996
Car 0.0000 0.0000 0.0000 636.0000 179.0000 663.0000 205.0000 1.5150 1.6003 3.5443 2.5613 1.8343 44.9533 1.5708 0.9995
Car 0.0000 0.0000 0.0000 663.0000 180.0000 739.0000 235.0000 1.5293 1.6315 3.7920 2.7035 1.7149 21.9933 1.5169 0.9995
Car 0.0000 0.0000 0.0000 684.0000 189.0000 791.0000 267.0000 1.5096 1.6077 3.6748 2.7831 1.8879 16.5130 1.5176 0.9994
Car 0.0000 0.0000 0.0000 30.0000 189.0000 442.0000 446.0000 1.5011 1.6182 3.9008 -2.7835 1.6717 6.3517 1.5674 0.9994
Car 0.0000 0.0000 0.0000 649.0000 178.0000 709.0000 222.0000 1.5320 1.6330 3.8612 2.5413 1.6773 26.9630 1.5092 0.9992
Car 0.0000 0.0000 0.0000 507.0000 175.0000 531.0000 200.0000 1.7565 1.7323 4.6447 -6.6084 1.8270 53.3537 1.4615 0.9854
