Car 0.0000 0.0000 0.0000 393.0000 193.0000 466.0000 242.0000 1.5212 1.6455 3.8432 -6.3298 2.2375 25.7020 1.5708 0.9998
Car 0.0000 0.0000 0.0000 -11.0000 209.0000 89.0000 248.0000 1.5359 1.6984 4.1884 -26.2429 3.2248 33.2774 1.4529 0.9998
Car 0.0000 0.0000 0.0000 49.0000 204.0000 139.0000 243.0000 1.5210 1.6839 4.1712 -23.7719 2.9978 33.3957 1.4149 0.9998
Car 0.0000 0.0000 0.0000 100.0000 198.0000 190.0000 237.0000 1.5240 1.6805 4.1927 -20.8679 2.6799 32.5551 1.4751 0.9998
Car 0.0000 0.0000 0.0000 668.0000 175.0000 711.0000 216.0000 1.5304 1.6125 3.5313 3.1860 1.5830 29.0242 1.5708 0.9997
Car 0.0000 0.0000 0.0000 158.0000 197.0000 242.0000 235.0000 1.5026 1.6379 4.0319 -18.3822 2.6094 32.5545 1.5336 0.9989
Car 0.0000 0.0000 0.0000 434.0000 193.0000 497.0000 232.0000 1.4948 1.6343 4.1247 -6.1622 2.3639 31.2156 1.5708 0.9988
Car 0.0000 0.0000 0.0000 1034.0000 145.0000 1114.0000 177.0000 1.6001 1.6526 3.8394 24.6820 0.1640 38.3769 1.5369 0.9966
Car 0.0000 0.0000 0.0000 295.0000 204.0000 374.0000 273.0000 1.5095 1.6259 3.9412 -7.2390 2.3776 19.2297 1.2927 0.9946
Car 0.0000 0.0000 0.0000 710.0000 151.0000 755.0000 181.0000 1.5483 1.6392 4.0501 6.7653 0.3693 39.8182 1.5285 0.9656
