Car 0.0000 0.0000 0.0000 -958.0000 188.0000 308.0000 824.0000 1.5157 1.6173 3.8848 -3.1939 1.6206 3.7470 1.5427 0.9989
Car 0.0000 0.0000 0.0000 760.0000 169.0000 898.0000 218.0000 1.5266 1.6727 4.2630 7.2601 1.4065 24.0393 0.2734 0.9978
Car 0.0000 0.0000 0.0000 505.0000 175.0000 527.0000 193.0000 1.5114 1.6003 3.8115 -8.0344 1.6354 62.6938 1.5211 0.9854
Car 0.0000 0.0000 0.0000 770.0000 164.0000 812.0000 191.0000 1.5022 1.5922 3.7423 10.6124 0.9539 42.1223 1.5708 0.9830
Car 0.0000 0.0000 0.0000 301.0000 185.0000 343.0000 206.0000 1.5040 1.6115 3.9500 -21.8301 2.3590 55.0212 1.5708 0.9806
Car 0.0000 0.0000 0.0000 -30.0000 189.0000 43.0000 219.0000 1.4969 1.5915 3.8273 -32.1429 2.3125 38.4783 1.2925 0.9760
Car 0.0000 0.0000 0.0000 595.0000 178.0000 617.0000 197.0000 1.5006 1.6174 3.9962 -0.2091 1.8112 58.1788 1.5708 0.9748
Car 0.0000 0.0000 0.0000 1176.0000 171.0000 1304.0000 207.0000 1.4916 1.6423 3.9987 27.2319 1.3788 31.1442 0.0461 0.9726
Car 0.0000 0.0000 0.0000 728.0000 173.0000 750.0000 192.0000 1.4993 1.5953 3.8459 10.3878 1.4211 57.5856 -1.4270 0.9721
Car 0.0000 0.0000 0.0000 595.0000 175.0000 615.0000 191.0000 1.5010 1.6015 3.8507 -0.3005 1.6149 68.9203 1.5708 0.9630
