Car 0.0000 0.0000 0.0000 -494.0000 199.0000 171.0000 476.0000 1.5349 1.6545 3.9593 -5.8932 1.8177 6.3145 1.5507 0.9998
Car 0.0000 0.0000 0.0000 199.0000 197.0000 389.0000 296.0000 1.5179 1.6630 4.1750 -5.8482 2.0145 13.8853 1.5708 0.9998
Car 0.0000 0.0000 0.0000 786.0000 178.0000 1128.0000 365.0000 1.5313 1.6524 3.9505 3.3695 1.5874 7.9898 1.5027 0.9997
Car 0.0000 0.0000 0.0000 1038.0000 164.0000 1460.0000 302.0000 1.4723 1.6244 3.9593 8.2709 1.3872 9.8062 1.1239 0.9996
Car 0.0000 0.0000 0.0000 719.0000 176.0000 878.0000 273.0000 1.5294 1.6557 4.0691 3.3146 1.5844 13.5296 1.5057 0.9996
Car 0.0000 0.0000 0.0000 499.0000 182.0000 536.0000 208.0000 1.5038 1.6194 3.8690 -5.5095 1.9778 43.8149 1.5708 0.9995
Car 0.0000 0.0000 0.0000 343.0000 190.0000 443.0000 254.0000 1.5082 1.6329 3.9791 -5.8602 1.9968 19.8892 1.5547 0.9994
Car 0.0000 0.0000 0.0000 693.0000 181.0000 751.0000 232.0000 1.5012 1.5974 3.6868 3.5986 1.7376 23.4649 -1.4825 0.9992
Car 0.0000 0.0000 0.0000 438.0000 185.0000 502.0000 227.0000 1.5112 1.6291 4.0131 -5.4555 1.9895 28.6854 1.5708 0.9974
Car 0.0000 0.0000 0.0000 653.0000 177.0000 688.0000 208.0000 1.5120 1.6046 3.7899 3.1714 1.7030 37.8482 1.5708 0.9961
Car 0.0000 0.0000 0.0000 674.0000 178.0000 717.0000 218.0000 1.4947 1.5822 3.6351 3.5202 1.6762 29.1875 -1.4352 0.9953
Car 0.0000 0.0000 0.0000 905.0000 136.0000 1087.0000 222.0000 1.6838 1.6814 4.0471 8.4828 0.9573 16.2882 1.4961 0.9765
