Car 0.0000 0.0000 0.0000 742.0000 178.0000 852.0000 254.0000 1.5558 1.6202 3.3563 4.2111 1.6676 16.7099 1.5631 0.9999
Car 0.0000 0.0000 0.0000 785.0000 184.0000 993.0000 311.0000 1.5361 1.6602 4.0301 3.9626 1.7189 11.0178 1.5708 0.9998
Car 0.0000 0.0000 0.0000 467.0000 183.0000 524.0000 227.0000 1.5158 1.6216 3.7165 -4.1922 1.8701 27.0298 1.5492 0.9997
Car 0.0000 0.0000 0.0000 895.0000 165.0000 1671.0000 550.0000 1.7072 1.7034 4.2708 3.8480 1.6899 5.3683 1.5472 0.9993
Car 0.0000 0.0000 0.0000 719.0000 180.0000 791.0000 235.0000 1.5162 1.5982 3.5531 4.2971 1.6968 21.7111 1.5708 0.9991
Car 0.0000 0.0000 0.0000 395.0000 174.0000 480.0000 204.0000 1.4874 1.6218 3.9305 -8.8622 1.4985 37.3540 0.1670 0.9957
Car 0.0000 0.0000 0.0000 705.0000 176.0000 753.0000 218.0000 1.5024 1.6038 3.8354 4.5139 1.5863 27.5424 -1.4604 0.9951
Car 0.0000 0.0000 0.0000 692.0000 176.0000 731.0000 211.0000 1.5036 1.5937 3.7762 4.5654 1.5866 32.4634 -1.4534 0.9738
Car 0.0000 0.0000 0.0000 508.0000 183.0000 557.0000 218.0000 1.4849 1.5972 3.8396 -3.4062 1.8973 32.6621 1.5708 0.9670
Car 0.0000 0.0000 0.0000 938.0000 179.0000 977.0000 206.0000 1.5005 1.6098 3.8592 20.5056 1.8148 42.4341 -1.2402 0.9668
