Car 0.0000 0.0000 0.0000 242.0000 192.0000 434.0000 319.0000 1.5259 1.6406 3.7527 -3.9520 1.8528 11.0636 1.5351 0.9999
Car 0.0000 0.0000 0.0000 829.0000 161.0000 1016.0000 222.0000 1.4933 1.6699 4.2060 8.1903 1.2048 19.0978 0.0252 0.9998
Car 0.0000 0.0000 0.0000 788.0000 166.0000 952.0000 221.0000 1.5848 1.7105 4.4250 7.9413 1.3759 22.2461 0.0315 0.9997
Car 0.0000 0.0000 0.0000 658.0000 180.0000 709.0000 226.0000 1.5308 1.5892 3.2647 2.6023 1.7660 25.9526 1.5708 0.9997
Car 0.0000 0.0000 0.0000 476.0000 184.0000 511.0000 212.0000 1.5174 1.6555 4.0920 -6.6163 2.1089 41.7321 1.4950 0.9996
Car 0.0000 0.0000 0.0000 -1059.0000 201.0000 269.0000 873.0000 1.5275 1.6477 4.0493 -3.5300 1.7455 3.8643 1.4963 0.9996
Car 0.0000 0.0000 0.0000 402.0000 190.0000 468.0000 234.0000 1.5102 1.6219 3.8437 -6.5200 2.1326 27.3031 1.5572 0.9994
Car 0.0000 0.0000 0.0000 736.0000 174.0000 851.0000 214.0000 1.5022 1.6589 4.1397 7.2071 1.5309 28.4137 0.0732 0.9989
Car 0.0000 0.0000 0.0000 976.0000 158.0000 1066.0000 188.0000 1.5046 1.6134 4.0244 21.8699 0.7373 38.3810 1.2163 0.9947
Car 0.0000 0.0000 0.0000 621.0000 177.0000 642.0000 196.0000 1.4902 1.5938 3.8768 1.9256 1.7617 60.0127 1.5708 0.9903
Car 0.0000 0.0000 0.0000 1008.0000 160.0000 1094.0000 193.0000 1.5514 1.6445 4.0494 21.6516 0.8750 35.2455 -0.4389 0.9891
Car 0.0000 0.0000 0.0000 306.0000 191.0000 403.0000 258.0000 1.4915 1.5927 3.8369 -6.5401 1.9765 18.8260 1.4497 0.9813
Car 0.0000 0.0000 0.0000 777.0000 162.0000 802.0000 182.0000 1.7454 1.7178 4.3350 16.9918 0.6865 67.6851 -1.4671 0.9749
Car 0.0000 0.0000 0.0000 423.0000 193.0000 469.0000 233.0000 1.5161 1.6337 3.8259 -6.8363 2.3569 30.4447 1.4161 0.9711
