Car 0.0000 0.0000 0.0000 222.0000 180.0000 362.0000 273.0000 1.5063 1.6519 4.0408 -6.3141 1.6497 14.0038 0.9379 0.9998
Car 0.0000 0.0000 0.0000 782.0000 183.0000 1161.0000 415.0000 1.5380 1.6263 3.6594 2.8569 1.6340 6.7048 1.5570 0.9998
Car 0.0000 0.0000 0.0000 854.0000 174.0000 1162.0000 271.0000 1.4504 1.6520 4.0688 6.2882 1.4793 11.7777 0.0862 0.9997
Car 0.0000 0.0000 0.0000 -82.0000 178.0000 334.0000 316.0000 1.5171 1.6792 4.2626 -5.9264 1.5956 8.9986 0.1212 0.9996
Car 0.0000 0.0000 0.0000 633.0000 177.0000 676.0000 205.0000 1.4983 1.6302 4.0425 2.5064 1.6758 40.5217 1.4258 0.9987
Car 0.0000 0.0000 0.0000 724.0000 180.0000 862.0000 231.0000 1.4778 1.6021 3.9431 5.7141 1.6732 22.4620 -0.3358 0.9987
Car 0.0000 0.0000 0.0000 325.0000 160.0000 475.0000 211.0000 1.5724 1.6942 4.3960 -6.7888 1.1581 23.5372 0.0613 0.9984
Car 0.0000 0.0000 0.0000 774.0000 175.0000 869.0000 245.0000 1.5839 1.6619 4.0954 5.3054 1.6302 18.5181 -1.4481 0.9973
Car 0.0000 0.0000 0.0000 21.0000 167.0000 335.0000 274.0000 1.5523 1.6417 4.0740 -6.7558 1.4809 11.4741 0.0481 0.9971
Car 0.0000 0.0000 0.0000 856.0000 176.0000 990.0000 261.0000 1.4457 1.5937 3.8515 6.3069 1.4952 14.2852 -0.9332 0.9970
Car 0.0000 0.0000 0.0000 -760.0000 222.0000 113.0000 576.0000 1.4874 1.5838 3.7211 -5.3047 1.8213 4.2797 0.1547 0.9963
Car 0.0000 0.0000 0.0000 437.0000 169.0000 524.0000 201.0000 1.4904 1.6132 3.8917 -6.2134 1.2919 34.9977 0.0920 0.9960
Car 0.0000 0.0000 0.0000 225.0000 172.0000 430.0000 246.0000 1.5836 1.6472 4.0710 -6.4064 1.5610 16.5272 0.0716 0.9957
Car 0.0000 0.0000 0.0000 706.0000 180.0000 823.0000 226.0000 1.4920 1.6055 3.8665 5.4772 1.7354 25.4034 -0.4428 0.9949
Car 0.0000 0.0000 0.0000 451.0000 177.0000 534.0000 208.0000 1.5579 1.6239 3.9313 -6.0286 1.7531 37.5124 0.1903 0.9896
Car 0.0000 0.0000 0.0000 516.0000 169.0000 543.0000 192.0000 1.5140 1.5903 3.6917 -5.3995 1.2014 49.3716 1.5378 0.9768
Car 0.0000 0.0000 0.0000 320.0000 178.0000 467.0000 234.0000 1.5343 1.6193 3.8682 -6.3595 1.6864 21.2844 0.2466 0.9756
Car 0.0000 0.0000 0.0000 -293.0000 183.0000 190.0000 391.0000 1.5268 1.6296 3.9614 -6.2039 1.6395 6.7502 0.3248 0.9687
Car 0.0000 0.0000 0.0000 699.0000 174.0000 814.0000 217.0000 1.5595 1.6557 4.1298 5.5510 1.5921 27.5301 0.0757 0.9611
