Car 0.0000 0.0000 0.0000 688.0000 178.0000 806.0000 264.0000 1.5504 1.6404 3.7026 2.6963 1.6503 15.0133 1.5406 0.9999
Car 0.0000 0.0000 0.0000 -170.0000 197.0000 262.0000 346.0000 1.4789 1.6189 3.8456 -6.3358 1.7771 8.2854 0.0806 0.9998
Car 0.0000 0.0000 0.0000 28.0000 186.0000 358.0000 295.0000 1.4813 1.6537 4.0893 -6.1997 1.6901 10.9749 0.0077 0.9997
Car 0.0000 0.0000 0.0000 108.0000 185.0000 385.0000 275.0000 1.5074 1.6731 4.2380 -6.5440 1.7327 13.2082 0.0276 0.9997
Car 0.0000 0.0000 0.0000 306.0000 184.0000 482.0000 246.0000 1.5021 1.6526 4.0949 -5.5647 1.7921 18.8707 0.0342 0.9997
Car 0.0000 0.0000 0.0000 672.0000 179.0000 726.0000 225.0000 1.5213 1.6208 3.8135 3.1687 1.7227 26.0137 1.5708 0.9994
Car 0.0000 0.0000 0.0000 341.0000 175.0000 483.0000 225.0000 1.5575 1.6760 4.2412 -6.5310 1.6269 24.0743 0.0542 0.9992
Car 0.0000 0.0000 0.0000 647.0000 173.0000 675.0000 198.0000 1.5092 1.6220 3.8813 3.3204 1.4714 45.2792 -1.4579 0.9988
Car 0.0000 0.0000 0.0000 819.0000 187.0000 1334.0000 484.0000 1.5051 1.5754 3.4668 2.9525 1.6332 5.5437 1.5192 0.9986
Car 0.0000 0.0000 0.0000 469.0000 183.0000 530.0000 220.0000 1.5144 1.6457 4.2342 -4.9301 1.9704 32.9536 -1.4313 0.9977
Car 0.0000 0.0000 0.0000 107.0000 164.0000 183.0000 200.0000 1.5171 1.5879 3.5643 -20.8193 1.0927 32.4364 1.4181 0.9925
Car 0.0000 0.0000 0.0000 401.0000 174.0000 519.0000 215.0000 1.6256 1.6963 4.3931 -6.0544 1.6380 29.3818 0.2094 0.9909
Car 0.0000 0.0000 0.0000 319.0000 166.0000 461.0000 218.0000 1.4818 1.5819 3.7686 -6.5777 1.2760 21.7627 0.0804 0.9658
