0.000000 0.364561 0.368787 0.418079
0.025000 0.364561 0.368787 0.384142
0.050000 0.364561 0.368787 0.384142
0.075000 0.364561 0.368787 0.378391
0.100000 0.364561 0.367411 0.378391
0.125000 0.364561 0.367411 0.378391
0.150000 0.364561 0.367411 0.378391
0.175000 0.364561 0.367411 0.378391
0.200000 0.364561 0.367411 0.378391
0.225000 0.364561 0.367411 0.369334
0.250000 0.364561 0.367411 0.369334
0.275000 0.364561 0.367411 0.369334
0.300000 0.364561 0.358200 0.369334
0.325000 0.364561 0.358200 0.369334
0.350000 0.364561 0.358200 0.362029
0.375000 0.364561 0.358200 0.362029
0.400000 0.364561 0.358200 0.362029
0.425000 0.364561 0.358200 0.352391
0.450000 0.364561 0.349196 0.352391
0.475000 0.364561 0.349196 0.345128
0.500000 0.347691 0.349196 0.337275
0.525000 0.347691 0.338391 0.332048
0.550000 0.347691 0.338391 0.323527
0.575000 0.347691 0.329983 0.313657
0.600000 0.347691 0.329983 0.305247
0.625000 0.347691 0.321165 0.293377
0.650000 0.347691 0.308569 0.276665
0.675000 0.347691 0.299255 0.253409
0.700000 0.330395 0.281619 0.213575
0.725000 0.330395 0.262811 0.000000
0.750000 0.330395 0.219546 0.000000
0.775000 0.330395 0.182403 0.000000
0.800000 0.312967 0.000000 0.000000
0.825000 0.299408 0.000000 0.000000
0.850000 0.287402 0.000000 0.000000
0.875000 0.257426 0.000000 0.000000
0.900000 0.187594 0.000000 0.000000
0.925000 0.163511 0.000000 0.000000
0.950000 0.000000 0.000000 0.000000
0.975000 0.000000 0.000000 0.000000
1.000000 0.000000 0.000000 0.000000
