0.000000 0.488565 0.537212 0.554707
0.025000 0.488565 0.537212 0.554707
0.050000 0.488565 0.537212 0.554707
0.075000 0.488565 0.537212 0.554707
0.100000 0.488565 0.537212 0.554707
0.125000 0.488565 0.537212 0.554707
0.150000 0.488565 0.537212 0.540442
0.175000 0.488565 0.537212 0.540442
0.200000 0.488565 0.519762 0.540442
0.225000 0.488565 0.519762 0.519685
0.250000 0.488565 0.519762 0.519685
0.275000 0.488565 0.519762 0.502004
0.300000 0.488565 0.494605 0.487495
0.325000 0.465921 0.494605 0.465551
0.350000 0.465921 0.474370 0.430105
0.375000 0.465921 0.440993 0.354989
0.400000 0.465921 0.420396 0.262503
0.425000 0.465921 0.337263 0.000000
0.450000 0.465921 0.224563 0.000000
0.475000 0.435267 0.000000 0.000000
0.500000 0.435267 0.000000 0.000000
0.525000 0.411563 0.000000 0.000000
0.550000 0.374391 0.000000 0.000000
0.575000 0.203555 0.000000 0.000000
0.600000 0.000000 0.000000 0.000000
0.625000 0.000000 0.000000 0.000000
0.650000 0.000000 0.000000 0.000000
0.675000 0.000000 0.000000 0.000000
0.700000 0.000000 0.000000 0.000000
0.725000 0.000000 0.000000 0.000000
0.750000 0.000000 0.000000 0.000000
0.775000 0.000000 0.000000 0.000000
0.800000 0.000000 0.000000 0.000000
0.825000 0.000000 0.000000 0.000000
0.850000 0.000000 0.000000 0.000000
0.875000 0.000000 0.000000 0.000000
0.900000 0.000000 0.000000 0.000000
0.925000 0.000000 0.000000 0.000000
0.950000 0.000000 0.000000 0.000000
0.975000 0.000000 0.000000 0.000000
1.000000 0.000000 0.000000 0.000000
