0.000000 0.801479 0.836287 0.844947
0.025000 0.801479 0.836287 0.844947
0.050000 0.801479 0.836287 0.844947
0.075000 0.801479 0.836287 0.844947
0.100000 0.801479 0.836287 0.844947
0.125000 0.801479 0.836287 0.844947
0.150000 0.801479 0.836287 0.844947
0.175000 0.801479 0.836287 0.844947
0.200000 0.801479 0.836287 0.844947
0.225000 0.801479 0.836287 0.822036
0.250000 0.801479 0.836287 0.822036
0.275000 0.801479 0.836287 0.822036
0.300000 0.801479 0.811071 0.822036
0.325000 0.801479 0.811071 0.822036
0.350000 0.801479 0.811071 0.800833
0.375000 0.801479 0.811071 0.800833
0.400000 0.801479 0.811071 0.800833
0.425000 0.801479 0.811071 0.778636
0.450000 0.801479 0.786574 0.778636
0.475000 0.801479 0.786574 0.761038
0.500000 0.760985 0.786574 0.745693
0.525000 0.760985 0.761501 0.733080
0.550000 0.760985 0.761501 0.713366
0.575000 0.760985 0.740948 0.690551
0.600000 0.760985 0.740948 0.671595
0.625000 0.760985 0.722409 0.643863
0.650000 0.760985 0.694515 0.606918
0.675000 0.760985 0.671879 0.555139
0.700000 0.722964 0.632138 0.467068
0.725000 0.722964 0.589011 0.000000
0.750000 0.722964 0.491346 0.000000
0.775000 0.722964 0.408137 0.000000
0.800000 0.684798 0.000000 0.000000
0.825000 0.655007 0.000000 0.000000
0.850000 0.630622 0.000000 0.000000
0.875000 0.566000 0.000000 0.000000
0.900000 0.411839 0.000000 0.000000
0.925000 0.358901 0.000000 0.000000
0.950000 0.000000 0.000000 0.000000
0.975000 0.000000 0.000000 0.000000
1.000000 0.000000 0.000000 0.000000
