0.000000 0.847584 0.873228 0.881842
0.025000 0.847584 0.873228 0.881842
0.050000 0.847584 0.873228 0.881842
0.075000 0.847584 0.873228 0.881842
0.100000 0.847584 0.873228 0.881842
0.125000 0.847584 0.873228 0.881842
0.150000 0.847584 0.873228 0.881842
0.175000 0.847584 0.873228 0.881842
0.200000 0.847584 0.873228 0.881842
0.225000 0.847584 0.873228 0.867727
0.250000 0.847584 0.873228 0.867727
0.275000 0.847584 0.857033 0.867727
0.300000 0.847584 0.857033 0.867727
0.325000 0.847584 0.857033 0.867727
0.350000 0.847584 0.857033 0.853195
0.375000 0.847584 0.857033 0.853195
0.400000 0.847584 0.857033 0.853195
0.425000 0.847584 0.839656 0.840587
0.450000 0.847584 0.839656 0.840587
0.475000 0.828523 0.839656 0.826040
0.500000 0.828523 0.839656 0.814476
0.525000 0.828523 0.824447 0.806763
0.550000 0.828523 0.824447 0.799629
0.575000 0.828523 0.807066 0.778363
0.600000 0.828523 0.792841 0.754924
0.625000 0.828523 0.782372 0.725779
0.650000 0.828523 0.773599 0.675005
0.675000 0.808003 0.746781 0.599481
0.700000 0.808003 0.708178 0.495904
0.725000 0.808003 0.634293 0.000000
0.750000 0.808003 0.435007 0.000000
0.775000 0.788776 0.000000 0.000000
0.800000 0.768435 0.000000 0.000000
0.825000 0.750777 0.000000 0.000000
0.850000 0.680892 0.000000 0.000000
0.875000 0.412175 0.000000 0.000000
0.900000 0.000000 0.000000 0.000000
0.925000 0.000000 0.000000 0.000000
0.950000 0.000000 0.000000 0.000000
0.975000 0.000000 0.000000 0.000000
1.000000 0.000000 0.000000 0.000000
